8 0.155446 0.936221 0.012268 0.007503
7 0.261969 0.938267 0.012268 0.013415
6 0.615350 0.938267 0.010473 0.017963
6 0.579743 0.938267 0.011071 0.018872
6 0.369689 0.937813 0.011071 0.017963
6 0.405595 0.936903 0.009874 0.018872
6 0.226960 0.936903 0.010473 0.019782
9 0.389138 0.882788 0.004488 0.020691
9 0.742220 0.831628 0.004488 0.038427
9 0.459455 0.823215 0.006284 0.021601
9 0.460952 0.770691 0.009276 0.031151
10 0.501945 0.767281 0.006284 0.005230
10 0.559994 0.716576 0.007481 0.002046
10 0.750299 0.715894 0.011071 0.005230
10 0.619240 0.715211 0.006284 0.004775
9 0.428636 0.709982 0.005685 0.011596
8 0.225464 0.706571 0.012268 0.007503
10 0.251197 0.629945 0.012268 0.005230
10 0.448085 0.629491 0.012268 0.005230
8 0.642280 0.629491 0.011670 0.007958
8 0.832885 0.628581 0.012268 0.007049
9 0.661730 0.586289 0.005087 0.015234
10 0.885548 0.573556 0.012268 0.005230
8 0.499850 0.573556 0.012867 0.007049
8 0.476511 0.578331 0.014063 0.019327
8 0.861011 0.573784 0.013465 0.012051
9 0.303561 0.569918 0.012867 0.037062
10 0.155745 0.523533 0.008079 0.004320
10 0.823908 0.522624 0.006284 0.004320
9 0.206314 0.525807 0.009874 0.028877
7 0.577648 0.513984 0.006882 0.027967
10 0.735338 0.471237 0.006284 0.003411
10 0.702124 0.461687 0.006882 0.005230
8 0.190455 0.460437 0.005685 0.020464
8 0.425045 0.455093 0.009276 0.023874
9 0.579443 0.457594 0.004488 0.029786
8 0.641682 0.399386 0.012867 0.007049
7 0.442101 0.402569 0.012268 0.013415
8 0.251496 0.399159 0.011670 0.007503
7 0.824806 0.400978 0.011670 0.011141
6 0.387941 0.401887 0.010473 0.019327
6 0.776332 0.400068 0.010473 0.018417
8 0.760772 0.320032 0.012867 0.007503
7 0.594105 0.322078 0.012268 0.014325
8 0.541741 0.318895 0.011670 0.008868
8 0.490575 0.319577 0.012268 0.009322
7 0.431029 0.321851 0.011670 0.013870
7 0.315230 0.319122 0.012268 0.009322
7 0.205715 0.321396 0.012268 0.013870
8 0.828995 0.317758 0.012867 0.007503
6 0.694345 0.320487 0.009276 0.017508
6 0.655745 0.320941 0.009874 0.018417
6 0.741622 0.320487 0.010473 0.018417
9 0.359216 0.266371 0.006882 0.017508
7 0.760473 0.262733 0.012268 0.007503
9 0.487882 0.267735 0.004488 0.031151
6 0.742819 0.263643 0.008079 0.017508
6 0.804159 0.262960 0.009874 0.017963
9 0.890036 0.199295 0.006882 0.008868
8 0.315530 0.195657 0.011670 0.010687
10 0.182077 0.191110 0.006882 0.004320
9 0.468432 0.153593 0.007481 0.021146
10 0.343956 0.150864 0.006284 0.002956
7 0.760772 0.138131 0.012867 0.007503
10 0.542938 0.136539 0.018851 0.005230
8 0.827798 0.135175 0.012867 0.007049
6 0.742220 0.138813 0.010473 0.017963
10 0.760473 0.080150 0.012268 0.005230
8 0.361610 0.079695 0.011670 0.008868
7 0.261969 0.082196 0.011071 0.014779
8 0.827199 0.077422 0.012867 0.007049
10 0.533962 0.074011 0.006882 0.004775
6 0.741622 0.079923 0.010473 0.020236
11 0.862956 0.953502 0.008977 0.006594
12 0.696589 0.953502 0.008977 0.006594
12 0.665021 0.953388 0.009276 0.006367
12 0.460802 0.952592 0.008977 0.006594
12 0.498803 0.952251 0.009575 0.006821
17 0.744764 0.945316 0.010174 0.006594
11 0.542639 0.944748 0.009874 0.006367
11 0.329743 0.933834 0.008977 0.006367
12 0.286655 0.931219 0.009575 0.005684
12 0.863256 0.896317 0.008378 0.005912
12 0.156493 0.892792 0.009575 0.006139
11 0.205266 0.890177 0.007780 0.004548
12 0.213196 0.874829 0.008677 0.005684
12 0.841113 0.888131 0.009575 0.005912
12 0.827648 0.882674 0.008977 0.005912
13 0.433273 0.882674 0.008977 0.005912
13 0.639886 0.882447 0.010473 0.006367
13 0.665769 0.879832 0.008977 0.005684
12 0.803860 0.877444 0.009276 0.006367
12 0.744016 0.877444 0.009276 0.006367
13 0.678336 0.877331 0.008977 0.006139
13 0.460952 0.877331 0.009276 0.006139
13 0.393327 0.877331 0.009276 0.006139
12 0.616697 0.876990 0.009575 0.006367
13 0.602184 0.876876 0.009276 0.006139
12 0.407092 0.877103 0.009874 0.006594
12 0.899312 0.874829 0.008677 0.005684
12 0.287552 0.874943 0.008977 0.005912
12 0.262717 0.874943 0.008977 0.005912
13 0.249402 0.874943 0.008677 0.005912
12 0.227558 0.874829 0.008677 0.005684
12 0.192101 0.874943 0.008977 0.005912
13 0.176990 0.875057 0.009276 0.006139
13 0.698534 0.871987 0.009276 0.006367
13 0.479952 0.871987 0.009575 0.006367
12 0.788151 0.869372 0.008977 0.006594
12 0.580640 0.869372 0.009276 0.006594
13 0.565679 0.869486 0.009276 0.006821
12 0.371783 0.869372 0.009276 0.006594
13 0.356523 0.869259 0.008677 0.006367
13 0.719479 0.866530 0.009276 0.006367
13 0.500150 0.866530 0.009276 0.006367
12 0.765260 0.863574 0.008677 0.005912
12 0.544734 0.863574 0.009276 0.006821
12 0.331538 0.863688 0.008977 0.007049
13 0.514811 0.860732 0.009276 0.006594
18 0.347247 0.833788 0.005685 0.003183
13 0.885996 0.828445 0.005984 0.003411
12 0.156942 0.827535 0.009276 0.005684
12 0.156942 0.833220 0.009276 0.005684
13 0.213794 0.822874 0.008677 0.005457
13 0.213794 0.828331 0.008677 0.005457
13 0.177887 0.822874 0.009874 0.005457
13 0.177887 0.828331 0.009874 0.005457
11 0.842011 0.822533 0.008977 0.005684
11 0.842011 0.828217 0.008977 0.005684
12 0.827199 0.822533 0.009276 0.005684
11 0.827199 0.828217 0.009276 0.005684
12 0.805057 0.822533 0.009276 0.005684
12 0.805057 0.828217 0.009276 0.005684
12 0.331688 0.822647 0.009276 0.005912
12 0.288001 0.822533 0.009276 0.005684
12 0.288001 0.828217 0.009276 0.005684
12 0.264213 0.822533 0.008378 0.005684
12 0.264213 0.828217 0.008378 0.005684
13 0.250898 0.822533 0.009276 0.005684
13 0.250898 0.828217 0.009276 0.005684
12 0.228306 0.822533 0.008977 0.005684
12 0.228306 0.828217 0.008977 0.005684
12 0.192998 0.822647 0.009575 0.005912
12 0.192998 0.828558 0.009575 0.005912
11 0.898564 0.819804 0.009575 0.005684
11 0.898564 0.825489 0.009575 0.005684
11 0.746858 0.816962 0.008977 0.005457
11 0.746858 0.822419 0.008977 0.005457
12 0.668013 0.817076 0.009276 0.005684
13 0.638989 0.817303 0.009874 0.006139
12 0.544434 0.817190 0.009276 0.005912
12 0.462597 0.816962 0.008378 0.005457
12 0.408288 0.817303 0.009276 0.006139
12 0.618193 0.816849 0.009575 0.006139
13 0.602035 0.816849 0.009575 0.006139
12 0.581239 0.816849 0.009276 0.006139
13 0.566577 0.816962 0.008677 0.006367
13 0.433573 0.816849 0.008977 0.006139
13 0.393178 0.816849 0.008977 0.006139
12 0.372831 0.817076 0.010174 0.006594
12 0.356523 0.816735 0.008677 0.005912
12 0.699731 0.814575 0.009276 0.006139
12 0.500598 0.814688 0.009575 0.006367
12 0.193597 0.781946 0.009575 0.006367
12 0.193597 0.773647 0.009575 0.006139
12 0.156344 0.781833 0.009276 0.006139
12 0.156344 0.787972 0.009276 0.006139
13 0.288001 0.781264 0.009276 0.005912
13 0.287702 0.773079 0.009874 0.005912
13 0.178636 0.781264 0.009575 0.005912
13 0.178486 0.773533 0.009276 0.005912
12 0.424895 0.779559 0.005386 0.003411
12 0.433573 0.762051 0.009575 0.005684
12 0.433573 0.767735 0.009575 0.005684
13 0.300269 0.781037 0.008677 0.006367
13 0.300269 0.787403 0.008677 0.006367
11 0.842011 0.775239 0.008977 0.005684
12 0.804309 0.775239 0.008977 0.005684
12 0.330790 0.775693 0.009874 0.006594
12 0.330491 0.767508 0.009874 0.006594
12 0.827499 0.775011 0.008677 0.006139
18 0.647816 0.772851 0.005984 0.003183
12 0.898863 0.769554 0.008977 0.006139
13 0.276182 0.767963 0.009575 0.005684
13 0.276182 0.773647 0.009575 0.005684
12 0.229204 0.767963 0.010174 0.005684
12 0.229204 0.773647 0.010174 0.005684
13 0.214093 0.767963 0.009874 0.005684
13 0.214093 0.773647 0.009874 0.005684
11 0.745811 0.766826 0.009276 0.006139
12 0.667714 0.764552 0.008677 0.005230
12 0.667714 0.769782 0.008677 0.005230
12 0.462597 0.764438 0.007780 0.005457
12 0.462597 0.769895 0.007780 0.005457
12 0.699880 0.764211 0.008977 0.005457
12 0.699880 0.769668 0.008977 0.005457
12 0.501047 0.764211 0.008079 0.005457
12 0.501047 0.769668 0.008079 0.005457
13 0.250449 0.762506 0.009575 0.005684
13 0.250449 0.768190 0.009575 0.005684
13 0.639288 0.761937 0.009276 0.005457
13 0.639288 0.767394 0.009276 0.005457
12 0.618193 0.762051 0.009575 0.005684
12 0.618193 0.767735 0.009575 0.005684
13 0.602633 0.762051 0.010174 0.005684
13 0.602633 0.767735 0.010174 0.005684
12 0.408288 0.762051 0.009276 0.005684
12 0.408288 0.767735 0.009276 0.005684
13 0.394375 0.762051 0.010174 0.005684
13 0.394375 0.767735 0.010174 0.005684
12 0.372831 0.762165 0.010174 0.005912
12 0.372831 0.768076 0.010174 0.005912
13 0.357421 0.762165 0.009276 0.005912
13 0.357421 0.768076 0.009276 0.005912
13 0.263315 0.762165 0.009575 0.005912
13 0.263315 0.768076 0.009575 0.005912
12 0.581987 0.761710 0.009575 0.005912
12 0.581987 0.767622 0.009575 0.005912
13 0.567175 0.761596 0.009874 0.005684
13 0.567175 0.767281 0.009874 0.005684
12 0.543836 0.761596 0.009874 0.005684
12 0.543836 0.767281 0.009874 0.005684
13 0.863854 0.717485 0.008977 0.005684
13 0.850239 0.717258 0.008677 0.006139
11 0.385099 0.711346 0.006583 0.003411
12 0.393028 0.699181 0.008677 0.006367
13 0.883752 0.712028 0.008079 0.005684
11 0.559695 0.711346 0.005685 0.004320
12 0.566876 0.699068 0.009276 0.006139
12 0.827050 0.709072 0.008977 0.006139
13 0.812837 0.709072 0.009276 0.006139
13 0.902304 0.706685 0.008677 0.005912
12 0.788151 0.704070 0.008977 0.006139
13 0.775733 0.703956 0.008677 0.005912
13 0.913824 0.701455 0.008378 0.005457
12 0.666517 0.699068 0.009276 0.006139
13 0.639737 0.698954 0.008977 0.005912
12 0.617744 0.698954 0.009276 0.005912
13 0.603381 0.699068 0.009276 0.006139
12 0.544135 0.699181 0.009276 0.006367
12 0.463046 0.699068 0.008677 0.006139
13 0.434171 0.699068 0.009575 0.006139
12 0.407840 0.699181 0.009575 0.006367
12 0.371484 0.699181 0.009874 0.006367
13 0.356074 0.699181 0.008977 0.006367
12 0.331239 0.699295 0.009575 0.006594
12 0.745212 0.698727 0.009276 0.006367
12 0.582286 0.698727 0.009575 0.006367
12 0.700180 0.696226 0.008977 0.005912
12 0.502543 0.696339 0.009276 0.006139
12 0.156344 0.586517 0.009276 0.006594
11 0.228606 0.584129 0.007181 0.004548
12 0.236984 0.568099 0.008977 0.006139
12 0.442101 0.578558 0.008677 0.006139
12 0.441951 0.565825 0.009575 0.006139
13 0.423250 0.578672 0.009276 0.006367
13 0.422202 0.565825 0.010174 0.006139
18 0.388241 0.578672 0.009874 0.006367
12 0.715889 0.575716 0.009276 0.005912
12 0.686565 0.575944 0.009874 0.006367
13 0.666966 0.575830 0.009575 0.006139
12 0.638839 0.575944 0.009575 0.006367
13 0.620437 0.575830 0.009874 0.006139
12 0.591861 0.575830 0.009575 0.006139
12 0.546230 0.575944 0.009874 0.006367
13 0.573459 0.575603 0.009276 0.006594
12 0.336026 0.568099 0.009575 0.006139
12 0.335577 0.556617 0.009874 0.006821
12 0.302962 0.567985 0.006882 0.005912
12 0.302962 0.556617 0.009276 0.006821
13 0.284261 0.568099 0.008977 0.006139
13 0.283812 0.557299 0.009276 0.006367
12 0.255087 0.568099 0.009874 0.006139
12 0.206613 0.568099 0.009276 0.006139
13 0.186415 0.568099 0.009575 0.006139
18 0.826601 0.567644 0.009874 0.006139
13 0.806553 0.567531 0.009276 0.005912
12 0.776780 0.567758 0.008977 0.006367
12 0.442250 0.526035 0.008378 0.005684
12 0.442250 0.513074 0.008977 0.006139
13 0.424147 0.526035 0.008677 0.005684
13 0.423998 0.513074 0.009575 0.006139
12 0.776780 0.526035 0.009575 0.006594
12 0.776631 0.517849 0.009276 0.005684
12 0.386744 0.523533 0.009276 0.006139
12 0.395721 0.526717 0.009276 0.006139
13 0.351586 0.521032 0.009575 0.006594
12 0.157391 0.520578 0.008977 0.005684
12 0.157391 0.526262 0.008977 0.005684
11 0.826601 0.520009 0.009276 0.005457
12 0.826601 0.525466 0.009276 0.005457
13 0.806553 0.520123 0.008677 0.005684
13 0.806553 0.525807 0.008677 0.005684
13 0.619988 0.518304 0.008977 0.005684
13 0.619988 0.523988 0.008977 0.005684
12 0.593956 0.518304 0.009575 0.005684
12 0.593956 0.523988 0.009575 0.005684
12 0.717086 0.517849 0.010473 0.005684
12 0.717086 0.523533 0.010473 0.005684
12 0.686864 0.517963 0.009874 0.005912
12 0.686864 0.523874 0.009874 0.005912
13 0.668312 0.517849 0.009874 0.005684
13 0.668312 0.523533 0.009874 0.005684
12 0.640634 0.517963 0.010174 0.005912
12 0.640634 0.523874 0.010174 0.005912
13 0.575105 0.517963 0.008977 0.005912
13 0.575105 0.523874 0.008977 0.005912
12 0.546080 0.517963 0.009575 0.005912
12 0.546080 0.523874 0.009575 0.005912
13 0.187762 0.516598 0.009874 0.005002
13 0.187762 0.521601 0.009874 0.005002
13 0.336475 0.515689 0.008677 0.005912
12 0.256882 0.515689 0.009276 0.005912
12 0.256433 0.507731 0.009575 0.006367
12 0.207062 0.515234 0.008977 0.005002
12 0.207062 0.520236 0.008977 0.005002
13 0.238330 0.515348 0.009276 0.006139
13 0.237732 0.507958 0.009276 0.005912
13 0.319420 0.507844 0.009874 0.006594
17 0.885847 0.507276 0.009874 0.006367
12 0.861161 0.507049 0.009575 0.005912
13 0.468133 0.508072 0.009276 0.006139
12 0.476511 0.505343 0.009276 0.006139
18 0.490874 0.508527 0.009276 0.006139
17 0.500150 0.504434 0.009276 0.006139
13 0.285009 0.503183 0.009874 0.006367
13 0.303411 0.502956 0.009575 0.006821
12 0.546529 0.477149 0.009276 0.006139
12 0.545931 0.468622 0.008677 0.005457
13 0.734740 0.474534 0.008677 0.005457
13 0.734889 0.468736 0.009575 0.005684
12 0.777379 0.474079 0.008977 0.005457
12 0.776930 0.465666 0.009276 0.005912
13 0.352184 0.474420 0.008378 0.006139
12 0.157690 0.474420 0.009575 0.006139
12 0.388540 0.471351 0.010473 0.006367
11 0.276182 0.469986 0.006583 0.004548
12 0.285159 0.455434 0.009575 0.006367
13 0.187463 0.466235 0.009276 0.006139
18 0.187313 0.455207 0.005984 0.004093
12 0.336176 0.466007 0.009276 0.006594
12 0.205715 0.466007 0.009276 0.006594
13 0.575254 0.463392 0.008079 0.005002
13 0.575254 0.468395 0.008079 0.005002
13 0.717684 0.463279 0.009276 0.005684
13 0.717684 0.468963 0.009276 0.005684
12 0.593656 0.463165 0.008977 0.005457
12 0.593656 0.468622 0.008977 0.005457
18 0.441951 0.463392 0.009575 0.005912
13 0.423549 0.463392 0.009276 0.005912
13 0.319420 0.460891 0.009874 0.006367
13 0.237283 0.460891 0.009575 0.006367
12 0.826750 0.459982 0.009575 0.005457
12 0.826750 0.465439 0.009575 0.005457
13 0.806852 0.460095 0.008677 0.005684
13 0.806852 0.465780 0.008677 0.005684
12 0.256433 0.460664 0.009575 0.006821
13 0.687762 0.457822 0.008677 0.004775
13 0.687014 0.452592 0.008977 0.005230
13 0.620437 0.458049 0.008677 0.005230
13 0.620437 0.463279 0.008677 0.005230
12 0.476810 0.458276 0.008677 0.005684
12 0.476212 0.443952 0.009874 0.006139
12 0.639587 0.458049 0.008677 0.005684
12 0.639587 0.463734 0.008677 0.005684
13 0.703621 0.457594 0.008677 0.005230
13 0.703621 0.462824 0.008677 0.005230
17 0.499551 0.458163 0.008677 0.006367
12 0.498803 0.445202 0.009575 0.006821
13 0.304458 0.455434 0.009874 0.006367
12 0.860712 0.454752 0.009276 0.005912
12 0.860413 0.440427 0.008677 0.006367
13 0.669060 0.452706 0.008977 0.005457
13 0.669060 0.458163 0.008977 0.005457
17 0.886146 0.453615 0.009874 0.008186
17 0.884650 0.439973 0.009276 0.007276
17 0.499402 0.394839 0.010174 0.007049
17 0.885248 0.388927 0.009276 0.007049
12 0.860712 0.388813 0.009276 0.006821
18 0.476062 0.376648 0.009575 0.006139
18 0.884949 0.370850 0.009874 0.006367
18 0.859814 0.370282 0.009276 0.006139
11 0.521544 0.327535 0.009575 0.006139
11 0.723668 0.327194 0.009276 0.006367
11 0.673698 0.327308 0.009874 0.006594
11 0.638241 0.327308 0.009575 0.006594
11 0.572412 0.327308 0.009575 0.006594
11 0.468282 0.327194 0.009575 0.006367
11 0.409485 0.327308 0.009276 0.006594
12 0.344554 0.327080 0.009874 0.006139
11 0.291592 0.327080 0.009276 0.006139
11 0.182675 0.327080 0.009276 0.006139
12 0.239078 0.326739 0.008977 0.006367
18 0.914123 0.318668 0.007181 0.004775
12 0.914722 0.313097 0.007780 0.005457
12 0.263914 0.308549 0.008378 0.005457
12 0.362507 0.308436 0.008677 0.006139
11 0.542490 0.281605 0.009575 0.006139
12 0.542340 0.267508 0.009276 0.006139
11 0.723369 0.270123 0.009276 0.005912
11 0.695691 0.270236 0.009575 0.006139
17 0.657989 0.270578 0.009575 0.006821
11 0.637941 0.270236 0.008977 0.006139
12 0.410383 0.270236 0.009874 0.006139
12 0.410233 0.259663 0.009575 0.005912
12 0.593507 0.267508 0.009276 0.006139
17 0.593956 0.281719 0.010174 0.006367
12 0.573459 0.264552 0.009276 0.005684
18 0.573459 0.270236 0.009276 0.005684
11 0.521394 0.270236 0.009276 0.005684
12 0.521394 0.264552 0.009276 0.005684
13 0.362059 0.261937 0.008977 0.005912
12 0.469479 0.259436 0.009575 0.006367
13 0.469479 0.270350 0.009575 0.006367
12 0.344554 0.259436 0.009276 0.006367
12 0.491173 0.256821 0.008677 0.005684
12 0.491173 0.262506 0.008677 0.005684
12 0.432077 0.256708 0.008977 0.005457
12 0.432077 0.262165 0.008977 0.005457
13 0.382555 0.256935 0.008079 0.005912
18 0.914572 0.260914 0.008079 0.005230
18 0.914572 0.255684 0.008079 0.005230
11 0.825254 0.251251 0.008977 0.005457
11 0.183273 0.251478 0.009276 0.005912
11 0.863854 0.251023 0.008977 0.005912
11 0.844554 0.251023 0.009276 0.005912
17 0.240575 0.250910 0.008977 0.006594
11 0.723070 0.208276 0.009276 0.005912
11 0.723070 0.214188 0.009276 0.005912
11 0.695691 0.208163 0.009575 0.005684
11 0.695691 0.213847 0.009575 0.005684
11 0.639138 0.208390 0.009575 0.006139
11 0.639288 0.200432 0.009276 0.005684
12 0.573010 0.208049 0.009575 0.006367
17 0.658288 0.207367 0.010174 0.005912
17 0.658288 0.213279 0.010174 0.005912
12 0.593507 0.205889 0.008677 0.005684
12 0.541891 0.205889 0.008378 0.005684
11 0.760024 0.200432 0.008977 0.005684
11 0.804159 0.200205 0.009276 0.006139
11 0.776182 0.200205 0.008977 0.006139
11 0.742220 0.200205 0.009276 0.006139
11 0.344105 0.200205 0.009575 0.006139
18 0.408887 0.199750 0.009276 0.006139
18 0.413974 0.199750 0.009276 0.006139
13 0.261670 0.197590 0.009276 0.006367
12 0.291891 0.194748 0.009276 0.005230
12 0.238480 0.194748 0.009575 0.006139
17 0.277229 0.192474 0.009276 0.006139
12 0.204967 0.191792 0.009575 0.005684
12 0.204967 0.197476 0.009575 0.005684
12 0.184470 0.188950 0.009276 0.005457
12 0.184470 0.194407 0.009276 0.005457
18 0.430281 0.187131 0.008977 0.005457
11 0.845153 0.182697 0.009276 0.006594
11 0.864303 0.181446 0.009276 0.005912
11 0.825853 0.181787 0.010174 0.006594
12 0.592759 0.162915 0.009575 0.006139
13 0.542938 0.162574 0.009276 0.006367
11 0.695242 0.160186 0.009874 0.007049
12 0.572561 0.160073 0.009276 0.006821
17 0.658588 0.159959 0.009575 0.007503
11 0.638839 0.159618 0.009575 0.006821
11 0.722472 0.159504 0.009874 0.007503
12 0.520646 0.153593 0.008977 0.006594
12 0.520646 0.160186 0.008977 0.006594
12 0.470227 0.153365 0.008677 0.006139
12 0.470227 0.159504 0.008677 0.006139
12 0.409635 0.153593 0.008378 0.006594
12 0.409635 0.160186 0.008378 0.006594
12 0.491622 0.150409 0.008977 0.005684
12 0.491622 0.156094 0.008977 0.005684
12 0.432226 0.150409 0.009276 0.005684
12 0.432226 0.156094 0.009276 0.005684
12 0.362657 0.150637 0.009575 0.006139
12 0.362657 0.156776 0.009575 0.006139
12 0.292041 0.147908 0.008977 0.006139
12 0.292041 0.139836 0.010174 0.006367
12 0.239378 0.147908 0.008977 0.006139
12 0.238031 0.139723 0.009874 0.006139
12 0.344704 0.147453 0.008977 0.006139
11 0.344704 0.153593 0.008977 0.006139
18 0.315081 0.144952 0.009575 0.005684
12 0.315081 0.150637 0.009575 0.005684
12 0.263315 0.144611 0.009575 0.005912
12 0.263315 0.150523 0.009575 0.005912
12 0.205865 0.144952 0.008977 0.006594
12 0.205266 0.136539 0.009575 0.006139
18 0.151855 0.137108 0.006284 0.003638
12 0.184022 0.133925 0.009575 0.006367
13 0.592011 0.100159 0.010473 0.006139
13 0.539946 0.099818 0.010473 0.006367
17 0.657391 0.097090 0.009575 0.006367
11 0.636894 0.096976 0.009276 0.006139
12 0.571364 0.096862 0.008677 0.005912
11 0.722472 0.096066 0.009276 0.006139
11 0.693896 0.096294 0.009575 0.006594
12 0.606373 0.093793 0.009874 0.006139
13 0.554907 0.093679 0.009276 0.005912
13 0.489527 0.093452 0.008977 0.006367
13 0.431179 0.093338 0.009575 0.006139
12 0.519449 0.091291 0.008977 0.005684
12 0.469031 0.090950 0.008677 0.005912
12 0.407989 0.090609 0.008079 0.005684
13 0.502693 0.088449 0.008977 0.006367
12 0.452723 0.088336 0.009575 0.006139
13 0.313136 0.079468 0.009276 0.005684
12 0.343656 0.077194 0.009276 0.006594
12 0.290694 0.076967 0.009874 0.006139
18 0.888839 0.075148 0.005685 0.003411
13 0.327947 0.074125 0.008977 0.005912
12 0.152005 0.073784 0.007780 0.005230
11 0.152005 0.079013 0.007780 0.005230
13 0.202274 0.073670 0.008977 0.005912
12 0.238480 0.071282 0.009575 0.006594
12 0.182077 0.070828 0.009276 0.006594
12 0.914572 0.070714 0.006882 0.009095
12 0.225015 0.068327 0.008977 0.006139
0 0.103980 0.824125 0.023040 0.024329
1 0.103680 0.076967 0.022442 0.035243
3 0.890934 0.134493 0.007481 0.012960
2 0.103381 0.575148 0.019449 0.021146
0 0.104578 0.195657 0.023040 0.024329
3 0.214692 0.067190 0.007481 0.019327
4 0.531867 0.162688 0.009874 0.015689
4 0.103680 0.135402 0.022442 0.032970
1 0.105775 0.400978 0.021843 0.039336
3 0.195242 0.146771 0.006882 0.015689
4 0.874177 0.711573 0.008677 0.012051
1 0.105476 0.457594 0.022442 0.035243
2 0.103680 0.320032 0.017654 0.021146
4 0.128815 0.509663 0.009276 0.013870
3 0.372382 0.255684 0.008079 0.018872
5 0.531867 0.199977 0.007481 0.010232
4 0.128217 0.570146 0.009276 0.015689
4 0.128516 0.127444 0.008677 0.012506
3 0.890335 0.873010 0.007481 0.019327
4 0.129414 0.450091 0.009276 0.016598
4 0.128217 0.699750 0.009276 0.016598
4 0.128516 0.315484 0.008677 0.015689
1 0.104279 0.706116 0.021245 0.034789
3 0.688061 0.812301 0.007481 0.016144
4 0.422651 0.882106 0.009276 0.015689
4 0.452274 0.763188 0.009874 0.013415
4 0.532466 0.762278 0.009874 0.014325
3 0.489976 0.813665 0.007481 0.020691
4 0.885847 0.767963 0.009276 0.012960
4 0.817923 0.881423 0.009874 0.013415
3 0.442699 0.089472 0.007481 0.014779
4 0.532466 0.862096 0.008677 0.011141
4 0.688360 0.871191 0.009276 0.013870
4 0.318821 0.861869 0.009874 0.015234
4 0.764662 0.704752 0.009874 0.014779
5 0.421155 0.254093 0.007481 0.014779
2 0.105775 0.262506 0.013465 0.018872
4 0.347247 0.761141 0.009276 0.016598
4 0.128815 0.815939 0.009276 0.015234
4 0.130311 0.391883 0.008677 0.014779
4 0.128516 0.626990 0.009874 0.014779
2 0.103680 0.880514 0.017654 0.019782
2 0.103381 0.936676 0.018253 0.019327
1 0.104279 0.764325 0.021245 0.035698
0 0.104877 0.517167 0.022442 0.025239
4 0.129114 0.933492 0.008677 0.013870
4 0.128217 0.757049 0.009276 0.017508
2 0.105177 0.632219 0.015859 0.019782
4 0.490126 0.866758 0.008378 0.016371
3 0.896170 0.253752 0.006583 0.015462
4 0.135847 0.079809 0.008378 0.013188
0 0.127768 0.069804 0.008977 0.011369
4 0.129862 0.257390 0.008378 0.013643
4 0.137642 0.324920 0.008378 0.014097
3 0.904847 0.322874 0.004788 0.012733
3 0.896768 0.313552 0.006583 0.015916
4 0.129114 0.187585 0.009276 0.015007
4 0.137193 0.195771 0.009276 0.015007
4 0.145123 0.184857 0.008977 0.015007
5 0.314333 0.820373 0.009276 0.014097
4 0.319270 0.820373 0.008977 0.014097