10 0.850688 0.950887 0.005984 0.003183
10 0.440754 0.947931 0.020347 0.001819
10 0.398863 0.948386 0.010772 0.002729
10 0.377917 0.947704 0.021544 0.004093
10 0.511969 0.946567 0.007181 0.002729
7 0.172651 0.946908 0.011969 0.012960
7 0.595751 0.946453 0.011969 0.012960
7 0.541891 0.946226 0.011969 0.013415
8 0.277080 0.902228 0.011370 0.017735
7 0.595751 0.905753 0.011969 0.013415
7 0.540694 0.905070 0.011969 0.012960
7 0.171454 0.905753 0.011969 0.013415
10 0.736984 0.891542 0.008378 0.002729
9 0.392579 0.895862 0.004189 0.020919
8 0.917714 0.893474 0.010772 0.017963
7 0.715141 0.866417 0.010174 0.009322
8 0.194195 0.855957 0.011969 0.006594
7 0.526332 0.858458 0.011969 0.013415
10 0.291741 0.855389 0.011969 0.005002
8 0.398863 0.855048 0.011969 0.006594
6 0.487433 0.857549 0.009575 0.017963
10 0.394375 0.815143 0.043686 0.004548
8 0.542490 0.815257 0.013166 0.013415
9 0.419210 0.801501 0.010772 0.026830
9 0.266607 0.802751 0.009575 0.031151
9 0.363854 0.802751 0.011370 0.031151
8 0.175344 0.797294 0.006583 0.021146
9 0.596649 0.795930 0.011370 0.041155
10 0.865051 0.758299 0.005984 0.001819
7 0.541891 0.761369 0.011969 0.013870
10 0.856074 0.756480 0.011969 0.003638
10 0.435368 0.754889 0.019150 0.005002
10 0.447038 0.750114 0.007780 0.003638
10 0.873728 0.735789 0.006583 0.002274
10 0.598743 0.734879 0.007181 0.002274
10 0.781269 0.696680 0.005984 0.005002
7 0.896170 0.694293 0.011969 0.013415
7 0.573010 0.694293 0.011969 0.013415
8 0.507780 0.690882 0.011969 0.006594
8 0.397666 0.690427 0.011969 0.006594
8 0.291442 0.690427 0.011370 0.006594
10 0.194494 0.690314 0.012567 0.005002
9 0.792041 0.682810 0.004788 0.026830
10 0.477858 0.661892 0.005984 0.001819
10 0.775883 0.652115 0.013166 0.003183
7 0.521843 0.650182 0.011370 0.013415
7 0.573908 0.649500 0.011370 0.012960
7 0.171454 0.649727 0.011969 0.013415
10 0.815978 0.645521 0.005984 0.004548
10 0.375524 0.636880 0.007181 0.002729
8 0.390186 0.645634 0.008977 0.026148
9 0.362358 0.646089 0.009575 0.024329
9 0.865051 0.636767 0.013166 0.025693
10 0.267205 0.619372 0.005984 0.002274
7 0.172053 0.603797 0.011969 0.013415
7 0.522741 0.603797 0.011969 0.013415
8 0.683423 0.599932 0.012567 0.006594
8 0.598743 0.600159 0.011969 0.007049
8 0.779174 0.599477 0.011370 0.006594
8 0.880910 0.599022 0.012567 0.006594
10 0.801017 0.565484 0.010772 0.001819
10 0.353381 0.562074 0.005984 0.004093
8 0.520946 0.564234 0.011969 0.013415
8 0.893776 0.563097 0.013166 0.013870
10 0.500598 0.550023 0.005984 0.001819
8 0.702274 0.548772 0.009575 0.008868
10 0.760024 0.547067 0.006583 0.005002
10 0.498205 0.526944 0.008378 0.002501
10 0.804010 0.516940 0.007181 0.001592
10 0.756134 0.515916 0.011969 0.004548
8 0.895572 0.513984 0.013166 0.012051
10 0.506583 0.506139 0.007181 0.003183
10 0.377319 0.503638 0.008378 0.004548
8 0.191801 0.453274 0.011969 0.007049
10 0.763016 0.452933 0.012567 0.005002
8 0.664871 0.453047 0.012567 0.006594
8 0.574806 0.453047 0.011969 0.006594
8 0.480251 0.453047 0.011969 0.006594
8 0.369240 0.453047 0.012567 0.006594
8 0.275284 0.453047 0.012567 0.006594
8 0.873429 0.452592 0.011969 0.006594
7 0.888390 0.418713 0.011969 0.013415
7 0.484740 0.417349 0.011370 0.012506
7 0.549970 0.417121 0.011370 0.012960
7 0.251646 0.417121 0.011969 0.012960
7 0.168761 0.417576 0.011370 0.013870
7 0.812388 0.410414 0.007181 0.020919
9 0.648115 0.376307 0.004189 0.017735
7 0.549072 0.368918 0.011969 0.012960
10 0.480251 0.365621 0.011969 0.005002
10 0.371035 0.365621 0.012567 0.005002
10 0.271993 0.365621 0.011969 0.005002
10 0.192101 0.365621 0.012567 0.005002
10 0.885398 0.365166 0.007181 0.005002
10 0.287852 0.328786 0.006583 0.004093
10 0.838719 0.326739 0.005984 0.003638
10 0.760323 0.326057 0.005984 0.004093
10 0.634351 0.324238 0.006583 0.004093
10 0.550868 0.324011 0.005984 0.003638
8 0.482944 0.326171 0.011370 0.012960
10 0.741771 0.306730 0.014363 0.002729
8 0.886595 0.285471 0.011969 0.013415
8 0.483543 0.285925 0.012567 0.013415
9 0.806104 0.274216 0.004189 0.023647
10 0.747157 0.268759 0.009575 0.004093
10 0.885996 0.225557 0.011969 0.005002
8 0.786056 0.225216 0.011969 0.006594
8 0.696290 0.225216 0.011969 0.006594
8 0.595452 0.224761 0.010174 0.006594
8 0.495512 0.224761 0.012567 0.006594
8 0.407241 0.224534 0.011969 0.007049
8 0.312986 0.224307 0.012567 0.006594
8 0.203172 0.224307 0.011969 0.006594
7 0.905147 0.189745 0.011969 0.013870
8 0.669060 0.186335 0.011370 0.007049
7 0.562837 0.188836 0.011969 0.012960
8 0.494913 0.185198 0.011370 0.006594
8 0.409037 0.184743 0.011969 0.006594
10 0.315679 0.184629 0.011969 0.005002
10 0.201676 0.184175 0.011370 0.005002
10 0.886595 0.145066 0.011969 0.005002
8 0.785458 0.144952 0.011969 0.007049
8 0.696290 0.144725 0.011969 0.006594
8 0.596948 0.144725 0.011969 0.006594
10 0.495811 0.144611 0.011969 0.005002
8 0.408438 0.144043 0.011969 0.007049
10 0.315978 0.143702 0.012567 0.005002
10 0.202274 0.143247 0.012567 0.005002
8 0.627169 0.115621 0.008977 0.007503
8 0.494614 0.104934 0.011969 0.007958
10 0.407540 0.104138 0.012567 0.005002
7 0.314782 0.104707 0.012567 0.008413
10 0.201376 0.103229 0.010772 0.005002
10 0.815380 0.099022 0.005984 0.001592
10 0.766906 0.099136 0.007181 0.002274
6 0.462298 0.105616 0.009575 0.017508
10 0.781867 0.096635 0.011969 0.001819
10 0.830940 0.096407 0.007181 0.002274
8 0.228306 0.066508 0.010772 0.013870
8 0.508378 0.060709 0.013166 0.027285
7 0.480551 0.062869 0.011370 0.013870
7 0.436266 0.062642 0.011370 0.013415
7 0.404847 0.062187 0.010772 0.013415
8 0.297726 0.064234 0.013166 0.018417
8 0.183423 0.066508 0.011969 0.013870
9 0.830640 0.059459 0.011370 0.030696
10 0.616098 0.045930 0.009575 0.004093
7 0.788151 0.056048 0.012567 0.026603
13 0.722172 0.952365 0.009874 0.006139
12 0.808498 0.951910 0.010174 0.006139
12 0.761819 0.951910 0.009575 0.006139
12 0.745212 0.951910 0.010473 0.006139
13 0.850239 0.949068 0.009874 0.005912
11 0.619539 0.946908 0.009276 0.006139
13 0.916367 0.946226 0.010473 0.006594
12 0.872382 0.946226 0.009874 0.006594
17 0.901855 0.944293 0.007181 0.004548
11 0.901855 0.948840 0.007181 0.004548
12 0.697786 0.944634 0.008977 0.005230
12 0.653651 0.944634 0.009276 0.006139
12 0.635398 0.944748 0.009276 0.006367
11 0.315978 0.933947 0.008977 0.005684
13 0.290245 0.934061 0.008378 0.005912
12 0.363704 0.933947 0.009874 0.006594
13 0.395721 0.930991 0.008677 0.006139
12 0.195542 0.929968 0.009276 0.006367
13 0.460054 0.929286 0.008677 0.006367
12 0.420557 0.929172 0.008677 0.006139
12 0.487732 0.929059 0.010174 0.006821
12 0.526780 0.927126 0.009276 0.005684
12 0.268552 0.927126 0.008677 0.006594
11 0.210802 0.926899 0.009276 0.006139
12 0.508229 0.926558 0.009276 0.006367
12 0.808797 0.910982 0.009575 0.006139
12 0.762118 0.910982 0.009575 0.006139
12 0.744614 0.910982 0.009276 0.006139
13 0.722172 0.910982 0.009874 0.006139
18 0.902154 0.908026 0.008378 0.004775
12 0.902902 0.902683 0.007481 0.004093
13 0.849940 0.908709 0.010473 0.006139
13 0.917265 0.905525 0.009874 0.006139
12 0.872083 0.905525 0.010473 0.006139
12 0.617893 0.905525 0.010174 0.006139
12 0.697786 0.903251 0.010174 0.005230
12 0.635996 0.903251 0.009874 0.005230
12 0.653202 0.903024 0.009575 0.005684
12 0.363405 0.892792 0.009276 0.006139
11 0.316427 0.892678 0.009874 0.005912
13 0.290844 0.892792 0.009575 0.006139
13 0.396619 0.890064 0.008677 0.006139
12 0.489976 0.888472 0.009874 0.006594
13 0.459156 0.887790 0.008079 0.007049
12 0.195392 0.887790 0.009575 0.007049
12 0.421753 0.887108 0.009874 0.007503
12 0.528276 0.885516 0.008677 0.006139
12 0.508079 0.885630 0.008977 0.006367
11 0.211101 0.885516 0.008677 0.006139
12 0.265560 0.884834 0.008677 0.006594
12 0.900209 0.876990 0.008079 0.006367
13 0.872681 0.877103 0.009276 0.006594
13 0.837971 0.876876 0.009276 0.007049
13 0.809545 0.869259 0.009874 0.006367
13 0.916667 0.859027 0.009874 0.005912
18 0.886595 0.859141 0.009575 0.006139
13 0.852783 0.859141 0.010174 0.006139
13 0.544434 0.854025 0.009874 0.005912
13 0.700928 0.854252 0.010473 0.007276
13 0.598893 0.854138 0.011071 0.007049
13 0.823309 0.851637 0.009874 0.005684
13 0.566278 0.836403 0.009276 0.007049
13 0.745811 0.835380 0.010473 0.007731
13 0.637642 0.835380 0.010174 0.007731
12 0.459007 0.795134 0.008378 0.005457
12 0.459007 0.800591 0.008378 0.005457
12 0.329294 0.794225 0.009276 0.006367
13 0.916517 0.800705 0.008378 0.005684
13 0.917115 0.783424 0.009575 0.007503
12 0.667415 0.800705 0.009276 0.005684
12 0.666517 0.782628 0.008677 0.006821
12 0.565081 0.800819 0.006882 0.005912
12 0.565380 0.782970 0.008677 0.006594
13 0.852932 0.800364 0.008079 0.005912
13 0.852035 0.783197 0.008677 0.007049
12 0.778127 0.800477 0.009276 0.006139
12 0.778576 0.782970 0.008977 0.007503
13 0.906493 0.798317 0.007481 0.004548
13 0.906493 0.802865 0.007481 0.004548
12 0.871634 0.798204 0.007181 0.006139
11 0.597995 0.798090 0.008079 0.005912
12 0.508677 0.797863 0.010174 0.005457
12 0.508677 0.803320 0.010174 0.005457
12 0.528276 0.797522 0.008677 0.005684
12 0.528276 0.803206 0.008677 0.005684
11 0.698833 0.797863 0.008677 0.006821
12 0.809396 0.797749 0.008378 0.007049
12 0.488480 0.794793 0.009276 0.005684
12 0.488480 0.800477 0.009276 0.005684
13 0.397367 0.794793 0.008378 0.005684
13 0.397367 0.800477 0.008378 0.005684
12 0.227409 0.794452 0.009575 0.005912
12 0.227409 0.800364 0.009575 0.005912
12 0.420257 0.792406 0.009276 0.005457
12 0.420257 0.797863 0.009276 0.005457
12 0.364004 0.791724 0.009276 0.005912
12 0.364004 0.797635 0.009276 0.005912
11 0.267953 0.791724 0.009874 0.005912
11 0.267953 0.797635 0.009874 0.005912
11 0.174147 0.791837 0.008977 0.006139
11 0.174147 0.797976 0.008977 0.006139
18 0.596798 0.780014 0.009276 0.006139
11 0.597397 0.738859 0.009276 0.007503
17 0.562238 0.768645 0.011370 0.007049
12 0.565679 0.741814 0.009276 0.006139
12 0.667415 0.742156 0.008079 0.005912
13 0.916966 0.741587 0.008079 0.005684
13 0.851885 0.741814 0.008378 0.006139
12 0.777828 0.741814 0.008677 0.006139
12 0.871933 0.739200 0.007780 0.007276
18 0.871783 0.780468 0.009874 0.006139
12 0.810144 0.738745 0.007481 0.007276
18 0.808199 0.780014 0.009575 0.006139
11 0.701676 0.739086 0.008378 0.007958
18 0.698534 0.780468 0.009276 0.006139
12 0.508528 0.732037 0.009874 0.005684
12 0.528576 0.731696 0.009276 0.005912
12 0.490874 0.728627 0.009276 0.007049
13 0.459156 0.728627 0.008079 0.007049
12 0.329593 0.728627 0.008677 0.007049
13 0.398115 0.728172 0.009276 0.007049
12 0.227558 0.727945 0.008079 0.006594
18 0.172352 0.725898 0.008977 0.006139
18 0.419060 0.725671 0.009276 0.006594
18 0.364004 0.725443 0.009276 0.006139
18 0.268253 0.725443 0.009276 0.006139
18 0.668013 0.724875 0.009276 0.006821
18 0.778426 0.724307 0.009874 0.006594
18 0.852932 0.723852 0.009276 0.006594
18 0.565081 0.723283 0.009276 0.005457
18 0.917265 0.723624 0.009874 0.007049
18 0.596798 0.721805 0.009276 0.006139
18 0.872382 0.721351 0.009874 0.006139
18 0.700778 0.720896 0.008977 0.006139
18 0.810144 0.720441 0.009874 0.006139
12 0.678636 0.682242 0.009575 0.006139
12 0.145272 0.692701 0.007481 0.008868
11 0.703022 0.682469 0.009874 0.005684
12 0.743716 0.681560 0.009874 0.004775
12 0.773040 0.679854 0.009874 0.005912
12 0.850539 0.676671 0.009276 0.006821
13 0.826601 0.676785 0.009276 0.007049
12 0.597846 0.676671 0.009575 0.006821
12 0.797576 0.676216 0.009874 0.006821
12 0.880311 0.674739 0.008977 0.005684
12 0.656194 0.674966 0.008977 0.006139
11 0.616547 0.674966 0.009276 0.006139
12 0.864303 0.674284 0.008677 0.005684
12 0.354578 0.654957 0.009575 0.006139
11 0.311191 0.654957 0.009575 0.006139
13 0.287104 0.654957 0.009874 0.006139
13 0.389138 0.652910 0.009276 0.006594
12 0.678187 0.636539 0.009276 0.006594
13 0.449132 0.649955 0.010174 0.006139
12 0.412478 0.649955 0.010473 0.006139
12 0.195542 0.649727 0.011071 0.006594
12 0.506732 0.647453 0.009874 0.005684
12 0.491771 0.647567 0.009874 0.005912
12 0.477409 0.647681 0.009874 0.006139
11 0.212896 0.647453 0.009874 0.005684
12 0.826601 0.631082 0.009276 0.006594
12 0.264961 0.647226 0.009874 0.006139
12 0.742669 0.636767 0.009575 0.006139
11 0.703920 0.636767 0.009276 0.006139
13 0.771245 0.633129 0.009874 0.006139
13 0.598594 0.631310 0.009276 0.007049
12 0.794883 0.630855 0.009276 0.007049
12 0.849342 0.630628 0.009276 0.007503
11 0.616248 0.628695 0.009874 0.005457
12 0.880461 0.628467 0.008079 0.005912
12 0.864602 0.628581 0.009874 0.006139
12 0.655745 0.628581 0.009874 0.006139
12 0.389288 0.604252 0.009575 0.005684
11 0.441053 0.616758 0.007780 0.007049
11 0.448384 0.601864 0.008079 0.005457
11 0.312687 0.607094 0.009575 0.005912
12 0.288600 0.606980 0.009276 0.005684
12 0.354578 0.606753 0.009575 0.006139
12 0.194195 0.601864 0.008378 0.005912
12 0.412926 0.601751 0.008977 0.006139
11 0.211999 0.599477 0.009276 0.006139
12 0.505835 0.599022 0.009276 0.006139
12 0.492968 0.599022 0.009874 0.006139
12 0.478306 0.599022 0.010473 0.006139
12 0.263465 0.599136 0.009276 0.006367
12 0.323609 0.567644 0.008677 0.005230
12 0.323459 0.562187 0.007181 0.005230
11 0.263914 0.566053 0.008977 0.005684
11 0.263465 0.559459 0.009276 0.006139
12 0.490275 0.564575 0.009276 0.005457
12 0.490275 0.570032 0.009276 0.005457
12 0.505984 0.564234 0.010174 0.005684
12 0.505984 0.569918 0.010174 0.005684
12 0.475613 0.562187 0.008677 0.005230
12 0.475613 0.567417 0.008677 0.005230
13 0.447636 0.562187 0.008977 0.005230
13 0.447636 0.567417 0.008977 0.005230
13 0.390485 0.562187 0.008378 0.005230
13 0.390485 0.567417 0.008378 0.005230
12 0.228007 0.561960 0.008977 0.005684
12 0.228007 0.567644 0.008977 0.005684
11 0.817624 0.561619 0.009276 0.006821
12 0.826900 0.548317 0.009874 0.006594
11 0.172501 0.559573 0.009276 0.005457
12 0.172501 0.565030 0.009276 0.005457
12 0.412029 0.559118 0.009575 0.005457
12 0.412029 0.564575 0.009575 0.005457
12 0.354129 0.559231 0.009874 0.005684
12 0.354129 0.564916 0.009874 0.005684
12 0.864452 0.551046 0.008977 0.005684
12 0.878067 0.550819 0.009276 0.006139
12 0.628815 0.549000 0.009874 0.006139
12 0.547726 0.549227 0.009276 0.006594
13 0.772442 0.548545 0.009874 0.006139
12 0.716637 0.548772 0.009575 0.006594
12 0.852334 0.548204 0.009276 0.006367
11 0.576900 0.546726 0.010174 0.006139
12 0.793686 0.546157 0.009276 0.005912
12 0.742220 0.546271 0.009276 0.006139
11 0.654399 0.546385 0.009575 0.006367
11 0.925344 0.542178 0.010473 0.006139
12 0.925344 0.548317 0.010473 0.006139
12 0.507032 0.508413 0.008079 0.005912
12 0.492071 0.508527 0.009276 0.006139
12 0.226212 0.506025 0.008378 0.005684
12 0.475613 0.505798 0.009874 0.006139
13 0.388540 0.505571 0.009276 0.005684
12 0.448235 0.505457 0.008977 0.006367
12 0.323160 0.505343 0.008977 0.006139
12 0.411580 0.503297 0.009874 0.005684
11 0.262268 0.503297 0.009276 0.005684
11 0.172202 0.503524 0.009874 0.006139
12 0.354279 0.503070 0.009575 0.006139
12 0.880461 0.502387 0.009276 0.005684
12 0.865500 0.502387 0.009276 0.005684
13 0.628815 0.500341 0.009874 0.006139
12 0.850239 0.499886 0.009874 0.006139
13 0.826900 0.499886 0.009874 0.006139
13 0.773639 0.499886 0.009874 0.006139
12 0.716188 0.499886 0.009874 0.006139
12 0.548025 0.500000 0.009874 0.006367
12 0.741921 0.497613 0.009874 0.007049
11 0.575404 0.497613 0.009575 0.007049
12 0.796529 0.497385 0.010174 0.007503
11 0.656344 0.497158 0.009874 0.007049
12 0.924596 0.485789 0.008378 0.005230
12 0.667415 0.419736 0.008079 0.005912
12 0.336176 0.422578 0.009874 0.006139
11 0.292340 0.422806 0.009575 0.006594
12 0.270497 0.422578 0.008977 0.006139
12 0.727858 0.422351 0.009276 0.006594
11 0.677588 0.422351 0.009276 0.006594
13 0.655147 0.422351 0.009874 0.006594
13 0.758229 0.419964 0.010174 0.006367
13 0.357720 0.420191 0.009874 0.006821
13 0.411430 0.417462 0.009575 0.005912
12 0.383752 0.417576 0.009276 0.006139
13 0.810443 0.417121 0.009276 0.006139
12 0.779473 0.417121 0.009575 0.006139
12 0.569270 0.417121 0.009276 0.006139
12 0.189408 0.417349 0.009575 0.006594
12 0.466936 0.415075 0.008079 0.005684
12 0.452873 0.415075 0.008677 0.005684
12 0.438809 0.415075 0.010473 0.005684
11 0.207510 0.415075 0.008677 0.005684
12 0.854129 0.414507 0.009276 0.005457
12 0.838719 0.414620 0.008977 0.005684
12 0.634949 0.414848 0.010174 0.006139
11 0.586625 0.414848 0.008079 0.006139
12 0.869689 0.414393 0.009276 0.006139
11 0.748654 0.381537 0.008977 0.004093
12 0.758677 0.368918 0.009874 0.006139
12 0.653351 0.371987 0.009874 0.005912
11 0.803411 0.381764 0.007181 0.007276
11 0.811490 0.366644 0.008977 0.005230
12 0.728157 0.371874 0.009874 0.005684
11 0.677738 0.371874 0.009575 0.005684
12 0.780820 0.366644 0.008677 0.005230
12 0.568671 0.366871 0.008079 0.005684
12 0.871035 0.363915 0.007780 0.005230
12 0.854578 0.363802 0.009575 0.005912
12 0.841263 0.363802 0.009874 0.005912
12 0.633603 0.364029 0.009874 0.006367
11 0.587522 0.364029 0.009874 0.006367
12 0.452723 0.332083 0.009575 0.006139
12 0.467086 0.331855 0.010174 0.006594
13 0.413525 0.329582 0.008977 0.005684
13 0.359515 0.329582 0.009874 0.005684
12 0.303262 0.329582 0.009874 0.005684
12 0.218881 0.329582 0.009276 0.005684
12 0.778875 0.321055 0.008977 0.005912
12 0.439258 0.329468 0.008977 0.005912
11 0.170108 0.327194 0.009276 0.006367
12 0.870886 0.326285 0.009276 0.005457
12 0.870886 0.331742 0.009276 0.005457
12 0.855027 0.326398 0.008677 0.005684
12 0.855027 0.332083 0.008677 0.005684
12 0.381059 0.326853 0.009874 0.006594
12 0.334829 0.326853 0.010174 0.006594
11 0.253591 0.326853 0.009874 0.006594
12 0.916966 0.324011 0.009276 0.005457
12 0.916966 0.329468 0.009276 0.005457
12 0.839767 0.323897 0.009276 0.005230
12 0.839767 0.329127 0.009276 0.005230
13 0.760323 0.324011 0.009575 0.005457
13 0.760323 0.329468 0.009575 0.005457
12 0.598145 0.329468 0.009575 0.005457
11 0.598145 0.324011 0.009575 0.005457
18 0.513764 0.324011 0.008977 0.005457
12 0.513764 0.329468 0.008977 0.005457
13 0.811640 0.323670 0.009276 0.005684
13 0.811640 0.329354 0.009276 0.005684
12 0.692250 0.323670 0.009874 0.005684
12 0.692250 0.329354 0.009874 0.005684
11 0.551915 0.327080 0.009874 0.005684
11 0.551915 0.321396 0.009874 0.005684
12 0.727259 0.321055 0.009276 0.005912
12 0.727259 0.326967 0.009276 0.005912
12 0.737882 0.306162 0.011370 0.003411
11 0.635398 0.321055 0.009874 0.005912
11 0.635398 0.326967 0.009874 0.005912
12 0.452723 0.286494 0.009575 0.005912
12 0.467086 0.286266 0.009575 0.006367
12 0.437313 0.283879 0.009874 0.006139
12 0.300868 0.283879 0.008677 0.006139
12 0.217684 0.283879 0.009874 0.006139
13 0.410832 0.283652 0.009575 0.006594
13 0.361161 0.283538 0.009575 0.006367
12 0.333932 0.281151 0.010174 0.006139
11 0.253441 0.281264 0.010174 0.006367
11 0.170407 0.281264 0.009874 0.006367
12 0.381807 0.280923 0.010174 0.006594
12 0.868791 0.273420 0.007481 0.005230
12 0.853830 0.273306 0.007481 0.005002
12 0.917265 0.270691 0.009874 0.006139
12 0.837223 0.270691 0.010174 0.006139
12 0.691652 0.270691 0.009874 0.006139
12 0.597247 0.270691 0.008977 0.006139
12 0.516607 0.270805 0.010473 0.006367
13 0.811640 0.270464 0.009276 0.006594
13 0.759575 0.270464 0.009276 0.006594
12 0.728606 0.268190 0.010174 0.005684
11 0.634949 0.268190 0.010174 0.005684
11 0.550718 0.268417 0.009874 0.006139
12 0.780221 0.267963 0.009874 0.006139
12 0.755386 0.194975 0.010473 0.006594
11 0.710652 0.194748 0.009575 0.006139
12 0.686864 0.194748 0.009874 0.006139
13 0.780820 0.192701 0.009874 0.005684
18 0.699731 0.197590 0.008079 0.005457
18 0.699731 0.192133 0.008079 0.005457
13 0.831089 0.190200 0.008677 0.006139
12 0.802813 0.190086 0.009575 0.005912
12 0.585727 0.189291 0.009874 0.006139
12 0.890036 0.187699 0.009276 0.005684
12 0.875823 0.187699 0.009575 0.005684
12 0.857121 0.187926 0.009276 0.006139
11 0.603082 0.186903 0.009874 0.005912
12 0.888989 0.118804 0.009575 0.006139
12 0.873579 0.118690 0.009874 0.005912
12 0.923399 0.116530 0.008977 0.006139
12 0.856972 0.116303 0.008977 0.005684
13 0.832436 0.116303 0.008977 0.005684
13 0.782166 0.116303 0.008977 0.005684
12 0.723220 0.116303 0.009575 0.005684
11 0.639587 0.116075 0.009874 0.006139
11 0.534261 0.116075 0.009874 0.006139
12 0.802513 0.113802 0.009575 0.006139
11 0.757181 0.113802 0.009276 0.006139
11 0.671903 0.113802 0.008677 0.006139
11 0.566427 0.113347 0.009575 0.006139
12 0.141382 0.099136 0.008079 0.005002
13 0.198833 0.080946 0.009276 0.005912
12 0.324506 0.080832 0.009276 0.006594
13 0.309695 0.080605 0.009575 0.007049
12 0.214093 0.080377 0.009874 0.007503
18 0.914123 0.068668 0.007181 0.004093
12 0.889138 0.068327 0.009874 0.006139
12 0.873878 0.068327 0.009276 0.006139
12 0.723968 0.066053 0.008677 0.005230
12 0.924895 0.065825 0.009575 0.005684
12 0.857720 0.065825 0.009276 0.005684
13 0.830790 0.066053 0.009276 0.006139
12 0.783662 0.065825 0.009575 0.005684
13 0.640784 0.065825 0.009874 0.005684
13 0.533513 0.065939 0.009575 0.005912
13 0.365799 0.065371 0.009276 0.005684
13 0.251945 0.064461 0.008977 0.005684
12 0.756583 0.063324 0.009276 0.006139
12 0.802663 0.063097 0.009276 0.006594
11 0.671903 0.063324 0.009874 0.007049
12 0.601885 0.063097 0.009874 0.006594
11 0.565978 0.063097 0.009874 0.006594
12 0.464243 0.062869 0.009874 0.006139
12 0.495362 0.062869 0.009874 0.007049
12 0.421155 0.062415 0.009874 0.006139
12 0.388839 0.062415 0.009874 0.006139
12 0.280670 0.062074 0.010174 0.006367
12 0.168312 0.061278 0.009276 0.006594
0 0.092908 0.512165 0.021245 0.031605
4 0.712597 0.066053 0.009874 0.015234
2 0.086326 0.226353 0.018851 0.019327
4 0.521394 0.066053 0.009276 0.017053
4 0.627618 0.066508 0.009874 0.014325
3 0.372382 0.416439 0.006882 0.018417
4 0.201526 0.284106 0.009874 0.017508
4 0.819420 0.191564 0.009276 0.013415
4 0.799372 0.366417 0.009874 0.015689
4 0.771245 0.067417 0.009874 0.014325
0 0.089019 0.145862 0.023040 0.023874
4 0.748504 0.323215 0.009874 0.013870
4 0.679084 0.324125 0.009874 0.016598
2 0.088420 0.185880 0.018253 0.019327
2 0.092011 0.904616 0.019449 0.018872
4 0.702723 0.499886 0.009276 0.015234
3 0.399013 0.283424 0.007481 0.019782
4 0.214692 0.562642 0.009874 0.016144
4 0.401107 0.417576 0.009276 0.016144
4 0.352633 0.064688 0.009276 0.016144
3 0.820018 0.067190 0.006882 0.013870
4 0.436715 0.601751 0.009874 0.016144
4 0.691352 0.682015 0.009276 0.012960
4 0.616846 0.500114 0.009874 0.015689
3 0.408887 0.929172 0.006882 0.020691
4 0.553710 0.724307 0.009276 0.016598
4 0.814632 0.630628 0.009276 0.015689
4 0.304159 0.933492 0.009276 0.016598
4 0.297876 0.655639 0.009874 0.015689
4 0.532466 0.499659 0.009874 0.014779
4 0.665320 0.371874 0.009874 0.016598
4 0.904698 0.323897 0.008677 0.010687
4 0.216188 0.795020 0.009276 0.014325
4 0.300269 0.606753 0.009874 0.016144
4 0.840365 0.723624 0.009276 0.013415
4 0.388839 0.795475 0.012268 0.016144
4 0.761370 0.500796 0.009276 0.013415
4 0.733244 0.951228 0.010473 0.013870
2 0.087822 0.455321 0.018253 0.018872
4 0.347546 0.283424 0.009874 0.016144
0 0.094704 0.858458 0.023639 0.023874
4 0.288300 0.282970 0.009874 0.017053
2 0.093806 0.647908 0.017056 0.017508
1 0.094704 0.807981 0.022442 0.035698
2 0.092310 0.946453 0.018851 0.017963
4 0.733543 0.910528 0.009874 0.013415
0 0.095601 0.603342 0.023040 0.023874
2 0.092310 0.691792 0.018851 0.017963
4 0.446290 0.929627 0.009874 0.016144
4 0.446290 0.888245 0.009874 0.016144
4 0.764961 0.742042 0.009276 0.015689
3 0.401706 0.602433 0.006882 0.016598
4 0.436116 0.650182 0.009874 0.014779
3 0.815230 0.498295 0.006882 0.013870
4 0.770048 0.417121 0.006284 0.011596
4 0.797576 0.417349 0.008677 0.013870
4 0.240724 0.065143 0.009276 0.014325
3 0.409485 0.888699 0.006882 0.017963
4 0.906792 0.783652 0.009276 0.015234
4 0.896619 0.801160 0.006882 0.011141
0 0.802065 0.317758 0.006882 0.008413
4 0.317026 0.795020 0.009874 0.014325
4 0.141382 0.418713 0.009276 0.014779
4 0.434620 0.506025 0.016457 0.021146
4 0.145272 0.601978 0.009874 0.015689
4 0.839168 0.742042 0.009276 0.016598
4 0.144375 0.555366 0.009276 0.015234
3 0.402304 0.650182 0.008079 0.017508
4 0.119838 0.645407 0.009276 0.013415
4 0.553411 0.741360 0.009874 0.016144
4 0.650658 0.742269 0.009276 0.016144
4 0.816128 0.675875 0.009874 0.013415
4 0.429533 0.569691 0.008677 0.013870
4 0.145123 0.856753 0.008977 0.015462
4 0.135248 0.847431 0.008378 0.014097
4 0.127768 0.950432 0.008977 0.016371
4 0.144225 0.947931 0.009575 0.014097
4 0.118492 0.942246 0.008378 0.015462
4 0.136146 0.939291 0.008977 0.016826
4 0.139737 0.275352 0.008977 0.014097
4 0.130461 0.267849 0.008378 0.015462
0 0.132256 0.092997 0.008378 0.010459
4 0.123279 0.371078 0.008378 0.013643
4 0.140634 0.367212 0.008378 0.015916
4 0.140934 0.316280 0.008977 0.014097
4 0.131957 0.136426 0.008977 0.013643
4 0.143926 0.752615 0.008977 0.014552
4 0.135847 0.741928 0.008378 0.013188
4 0.127169 0.908822 0.008977 0.014097
4 0.143926 0.905866 0.008977 0.015462
4 0.118193 0.900409 0.008977 0.015462
4 0.135847 0.897908 0.009575 0.015007
4 0.141532 0.056617 0.008977 0.013188
4 0.121185 0.230787 0.008977 0.015007
4 0.113106 0.221919 0.008378 0.013643
4 0.141532 0.511824 0.008977 0.014097
4 0.132256 0.502956 0.008378 0.015462
4 0.114602 0.412915 0.008977 0.015462
0 0.087074 0.368349 0.012567 0.022738
4 0.122083 0.190996 0.008378 0.013643
4 0.113405 0.181901 0.008977 0.012733
4 0.127169 0.808777 0.008977 0.012278
4 0.119090 0.800364 0.008378 0.011824
4 0.125075 0.460891 0.008378 0.014097
4 0.115799 0.452478 0.008977 0.015462
4 0.138839 0.228968 0.008378 0.013188
4 0.131059 0.220100 0.008378 0.014552
4 0.119390 0.745566 0.008977 0.014097
0 0.126870 0.557071 0.008378 0.010005
4 0.118193 0.549341 0.007780 0.012733
4 0.135248 0.546157 0.008378 0.012733
4 0.118791 0.596862 0.008977 0.015007
4 0.145123 0.804911 0.008977 0.015462
4 0.136445 0.797181 0.008378 0.015462
2 0.098444 0.762165 0.013764 0.018190
4 0.122382 0.058890 0.008977 0.011369
3 0.072561 0.418713 0.009276 0.015689
5 0.095452 0.414166 0.008977 0.015689
4 0.119539 0.858686 0.009276 0.015689
4 0.126571 0.859368 0.008977 0.015689
4 0.379563 0.561505 0.009276 0.015689
4 0.123130 0.419623 0.009276 0.015689
4 0.131358 0.409618 0.008977 0.015689
4 0.083633 0.108117 0.009276 0.015689
4 0.094853 0.103115 0.008977 0.015689
3 0.794285 0.271260 0.009276 0.015462
4 0.801017 0.271260 0.008977 0.015462
4 0.312537 0.561505 0.009276 0.015689
4 0.082735 0.063324 0.009276 0.015689
5 0.096649 0.057412 0.008977 0.015689
4 0.126122 0.604252 0.009276 0.015689
4 0.134949 0.594020 0.008977 0.015689
4 0.089617 0.756139 0.009276 0.015689
4 0.100239 0.752729 0.008977 0.015689
4 0.115649 0.506935 0.009276 0.015689
4 0.123579 0.513756 0.008977 0.015689
4 0.083034 0.322760 0.009276 0.015689
4 0.094255 0.317303 0.008977 0.015689
4 0.436415 0.802524 0.009276 0.015689
4 0.449132 0.796612 0.008977 0.015689
5 0.092609 0.564461 0.009276 0.013870
5 0.099641 0.564461 0.008977 0.013870
4 0.087822 0.560596 0.009276 0.015689
4 0.098444 0.555593 0.008977 0.015689
4 0.770347 0.861187 0.009276 0.015689
5 0.778875 0.860732 0.008977 0.015689
3 0.440604 0.727035 0.009276 0.015689
4 0.446738 0.727945 0.008977 0.015689
4 0.089617 0.285243 0.009276 0.012960
5 0.094853 0.285243 0.008977 0.012960
4 0.083034 0.282060 0.009276 0.015689
4 0.094255 0.276830 0.008977 0.015689