8 0.707062 0.939404 0.011969 0.007049
8 0.239378 0.938267 0.012567 0.006594
8 0.574207 0.938040 0.011969 0.007958
6 0.802813 0.940541 0.009575 0.018417
6 0.194494 0.938722 0.010174 0.017508
10 0.366547 0.909732 0.009575 0.003638
10 0.576601 0.900068 0.005984 0.001592
6 0.802513 0.893020 0.010174 0.018872
6 0.448235 0.840041 0.007780 0.019327
6 0.802513 0.839359 0.010174 0.017963
7 0.629563 0.829354 0.013764 0.009777
10 0.299521 0.807640 0.015560 0.002274
10 0.379114 0.804457 0.007181 0.005002
9 0.306703 0.793656 0.009575 0.025693
9 0.239078 0.790700 0.007181 0.019782
10 0.196589 0.788313 0.005984 0.004548
10 0.177439 0.788085 0.005984 0.004093
9 0.149910 0.793770 0.008378 0.025921
8 0.285757 0.792747 0.004788 0.022965
10 0.284560 0.783083 0.005984 0.002274
10 0.196589 0.783311 0.008378 0.002729
10 0.265111 0.782856 0.006583 0.002729
10 0.152603 0.782856 0.006583 0.002729
9 0.626272 0.741132 0.007181 0.023420
10 0.250150 0.725443 0.011370 0.002046
10 0.783064 0.725330 0.005984 0.002274
10 0.383902 0.724875 0.007181 0.002274
10 0.249850 0.722942 0.010772 0.002046
7 0.538300 0.723965 0.008378 0.006821
8 0.784560 0.729650 0.010174 0.021828
10 0.517953 0.697590 0.011969 0.002274
9 0.707361 0.693838 0.008977 0.021601
10 0.303112 0.689632 0.005984 0.002729
9 0.819868 0.684629 0.010174 0.019100
10 0.361460 0.677353 0.007780 0.002729
10 0.447038 0.672124 0.006583 0.002274
10 0.151406 0.612096 0.012567 0.005002
7 0.673848 0.613802 0.011370 0.011596
7 0.479653 0.612892 0.010772 0.009777
7 0.877917 0.612892 0.011370 0.010687
10 0.273190 0.610732 0.008378 0.005002
6 0.633453 0.613802 0.009575 0.017963
6 0.836326 0.613574 0.009575 0.018417
6 0.795931 0.614029 0.010174 0.019327
6 0.592160 0.614029 0.009575 0.018417
6 0.435368 0.613347 0.009575 0.017053
6 0.393776 0.612892 0.010174 0.017963
6 0.233992 0.611983 0.008977 0.017053
10 0.894973 0.605048 0.007181 0.002729
10 0.695691 0.583447 0.020347 0.005002
10 0.886595 0.577308 0.005984 0.001819
10 0.280371 0.573897 0.007181 0.002274
9 0.231598 0.565825 0.005386 0.022965
10 0.817774 0.557299 0.005984 0.002729
10 0.776780 0.557299 0.007780 0.002729
9 0.434470 0.559686 0.006583 0.023420
10 0.561041 0.553206 0.007181 0.002729
8 0.616996 0.559686 0.010174 0.023420
10 0.644225 0.481810 0.005984 0.001819
10 0.637044 0.479991 0.007181 0.003638
7 0.349791 0.472601 0.010772 0.022965
9 0.395272 0.461573 0.008378 0.030923
9 0.438061 0.459300 0.010174 0.025466
9 0.377917 0.462710 0.009575 0.033197
9 0.510473 0.459527 0.011370 0.025011
10 0.438959 0.449068 0.005984 0.002729
7 0.193896 0.408481 0.011370 0.013870
8 0.794434 0.406207 0.011969 0.009322
7 0.591562 0.408709 0.011969 0.014325
6 0.753740 0.407344 0.010772 0.017963
6 0.356074 0.407344 0.010174 0.018872
6 0.153501 0.406889 0.009575 0.017963
6 0.550868 0.406889 0.009575 0.018872
10 0.237882 0.354707 0.005984 0.002274
8 0.550569 0.349818 0.008977 0.013870
10 0.595153 0.344930 0.007181 0.004548
10 0.380910 0.335380 0.009575 0.002729
8 0.718432 0.278877 0.011969 0.006594
8 0.881508 0.278422 0.011370 0.006594
7 0.846200 0.280696 0.010174 0.014779
6 0.858169 0.280014 0.008977 0.017963
6 0.669659 0.279786 0.010174 0.018417
6 0.540694 0.279104 0.009575 0.018872
6 0.424297 0.278877 0.010174 0.018417
8 0.880910 0.232265 0.011370 0.007049
8 0.459306 0.232492 0.011969 0.009322
8 0.845302 0.231583 0.010772 0.008413
7 0.576002 0.234311 0.010772 0.012960
6 0.858468 0.233856 0.009575 0.017508
10 0.726810 0.218963 0.005984 0.001819
9 0.678037 0.230559 0.010174 0.026830
9 0.165171 0.225102 0.004189 0.039109
10 0.723220 0.206685 0.013166 0.004548
10 0.682525 0.203388 0.008378 0.002046
10 0.682825 0.201000 0.008977 0.002274
10 0.693597 0.188267 0.007780 0.003183
9 0.645422 0.189063 0.008378 0.025693
10 0.741771 0.188267 0.007181 0.005002
10 0.213944 0.183265 0.005984 0.004093
9 0.235189 0.188836 0.007780 0.031151
7 0.845302 0.182469 0.010772 0.012960
10 0.237283 0.178263 0.008378 0.003183
10 0.212747 0.178035 0.007181 0.002729
9 0.154099 0.184970 0.009575 0.027967
6 0.856673 0.181332 0.009575 0.017963
10 0.236984 0.140291 0.006583 0.003638
8 0.880910 0.128581 0.011370 0.007049
10 0.774087 0.125057 0.023938 0.005002
6 0.856373 0.129491 0.008977 0.017963
10 0.410533 0.088222 0.008977 0.003183
10 0.300718 0.088222 0.005984 0.003183
7 0.272591 0.084698 0.011969 0.025693
9 0.686116 0.080946 0.011969 0.018645
9 0.520946 0.081514 0.010772 0.039336
10 0.383303 0.063893 0.005984 0.004548
10 0.867145 0.062528 0.007780 0.002729
8 0.094255 0.033538 0.004788 0.012506
11 0.852334 0.954866 0.009276 0.006594
11 0.150958 0.934970 0.009276 0.006821
11 0.167864 0.912233 0.008378 0.006821
12 0.176242 0.889154 0.009575 0.007049
12 0.149761 0.907799 0.008079 0.006139
17 0.708707 0.905980 0.010473 0.007049
11 0.853680 0.900296 0.009575 0.006594
12 0.619838 0.900068 0.009874 0.006139
12 0.644674 0.897567 0.009276 0.005684
12 0.506433 0.897567 0.008079 0.005684
12 0.446290 0.897226 0.008677 0.005912
17 0.411131 0.897112 0.010174 0.006594
12 0.668462 0.895066 0.009575 0.006139
12 0.470527 0.894839 0.009276 0.006594
12 0.388390 0.894384 0.010174 0.006594
12 0.531119 0.892337 0.008378 0.006139
12 0.362059 0.892110 0.008977 0.005684
13 0.264961 0.889268 0.009874 0.006367
12 0.239527 0.889268 0.009276 0.006367
13 0.220527 0.889268 0.009575 0.006367
12 0.194644 0.889382 0.009276 0.006594
13 0.311640 0.889154 0.009874 0.007049
12 0.283064 0.889040 0.010174 0.006821
12 0.573758 0.887108 0.007481 0.006594
12 0.549222 0.884720 0.009874 0.006367
12 0.594405 0.884607 0.010473 0.007049
17 0.709455 0.852319 0.009575 0.007049
11 0.854129 0.847090 0.010473 0.005684
18 0.619838 0.846635 0.009874 0.006594
12 0.444644 0.844930 0.004189 0.004093
12 0.645572 0.844134 0.009874 0.006139
12 0.507331 0.843452 0.008677 0.004775
12 0.669210 0.841633 0.009276 0.006594
17 0.152753 0.840609 0.010473 0.007276
12 0.531119 0.838904 0.009575 0.006594
11 0.240126 0.835721 0.010473 0.006594
13 0.575554 0.833674 0.009874 0.006139
12 0.593507 0.831173 0.009874 0.006594
12 0.550419 0.830832 0.009874 0.006821
11 0.283214 0.827763 0.009276 0.006139
17 0.362807 0.827422 0.010473 0.007276
12 0.168761 0.803206 0.006583 0.005230
12 0.176691 0.791269 0.006882 0.004093
12 0.176691 0.785584 0.008079 0.005457
12 0.213944 0.801614 0.006583 0.003865
12 0.222322 0.785471 0.009575 0.005230
12 0.222322 0.790700 0.009575 0.005230
12 0.644973 0.801842 0.008677 0.006139
12 0.621634 0.798886 0.009874 0.005684
18 0.609515 0.801160 0.008378 0.005230
18 0.609515 0.795930 0.008378 0.005230
11 0.854877 0.794452 0.009575 0.007731
11 0.854578 0.786153 0.008977 0.005684
12 0.574656 0.791382 0.009276 0.006139
12 0.530969 0.791155 0.008079 0.005684
12 0.470527 0.790928 0.009276 0.007049
12 0.389437 0.790814 0.008677 0.006821
12 0.594405 0.788199 0.010473 0.006139
12 0.508229 0.788199 0.009276 0.006139
12 0.549970 0.788085 0.010174 0.006821
17 0.447935 0.788085 0.009575 0.006821
17 0.411131 0.788427 0.010174 0.007503
12 0.669808 0.786153 0.009276 0.005684
17 0.709904 0.791041 0.010473 0.005457
17 0.709904 0.796498 0.010473 0.005457
17 0.709904 0.785584 0.010473 0.005457
12 0.284411 0.785584 0.008079 0.005457
12 0.284411 0.791041 0.008079 0.005457
12 0.195542 0.785471 0.008677 0.005230
12 0.195542 0.790700 0.008677 0.005230
13 0.265859 0.785357 0.009276 0.005457
13 0.265859 0.790814 0.009276 0.005457
12 0.312837 0.785130 0.008677 0.005457
12 0.312837 0.790587 0.008677 0.005457
12 0.241173 0.785243 0.008977 0.005684
12 0.241173 0.790928 0.008977 0.005684
12 0.152005 0.785130 0.008977 0.005457
12 0.152005 0.790587 0.008977 0.005457
12 0.363106 0.782515 0.009874 0.005684
12 0.363106 0.788199 0.009874 0.005684
12 0.620586 0.748863 0.009575 0.006594
12 0.645123 0.746135 0.008977 0.006594
12 0.594105 0.745794 0.009874 0.006821
12 0.669958 0.743520 0.009575 0.005912
12 0.575254 0.743179 0.009276 0.006139
12 0.755386 0.741246 0.009276 0.005912
13 0.736236 0.741132 0.009276 0.006594
12 0.708707 0.740905 0.009276 0.006139
12 0.531718 0.740678 0.008977 0.005684
12 0.507481 0.740678 0.008977 0.005684
12 0.471125 0.740564 0.010473 0.006367
11 0.446888 0.740450 0.009874 0.006139
18 0.453471 0.724534 0.004488 0.003411
17 0.410832 0.740450 0.009575 0.006139
12 0.390036 0.740223 0.009874 0.006594
18 0.384949 0.723056 0.008079 0.002274
11 0.363106 0.740223 0.009874 0.006594
11 0.371484 0.723624 0.006284 0.003411
12 0.312388 0.740109 0.009575 0.006367
18 0.284111 0.739995 0.009874 0.006139
12 0.241622 0.739995 0.009874 0.006139
13 0.221275 0.739995 0.009874 0.006139
12 0.196140 0.739995 0.009874 0.006139
13 0.176990 0.739995 0.008677 0.006139
11 0.151855 0.739995 0.009874 0.006139
11 0.158438 0.724307 0.005685 0.003865
12 0.550120 0.737835 0.009276 0.006367
12 0.854129 0.736016 0.008079 0.006367
12 0.853980 0.725443 0.009575 0.006139
13 0.832585 0.735903 0.008079 0.006139
13 0.832735 0.722942 0.009575 0.006594
12 0.802962 0.736130 0.009874 0.006594
13 0.784261 0.736130 0.009575 0.006594
13 0.782166 0.724193 0.004189 0.003638
18 0.266008 0.729764 0.007181 0.003865
18 0.265859 0.739995 0.009276 0.006139
18 0.124925 0.727262 0.007481 0.005230
18 0.124327 0.722260 0.006284 0.004320
11 0.727409 0.696112 0.007181 0.003865
12 0.736685 0.682469 0.009575 0.006594
18 0.170108 0.691110 0.005087 0.002956
11 0.213645 0.686562 0.005386 0.002956
12 0.222023 0.669054 0.009575 0.006139
12 0.709306 0.687926 0.009874 0.006594
11 0.822711 0.685312 0.008677 0.005912
12 0.832286 0.663824 0.009874 0.007503
12 0.644524 0.685312 0.007780 0.005912
12 0.755087 0.682810 0.009874 0.006367
12 0.619988 0.682697 0.009575 0.006139
13 0.912029 0.682583 0.010174 0.006821
12 0.669659 0.682697 0.010174 0.007049
13 0.328097 0.682015 0.009276 0.006594
11 0.258378 0.683038 0.007481 0.008640
11 0.267056 0.664279 0.008677 0.007503
12 0.152154 0.682015 0.009276 0.006594
12 0.594405 0.679854 0.008079 0.005912
12 0.550419 0.679854 0.009874 0.005912
12 0.361909 0.679513 0.008677 0.006139
13 0.895123 0.677240 0.009874 0.006139
12 0.802513 0.677467 0.009575 0.006594
13 0.784411 0.677467 0.009874 0.006594
12 0.575554 0.677467 0.009874 0.006594
12 0.531269 0.677467 0.009874 0.006594
13 0.314183 0.677012 0.010174 0.006594
12 0.178785 0.677012 0.009874 0.006594
12 0.196140 0.676558 0.009874 0.006594
12 0.506134 0.674852 0.007481 0.005457
12 0.447187 0.674625 0.008079 0.005912
17 0.411281 0.674170 0.010473 0.007276
12 0.471724 0.672351 0.009276 0.006367
12 0.390634 0.672010 0.009874 0.006594
13 0.299970 0.669054 0.009276 0.006139
12 0.241921 0.668827 0.009276 0.005684
13 0.869988 0.667235 0.008677 0.006139
13 0.284111 0.664507 0.008677 0.007049
13 0.853980 0.664279 0.008977 0.007503
12 0.301616 0.624716 0.008977 0.005684
12 0.495063 0.617440 0.009276 0.005684
11 0.355775 0.617212 0.009575 0.006139
12 0.704817 0.615052 0.009874 0.006367
11 0.551017 0.614711 0.009874 0.006594
12 0.895422 0.606980 0.006882 0.005684
11 0.754788 0.607208 0.008079 0.006139
12 0.551017 0.586176 0.008677 0.007731
18 0.701376 0.583106 0.007181 0.002501
11 0.709605 0.580491 0.006284 0.005457
12 0.717983 0.567417 0.009874 0.006594
11 0.651556 0.579013 0.007481 0.004320
12 0.659785 0.567417 0.009575 0.006594
12 0.755087 0.577649 0.009874 0.007049
18 0.152304 0.576626 0.009575 0.006821
12 0.355775 0.569691 0.009575 0.005684
11 0.456164 0.568099 0.006882 0.006139
12 0.464542 0.553320 0.009276 0.006594
12 0.673250 0.567190 0.008977 0.006139
12 0.633004 0.567417 0.009874 0.006594
13 0.616846 0.567417 0.009874 0.006594
12 0.592609 0.567190 0.009276 0.006139
13 0.575853 0.567417 0.009276 0.006594
13 0.817923 0.559686 0.007481 0.005684
12 0.794883 0.559686 0.009276 0.005684
12 0.895422 0.559345 0.008079 0.005912
13 0.777229 0.559459 0.008677 0.006139
12 0.301765 0.559004 0.009276 0.005230
12 0.273639 0.559345 0.008079 0.005912
13 0.258229 0.559118 0.008378 0.005457
12 0.234889 0.558890 0.008378 0.005457
13 0.217385 0.558890 0.008079 0.005912
12 0.192250 0.558777 0.009276 0.005684
13 0.177289 0.558777 0.009276 0.005684
12 0.876272 0.554457 0.009276 0.006139
12 0.480700 0.553433 0.009276 0.006821
12 0.495961 0.552865 0.008677 0.006594
12 0.437014 0.552638 0.009276 0.006139
13 0.419808 0.552410 0.008977 0.005684
12 0.395422 0.552638 0.008677 0.006139
12 0.379862 0.552751 0.008677 0.006367
12 0.857271 0.551728 0.008977 0.006139
11 0.836774 0.547635 0.009276 0.006139
13 0.896020 0.519213 0.009276 0.006594
11 0.673698 0.517167 0.008677 0.006139
13 0.496559 0.517167 0.009874 0.006139
13 0.910981 0.516712 0.009276 0.006139
11 0.755236 0.514438 0.009575 0.006139
13 0.511221 0.514438 0.009276 0.006139
17 0.552513 0.511710 0.010473 0.007049
12 0.080940 0.511369 0.004488 0.006821
11 0.634800 0.509209 0.009874 0.006594
11 0.234440 0.508981 0.009874 0.006139
12 0.877169 0.508754 0.009874 0.006594
12 0.480551 0.506935 0.008378 0.005684
13 0.856224 0.506480 0.008677 0.005684
12 0.453022 0.501705 0.008977 0.006139
11 0.276032 0.501364 0.009276 0.005457
11 0.836625 0.501251 0.009575 0.006139
12 0.820168 0.501137 0.009575 0.005912
17 0.153501 0.501023 0.009575 0.006594
12 0.437014 0.498977 0.008079 0.006139
17 0.357570 0.499432 0.010772 0.007049
17 0.610263 0.477831 0.005087 0.002956
13 0.618492 0.466462 0.008977 0.006594
13 0.617744 0.453729 0.009276 0.005684
12 0.652454 0.478854 0.006284 0.007731
11 0.660533 0.466348 0.008677 0.006367
12 0.659934 0.453502 0.008677 0.006139
11 0.209455 0.472146 0.006583 0.006139
12 0.218282 0.458163 0.008677 0.006367
18 0.347546 0.468849 0.006284 0.005002
12 0.754788 0.468736 0.008079 0.005684
12 0.754189 0.458276 0.009276 0.006594
12 0.504039 0.467713 0.005685 0.003638
12 0.511520 0.451228 0.008677 0.005230
12 0.511520 0.456457 0.008677 0.005230
12 0.593357 0.466689 0.009575 0.006139
12 0.592908 0.453843 0.009874 0.006367
13 0.576750 0.466462 0.008677 0.005684
13 0.576152 0.453615 0.009874 0.006367
12 0.705117 0.466348 0.009276 0.006367
12 0.703920 0.453502 0.008079 0.005230
12 0.634949 0.466462 0.008977 0.006594
12 0.633902 0.453502 0.008079 0.005230
12 0.357870 0.466007 0.008378 0.005684
12 0.235937 0.463620 0.009276 0.005457
12 0.795931 0.463279 0.006583 0.005684
12 0.795482 0.450546 0.009276 0.006594
13 0.778127 0.463279 0.008079 0.005684
13 0.777828 0.450546 0.009874 0.006594
13 0.258977 0.463279 0.008677 0.005684
12 0.896020 0.462483 0.008079 0.006821
12 0.895422 0.449977 0.009276 0.006367
12 0.674596 0.461232 0.009276 0.006139
12 0.674746 0.448499 0.009575 0.006139
12 0.552065 0.461005 0.009575 0.005684
12 0.552065 0.466689 0.009575 0.005684
13 0.819420 0.458276 0.006882 0.005684
13 0.819719 0.445089 0.008677 0.006594
13 0.317923 0.458390 0.009276 0.005912
12 0.193597 0.458276 0.008378 0.005684
12 0.877169 0.457935 0.008677 0.005912
12 0.876571 0.445543 0.008677 0.006594
12 0.275583 0.458049 0.009575 0.006139
13 0.177887 0.458049 0.009276 0.006139
12 0.154249 0.458049 0.009874 0.006139
11 0.836625 0.455548 0.009575 0.006594
12 0.836026 0.442815 0.008977 0.006594
12 0.481747 0.451000 0.008977 0.005684
12 0.481747 0.456685 0.008977 0.005684
13 0.465141 0.450887 0.009276 0.005457
13 0.465141 0.456344 0.009276 0.005457
12 0.439408 0.450659 0.009276 0.005912
12 0.439408 0.456571 0.009276 0.005912
13 0.421005 0.450546 0.009575 0.005684
13 0.421005 0.456230 0.009575 0.005684
12 0.397217 0.450546 0.008677 0.005684
12 0.397217 0.456230 0.008677 0.005684
13 0.380910 0.450432 0.009575 0.005457
13 0.380910 0.455889 0.009575 0.005457
17 0.081089 0.407799 0.004189 0.003865
17 0.235637 0.403706 0.009874 0.006594
17 0.236385 0.385516 0.010174 0.007503
12 0.218133 0.403479 0.008378 0.006139
12 0.217834 0.385289 0.008977 0.007049
12 0.419659 0.401432 0.008079 0.005684
12 0.419659 0.383129 0.009276 0.006367
17 0.438809 0.401205 0.009276 0.006139
17 0.438959 0.383583 0.010772 0.007276
17 0.634500 0.399159 0.008079 0.006594
17 0.635248 0.381082 0.009575 0.006821
12 0.617295 0.398818 0.007780 0.005912
12 0.617744 0.380741 0.009276 0.007049
12 0.820018 0.395407 0.009276 0.006367
12 0.819270 0.378467 0.008378 0.006139
12 0.837074 0.378467 0.009874 0.007049
17 0.836475 0.395293 0.008677 0.006139
18 0.208408 0.354479 0.005685 0.003638
11 0.811640 0.350728 0.005685 0.003411
12 0.819420 0.332424 0.009276 0.005912
13 0.672501 0.351182 0.003890 0.005230
12 0.673998 0.329923 0.009276 0.006367
13 0.893926 0.349932 0.009874 0.006367
13 0.718881 0.347772 0.009276 0.005684
12 0.550868 0.347544 0.008378 0.005230
12 0.550868 0.352774 0.008378 0.005230
12 0.355775 0.347885 0.008977 0.005912
13 0.909186 0.347203 0.009276 0.006367
12 0.754189 0.345271 0.010473 0.006139
12 0.155446 0.344930 0.009874 0.005457
12 0.155446 0.350387 0.009874 0.005457
13 0.317026 0.345043 0.009874 0.006594
13 0.704369 0.343111 0.008977 0.005457
12 0.634500 0.343224 0.008079 0.005684
12 0.634201 0.335493 0.009276 0.005684
13 0.575853 0.343224 0.008677 0.005684
12 0.593806 0.342542 0.009276 0.005230
12 0.593806 0.347772 0.009276 0.005230
12 0.235937 0.340268 0.009276 0.005230
12 0.235637 0.332538 0.009874 0.006139
12 0.875075 0.340041 0.009276 0.005684
13 0.776930 0.340268 0.009276 0.006139
13 0.302364 0.340041 0.009276 0.005684
12 0.218731 0.340155 0.008378 0.005912
12 0.218582 0.333220 0.009276 0.005684
12 0.193447 0.339927 0.009276 0.005457
12 0.193447 0.345384 0.009276 0.005457
13 0.177439 0.339927 0.008378 0.005457
13 0.177439 0.345384 0.008378 0.005457
12 0.795183 0.339814 0.009276 0.006139
12 0.395721 0.337767 0.008079 0.005684
13 0.380461 0.337881 0.009874 0.005912
12 0.855326 0.337540 0.009276 0.006139
13 0.689258 0.335266 0.009874 0.006139
13 0.618043 0.335380 0.008677 0.006367
12 0.836176 0.332538 0.009276 0.006139
13 0.288749 0.332651 0.009575 0.006367
13 0.420856 0.330719 0.009276 0.006139
13 0.658737 0.330264 0.008677 0.006139
17 0.439108 0.330264 0.011071 0.007049
13 0.275434 0.327422 0.009276 0.006821
13 0.261071 0.326171 0.009276 0.006139
11 0.291143 0.294111 0.008977 0.006594
17 0.153950 0.286380 0.008079 0.005684
11 0.621035 0.286153 0.008677 0.006139
11 0.485637 0.286153 0.008977 0.006139
11 0.369838 0.286153 0.008977 0.006139
12 0.828995 0.285698 0.009276 0.006139
12 0.083034 0.255457 0.005087 0.004775
11 0.187463 0.242497 0.010473 0.005230
12 0.197636 0.217713 0.009276 0.006594
12 0.367893 0.240109 0.007481 0.005912
11 0.827199 0.239882 0.009276 0.006367
12 0.764811 0.239882 0.008977 0.006367
12 0.717086 0.239995 0.009276 0.006594
12 0.670108 0.239995 0.009874 0.006594
12 0.622531 0.239882 0.009276 0.006367
13 0.486086 0.239995 0.009276 0.006594
12 0.250748 0.237722 0.004788 0.003865
12 0.291592 0.237267 0.008079 0.005684
13 0.498205 0.234766 0.009575 0.006139
13 0.387941 0.234766 0.009276 0.006139
12 0.262268 0.234652 0.009276 0.005912
12 0.790096 0.232492 0.009276 0.006139
12 0.741622 0.232265 0.008677 0.005684
12 0.694195 0.232492 0.009575 0.006139
12 0.646469 0.232265 0.009276 0.005684
13 0.510772 0.232265 0.007780 0.005684
13 0.399312 0.231696 0.009276 0.004548
12 0.324806 0.232492 0.009874 0.006139
13 0.523190 0.229764 0.009276 0.006139
13 0.412029 0.229764 0.008977 0.006139
12 0.236535 0.229764 0.009276 0.006139
12 0.153202 0.229764 0.009575 0.006139
12 0.426691 0.227262 0.007780 0.005684
12 0.542190 0.227035 0.007780 0.006139
12 0.212896 0.222260 0.008677 0.005684
12 0.170108 0.210437 0.009276 0.006594
12 0.670407 0.193611 0.009276 0.005684
11 0.487582 0.193611 0.009874 0.005684
11 0.487283 0.185880 0.009276 0.005684
11 0.432226 0.192246 0.005685 0.002956
12 0.828396 0.193383 0.008677 0.006139
12 0.827648 0.185425 0.008977 0.005684
12 0.767056 0.193383 0.009874 0.006139
12 0.717534 0.193383 0.009575 0.006139
12 0.717086 0.185880 0.009276 0.005684
12 0.622531 0.193383 0.009276 0.006139
11 0.622531 0.185653 0.009276 0.006139
12 0.261670 0.193156 0.009276 0.005684
12 0.261670 0.185425 0.009276 0.005684
11 0.540245 0.188267 0.008677 0.005912
11 0.547726 0.190769 0.008677 0.005912
18 0.406643 0.187813 0.005984 0.005002
11 0.291891 0.187813 0.008677 0.005912
11 0.299072 0.190769 0.008677 0.005912
12 0.695093 0.185653 0.008378 0.005230
12 0.695093 0.190882 0.008378 0.005230
12 0.371185 0.186107 0.009276 0.006139
18 0.371484 0.193383 0.009874 0.006139
12 0.273040 0.185425 0.008079 0.004775
18 0.273040 0.190200 0.008079 0.004775
12 0.790694 0.185198 0.009276 0.005230
12 0.790694 0.190427 0.009276 0.005230
11 0.742220 0.185425 0.009276 0.005684
11 0.742220 0.191110 0.009276 0.005684
11 0.647367 0.184970 0.008677 0.005684
11 0.647367 0.190655 0.008677 0.005684
12 0.155446 0.181332 0.006284 0.003865
12 0.237582 0.180309 0.007780 0.005457
12 0.237582 0.185766 0.007780 0.005457
12 0.212896 0.180196 0.008677 0.005230
12 0.212896 0.185425 0.008677 0.005230
17 0.153651 0.175421 0.012268 0.005684
11 0.372083 0.150182 0.007481 0.006139
11 0.371783 0.144156 0.009276 0.005457
18 0.279025 0.144156 0.005685 0.003183
12 0.766158 0.144043 0.009276 0.005684
12 0.261520 0.144043 0.008977 0.005684
12 0.826900 0.143588 0.008677 0.005684
12 0.718133 0.143588 0.008977 0.005684
12 0.671305 0.143929 0.009874 0.006367
12 0.623130 0.143588 0.008079 0.005684
11 0.486086 0.143588 0.008079 0.005684
11 0.486086 0.149272 0.008079 0.005684
12 0.789946 0.140859 0.009575 0.005684
12 0.741921 0.141087 0.009874 0.006139
12 0.693896 0.140859 0.009575 0.005684
12 0.645272 0.141087 0.009276 0.006139
11 0.542938 0.140632 0.009276 0.005230
11 0.542938 0.145862 0.009276 0.005230
11 0.426840 0.140973 0.009276 0.005912
11 0.426840 0.146885 0.009276 0.005912
11 0.292190 0.140973 0.009276 0.005912
11 0.292190 0.146885 0.009276 0.005912
12 0.236834 0.138586 0.008677 0.005684
12 0.211849 0.138813 0.008977 0.006139
11 0.153651 0.131537 0.009874 0.006139
18 0.842460 0.128126 0.005087 0.004775
12 0.826750 0.097203 0.009575 0.007503
13 0.716188 0.097203 0.008677 0.007503
13 0.621634 0.096976 0.009874 0.007049
12 0.906194 0.096521 0.009276 0.007049
12 0.880760 0.096521 0.008677 0.007049
12 0.856972 0.096635 0.008977 0.007276
13 0.765859 0.096294 0.009874 0.006594
12 0.669958 0.096749 0.009575 0.007503
13 0.542340 0.095384 0.009276 0.006594
13 0.272890 0.092428 0.008977 0.006139
13 0.560293 0.091746 0.009276 0.006594
13 0.521544 0.091860 0.008378 0.006821
13 0.290395 0.089245 0.009276 0.006139
13 0.575105 0.088904 0.010174 0.006367
13 0.425344 0.088790 0.009874 0.006139
12 0.221574 0.087426 0.009276 0.006139
12 0.220676 0.072306 0.005087 0.004548
12 0.235937 0.086858 0.009276 0.005457
18 0.301466 0.086517 0.008677 0.005230
13 0.633303 0.086289 0.009276 0.005684
13 0.777678 0.085834 0.009575 0.005684
13 0.729803 0.085834 0.008378 0.005684
18 0.437911 0.085948 0.007481 0.005912
13 0.692250 0.083674 0.008677 0.005912
13 0.679982 0.086289 0.009276 0.006594
11 0.687612 0.070032 0.006583 0.004093
13 0.645871 0.083788 0.009276 0.006139
13 0.790245 0.083333 0.008378 0.006139
13 0.596050 0.083561 0.008977 0.006594
13 0.741622 0.083106 0.009276 0.006594
13 0.459755 0.081287 0.009276 0.005684
13 0.323758 0.081287 0.008378 0.005684
17 0.312837 0.081060 0.007481 0.008868
12 0.197038 0.079468 0.010473 0.006594
13 0.181628 0.079241 0.009575 0.006139
12 0.485039 0.079013 0.009575 0.006594
12 0.368642 0.079013 0.010174 0.006594
13 0.704817 0.078331 0.008677 0.006139
12 0.920557 0.078104 0.010473 0.006594
12 0.896320 0.077990 0.009874 0.006367
12 0.870886 0.077876 0.009276 0.006139
12 0.844105 0.078104 0.008977 0.006594
13 0.802214 0.077763 0.009575 0.005912
13 0.753740 0.078104 0.009575 0.006594
13 0.657989 0.078217 0.009575 0.006821
13 0.472920 0.076285 0.009276 0.005684
13 0.344255 0.076171 0.008079 0.005457
12 0.154698 0.074238 0.009575 0.006139
13 0.412029 0.070373 0.004788 0.003865
13 0.411879 0.086176 0.009276 0.005457
11 0.095003 0.035016 0.003890 0.007731
3 0.281718 0.189745 0.007481 0.018872
3 0.416966 0.190200 0.007481 0.018872
0 0.101287 0.786835 0.022442 0.024329
2 0.099791 0.565371 0.018253 0.020691
2 0.098294 0.937813 0.018851 0.017963
2 0.099192 0.513302 0.019449 0.021146
5 0.133004 0.516940 0.023639 0.031151
0 0.102783 0.182242 0.021843 0.023874
3 0.379563 0.671783 0.006882 0.020691
4 0.377469 0.234311 0.008677 0.014325
2 0.102184 0.280014 0.018253 0.019327
4 0.413674 0.144952 0.009276 0.012960
4 0.659037 0.742269 0.009276 0.014325
1 0.101586 0.410073 0.021843 0.033879
4 0.126122 0.452592 0.009874 0.016144
4 0.102783 0.075148 0.021843 0.032515
4 0.261370 0.093338 0.008677 0.013415
4 0.127020 0.333902 0.009276 0.014325
1 0.100090 0.838677 0.021245 0.036153
2 0.103082 0.233402 0.018851 0.018872
4 0.126721 0.397340 0.008677 0.013870
4 0.564782 0.833447 0.009874 0.016598
1 0.100688 0.732719 0.021245 0.039791
4 0.124028 0.888017 0.009276 0.013870
4 0.563285 0.885744 0.009276 0.014779
4 0.250898 0.142906 0.009276 0.014325
4 0.521394 0.740223 0.009276 0.013870
4 0.127319 0.229081 0.009874 0.014779
4 0.840365 0.784334 0.009276 0.015689
4 0.608767 0.748636 0.009276 0.016144
2 0.474117 0.838222 0.012867 0.015234
4 0.125524 0.607890 0.008677 0.014779
4 0.883752 0.676103 0.009874 0.014779
1 0.100389 0.677467 0.021843 0.032970
3 0.565380 0.742497 0.007481 0.014779
3 0.140186 0.905070 0.006882 0.015234
4 0.126122 0.560823 0.009874 0.017053
4 0.127917 0.121078 0.008677 0.015234
4 0.127618 0.276148 0.009276 0.017053
4 0.124327 0.831628 0.008677 0.012960
4 0.279623 0.237267 0.009276 0.015689
4 0.126721 0.174511 0.009874 0.013870
2 0.098893 0.613120 0.017654 0.019782
2 0.098893 0.892565 0.018851 0.019327
4 0.124626 0.670873 0.009276 0.014325
3 0.633303 0.895748 0.006882 0.016598
4 0.530820 0.093679 0.008378 0.012733
4 0.512567 0.090496 0.008977 0.014552
4 0.122681 0.934061 0.008378 0.014552
3 0.139737 0.932697 0.006583 0.017281
4 0.144823 0.073670 0.008378 0.014552
4 0.128067 0.068213 0.008378 0.013643
4 0.091113 0.456230 0.009276 0.014779
5 0.099042 0.456230 0.008977 0.014779
4 0.104877 0.332538 0.009276 0.014779
4 0.097397 0.346180 0.009276 0.014779
4 0.103381 0.136312 0.009276 0.012506
5 0.108618 0.136312 0.008977 0.012506
4 0.106074 0.118804 0.009276 0.014779
4 0.097397 0.133356 0.009276 0.014779
4 0.361011 0.143474 0.009276 0.012733