7 0.861161 0.934857 0.011370 0.013415
10 0.807600 0.931787 0.008378 0.005002
7 0.775583 0.935312 0.011370 0.013415
7 0.684620 0.932128 0.011370 0.008868
8 0.204668 0.931446 0.011370 0.007503
7 0.162478 0.931673 0.011969 0.009777
7 0.808498 0.888245 0.010174 0.013870
7 0.774087 0.888472 0.011969 0.013415
10 0.684321 0.884948 0.008378 0.005002
7 0.162777 0.887335 0.011370 0.012960
9 0.709755 0.884834 0.007780 0.024329
7 0.163674 0.838677 0.011969 0.010232
7 0.202873 0.839814 0.011370 0.013415
10 0.632855 0.790814 0.007181 0.005002
7 0.482047 0.794338 0.011969 0.013415
7 0.262717 0.793656 0.012567 0.012960
7 0.591861 0.791382 0.011370 0.008413
7 0.531119 0.791155 0.010772 0.007958
7 0.361161 0.793884 0.011969 0.013415
7 0.303411 0.798886 0.010174 0.024329
7 0.634650 0.751819 0.011969 0.012960
7 0.529324 0.751592 0.011969 0.013415
7 0.483543 0.751819 0.011370 0.012960
7 0.409635 0.752046 0.009575 0.013415
7 0.361161 0.751819 0.011969 0.012960
7 0.264213 0.751592 0.011969 0.013415
8 0.636744 0.704070 0.010174 0.009322
9 0.407241 0.710664 0.009575 0.023420
10 0.506284 0.625057 0.008977 0.004548
8 0.263315 0.608345 0.011370 0.007958
7 0.204369 0.610846 0.010772 0.012960
7 0.166667 0.610618 0.011969 0.013415
7 0.757929 0.610164 0.011969 0.013415
7 0.660084 0.610164 0.011370 0.013415
7 0.606224 0.610164 0.010174 0.013415
7 0.567026 0.610618 0.011969 0.013415
7 0.459605 0.610391 0.012567 0.013870
7 0.401855 0.610391 0.011969 0.013870
7 0.362956 0.610164 0.011969 0.013415
7 0.799521 0.609936 0.012567 0.012960
10 0.862358 0.599591 0.007780 0.002729
10 0.511670 0.584129 0.007780 0.004548
8 0.292041 0.572078 0.013764 0.017735
10 0.704069 0.573670 0.005984 0.002729
6 0.523938 0.579241 0.004788 0.015234
7 0.205266 0.569463 0.012567 0.012960
7 0.757032 0.569009 0.011370 0.012960
8 0.632855 0.566508 0.004788 0.007958
7 0.608618 0.569236 0.011370 0.013415
7 0.461101 0.569236 0.011969 0.013415
7 0.403052 0.569236 0.011969 0.013415
7 0.361161 0.566962 0.010772 0.008868
7 0.264811 0.569236 0.011969 0.013415
7 0.163375 0.569463 0.011370 0.013870
7 0.856673 0.568781 0.011969 0.013415
7 0.798624 0.569009 0.011969 0.013870
7 0.661879 0.569009 0.012567 0.013870
10 0.374028 0.533197 0.007780 0.004548
10 0.874327 0.532287 0.007780 0.004548
10 0.471275 0.469759 0.007181 0.004093
7 0.577499 0.475330 0.011370 0.009322
8 0.211550 0.472487 0.004788 0.020464
9 0.124177 0.434061 0.005984 0.016371
10 0.569719 0.383356 0.008977 0.003183
9 0.611909 0.392565 0.010772 0.023874
7 0.671753 0.330946 0.011969 0.012506
8 0.862358 0.327990 0.011370 0.007503
7 0.766008 0.328899 0.011370 0.009322
7 0.806703 0.330264 0.011370 0.012960
6 0.205566 0.331173 0.008378 0.018417
6 0.512268 0.330719 0.008977 0.017508
6 0.297427 0.330946 0.008977 0.017963
6 0.577499 0.330491 0.008977 0.017963
6 0.355476 0.330491 0.008977 0.017963
9 0.716038 0.327308 0.007181 0.025239
8 0.863256 0.283197 0.011969 0.008868
7 0.806703 0.285471 0.011370 0.013415
10 0.764811 0.281946 0.007780 0.005002
10 0.690904 0.248977 0.005984 0.002729
8 0.859964 0.236812 0.011370 0.007958
7 0.807301 0.238631 0.011370 0.012506
7 0.671753 0.239086 0.011969 0.013415
10 0.779174 0.199409 0.006583 0.004548
7 0.296230 0.196453 0.010174 0.016826
7 0.582585 0.193838 0.011969 0.013870
8 0.515859 0.190882 0.011370 0.007958
8 0.400958 0.190882 0.011370 0.007958
7 0.360862 0.193383 0.012567 0.012960
8 0.268103 0.191337 0.011370 0.008868
7 0.616996 0.192929 0.011370 0.012960
10 0.206762 0.149841 0.009575 0.004548
7 0.494614 0.148363 0.004788 0.008413
7 0.616996 0.150864 0.011370 0.012506
7 0.581089 0.151091 0.012567 0.012960
10 0.513764 0.147340 0.007181 0.004093
7 0.403950 0.150864 0.010174 0.012506
7 0.361161 0.151319 0.011969 0.013415
7 0.263615 0.147908 0.008378 0.007503
8 0.169360 0.148363 0.011370 0.007503
7 0.470676 0.151091 0.011969 0.013870
8 0.698983 0.143361 0.006583 0.007503
9 0.514363 0.113120 0.009575 0.020691
9 0.766308 0.113802 0.009575 0.023874
9 0.805805 0.111073 0.008378 0.026603
9 0.613405 0.108345 0.008977 0.024784
8 0.196888 0.065143 0.011370 0.006594
6 0.580790 0.068099 0.009575 0.017053
8 0.503591 0.065371 0.011969 0.007958
8 0.391083 0.064688 0.013166 0.007503
8 0.293537 0.065143 0.013166 0.008413
11 0.409037 0.951000 0.010174 0.006139
11 0.362507 0.950546 0.008677 0.006139
17 0.481299 0.950318 0.010473 0.006594
17 0.591861 0.949864 0.010174 0.006594
17 0.266158 0.950091 0.009874 0.007049
12 0.881059 0.945543 0.009276 0.006139
13 0.898115 0.942815 0.008677 0.005230
12 0.916966 0.940314 0.009276 0.005684
12 0.703621 0.940541 0.009874 0.006139
11 0.220078 0.939632 0.008677 0.006139
11 0.180132 0.939632 0.010174 0.006139
12 0.722621 0.938154 0.009575 0.005912
18 0.829294 0.935425 0.009874 0.005912
12 0.792041 0.935425 0.009575 0.005912
12 0.742220 0.935425 0.009276 0.005912
18 0.135548 0.929172 0.005984 0.003411
11 0.407690 0.904161 0.009276 0.006139
17 0.593357 0.903479 0.010174 0.006594
11 0.361011 0.903024 0.009874 0.005684
17 0.265260 0.903706 0.010473 0.007049
17 0.481149 0.903251 0.010174 0.007049
12 0.880910 0.899386 0.008977 0.005684
13 0.898414 0.896203 0.009276 0.005684
12 0.916517 0.893929 0.009575 0.005684
12 0.703471 0.893815 0.009575 0.005457
11 0.181029 0.893020 0.009575 0.005684
11 0.219479 0.892792 0.009874 0.006139
12 0.721873 0.891201 0.009276 0.005684
12 0.791293 0.888927 0.009276 0.005684
12 0.830192 0.888699 0.009276 0.006139
12 0.741023 0.888699 0.009276 0.006139
17 0.481149 0.857208 0.010772 0.006821
17 0.593507 0.856639 0.011071 0.006594
11 0.409785 0.856412 0.009276 0.006139
11 0.360114 0.856412 0.009874 0.006139
17 0.265859 0.856867 0.010473 0.007049
11 0.219330 0.845953 0.009575 0.006139
11 0.179084 0.845953 0.009276 0.006139
12 0.919958 0.822988 0.009276 0.006594
11 0.885248 0.822874 0.009276 0.006367
12 0.863256 0.822533 0.008977 0.006594
11 0.707510 0.822533 0.009874 0.006594
11 0.794584 0.821396 0.008677 0.005230
11 0.774536 0.822192 0.009874 0.006821
11 0.741771 0.822306 0.009575 0.007049
12 0.688211 0.822306 0.009575 0.007049
12 0.829593 0.820941 0.008079 0.006139
12 0.280820 0.809914 0.009276 0.005912
12 0.301765 0.807299 0.009276 0.005230
13 0.864602 0.805252 0.008677 0.006594
13 0.777379 0.804911 0.010174 0.006821
13 0.689856 0.804570 0.009874 0.006139
12 0.609964 0.804343 0.009276 0.005684
12 0.554608 0.804570 0.009874 0.006139
12 0.322711 0.804457 0.009276 0.005912
12 0.651406 0.802069 0.009575 0.005684
12 0.380910 0.802183 0.009575 0.005912
11 0.433573 0.799795 0.009575 0.005684
13 0.899461 0.799795 0.010174 0.006594
13 0.809844 0.799341 0.010473 0.006594
13 0.724117 0.799227 0.010174 0.006821
11 0.504039 0.797067 0.009276 0.005684
13 0.166367 0.791382 0.010772 0.007049
13 0.207062 0.786153 0.009575 0.006594
12 0.282166 0.762733 0.009575 0.006139
13 0.688959 0.762278 0.009874 0.006139
13 0.776332 0.762278 0.009276 0.007049
13 0.302214 0.759777 0.008977 0.005684
13 0.864153 0.757844 0.010174 0.006367
11 0.609665 0.757617 0.009874 0.005912
11 0.554758 0.757731 0.010174 0.006139
12 0.322113 0.757503 0.009276 0.005684
13 0.810742 0.757276 0.009874 0.006139
13 0.723668 0.757162 0.009874 0.006367
12 0.652753 0.755116 0.008677 0.005457
12 0.381059 0.754775 0.009874 0.005684
11 0.433423 0.752387 0.009276 0.006367
12 0.504339 0.749886 0.009874 0.005912
13 0.900509 0.749659 0.011071 0.006367
13 0.163824 0.744543 0.009874 0.006139
13 0.206463 0.739313 0.009575 0.006594
11 0.530820 0.708845 0.010174 0.005684
17 0.811789 0.706344 0.009575 0.006139
17 0.778426 0.706344 0.009874 0.006139
11 0.595601 0.706116 0.009276 0.005684
11 0.482795 0.706230 0.009874 0.005912
11 0.205416 0.706230 0.009276 0.005912
17 0.690305 0.706003 0.009575 0.006367
11 0.162627 0.705889 0.009874 0.006139
11 0.637792 0.703843 0.009874 0.005684
11 0.408438 0.703615 0.007780 0.005230
18 0.866846 0.701228 0.009575 0.006821
11 0.362507 0.700773 0.009874 0.005912
17 0.265859 0.700318 0.010473 0.006821
12 0.071364 0.662119 0.004488 0.005002
11 0.530072 0.647226 0.009874 0.006139
11 0.482196 0.645862 0.009874 0.007049
11 0.205266 0.645634 0.010174 0.007503
11 0.163974 0.645180 0.009575 0.006594
11 0.813435 0.644497 0.008079 0.007049
11 0.595601 0.644611 0.009276 0.007276
12 0.778875 0.643588 0.009575 0.006139
17 0.689258 0.643929 0.007481 0.007731
11 0.406942 0.642678 0.008977 0.006139
18 0.636894 0.641542 0.009276 0.005684
17 0.867295 0.639723 0.010473 0.007503
11 0.361909 0.639495 0.009874 0.007049
17 0.265410 0.639723 0.009575 0.007503
12 0.877768 0.620850 0.009874 0.006139
12 0.897816 0.618349 0.009276 0.005684
11 0.680880 0.616075 0.009874 0.005684
11 0.687313 0.598681 0.004189 0.003638
12 0.918013 0.615848 0.010174 0.006139
12 0.701825 0.613461 0.009874 0.005912
12 0.479354 0.613120 0.008378 0.006139
11 0.818522 0.610846 0.009874 0.006139
12 0.720377 0.610846 0.009874 0.006139
12 0.507481 0.610846 0.009575 0.006139
11 0.779473 0.610618 0.010174 0.006594
12 0.628516 0.608231 0.009276 0.005457
12 0.589019 0.608117 0.009276 0.006139
12 0.528276 0.608117 0.008677 0.006139
12 0.226960 0.606185 0.009276 0.005912
12 0.186565 0.606298 0.009874 0.006139
11 0.287403 0.603342 0.009276 0.005684
12 0.308049 0.600841 0.009874 0.006139
12 0.861311 0.598340 0.009276 0.004775
12 0.423698 0.597999 0.008977 0.005912
12 0.382855 0.597885 0.009874 0.005684
12 0.324955 0.598113 0.009575 0.006139
12 0.875972 0.579809 0.009874 0.005912
13 0.897816 0.576967 0.009276 0.005684
12 0.680281 0.574579 0.009874 0.006367
12 0.918163 0.574238 0.010473 0.006594
12 0.702274 0.571851 0.009575 0.005457
12 0.479503 0.571965 0.008079 0.005684
12 0.817624 0.569463 0.010473 0.006139
12 0.778725 0.569463 0.010473 0.006139
12 0.720527 0.569463 0.010174 0.006139
12 0.510323 0.569463 0.009874 0.006139
13 0.630012 0.566962 0.009874 0.005684
13 0.587074 0.566849 0.009575 0.005457
12 0.530072 0.566962 0.009874 0.005684
12 0.225464 0.564688 0.008677 0.006594
12 0.188061 0.564688 0.010473 0.006594
12 0.286206 0.561733 0.009276 0.006139
12 0.306104 0.559573 0.009575 0.005457
12 0.425194 0.556503 0.009575 0.005684
12 0.383752 0.556730 0.010473 0.006139
12 0.325404 0.556617 0.009874 0.005912
11 0.694195 0.538313 0.008378 0.003865
12 0.705416 0.523533 0.009874 0.006139
13 0.665021 0.532174 0.009276 0.006139
18 0.759575 0.531264 0.010473 0.007049
13 0.463645 0.526717 0.009874 0.007049
13 0.570317 0.526262 0.010772 0.007049
13 0.267654 0.523761 0.010473 0.006594
13 0.165619 0.523761 0.009874 0.006594
12 0.859515 0.523192 0.010473 0.006367
13 0.363256 0.523533 0.010174 0.007049
13 0.800569 0.523079 0.009874 0.007049
13 0.611161 0.521260 0.009276 0.006139
13 0.510024 0.520805 0.010473 0.007049
13 0.897666 0.517963 0.010174 0.006821
13 0.207810 0.514211 0.009276 0.006594
13 0.404249 0.510914 0.008977 0.006367
13 0.306703 0.510800 0.008977 0.007049
13 0.462448 0.487835 0.009874 0.006594
13 0.569420 0.487040 0.010772 0.006821
13 0.267654 0.484425 0.010473 0.006139
13 0.165320 0.484425 0.010473 0.006139
13 0.361610 0.484425 0.010473 0.007049
13 0.510024 0.481924 0.010473 0.006594
13 0.609665 0.481696 0.009874 0.007049
13 0.207959 0.479650 0.010772 0.006594
13 0.403800 0.477262 0.009874 0.006367
13 0.307750 0.477149 0.010473 0.007049
13 0.761071 0.473624 0.011071 0.006367
13 0.666068 0.473852 0.010174 0.006821
13 0.705416 0.468963 0.009874 0.006139
13 0.859814 0.468622 0.009874 0.006367
13 0.801167 0.468508 0.009874 0.006139
13 0.897816 0.463165 0.010473 0.006367
18 0.570467 0.446112 0.010473 0.005912
11 0.610263 0.445884 0.009874 0.006367
17 0.463645 0.446226 0.009874 0.007049
11 0.166218 0.443724 0.009874 0.005684
11 0.206314 0.443497 0.009874 0.006139
11 0.800269 0.437358 0.009276 0.005684
11 0.759575 0.437585 0.009874 0.006139
17 0.665619 0.437813 0.010473 0.006594
18 0.450778 0.435539 0.005685 0.003865
11 0.403800 0.435766 0.009874 0.006139
11 0.362657 0.435766 0.009575 0.006139
17 0.267654 0.435994 0.010473 0.007503
17 0.860712 0.430082 0.010473 0.006594
11 0.569569 0.385402 0.008677 0.005457
11 0.612807 0.385061 0.008977 0.005684
12 0.072561 0.385630 0.004488 0.007731
17 0.463046 0.384720 0.011071 0.006821
11 0.208707 0.382219 0.009874 0.006367
11 0.167714 0.382106 0.009276 0.006139
18 0.450479 0.376648 0.005087 0.003411
11 0.802065 0.376876 0.009276 0.005684
11 0.760174 0.376876 0.008079 0.005684
17 0.666966 0.377331 0.008378 0.006594
11 0.405895 0.374034 0.009276 0.006367
11 0.362956 0.373693 0.009575 0.006594
17 0.268851 0.373693 0.010473 0.007503
17 0.861909 0.368236 0.010473 0.007503
11 0.473519 0.347090 0.009276 0.006139
11 0.264662 0.347090 0.009276 0.006139
11 0.166816 0.344816 0.009874 0.006139
12 0.691203 0.338904 0.008977 0.006139
12 0.710203 0.336176 0.009874 0.006139
11 0.781867 0.333674 0.009575 0.005684
12 0.730551 0.333674 0.009874 0.005684
11 0.823459 0.333674 0.009575 0.006594
12 0.881358 0.330946 0.009874 0.006594
11 0.402603 0.329013 0.007481 0.005457
11 0.616248 0.328786 0.008677 0.005912
12 0.898863 0.328217 0.008378 0.006594
12 0.918911 0.325375 0.009575 0.006367
11 0.359216 0.302410 0.008079 0.005912
11 0.618342 0.301160 0.009276 0.006139
11 0.581538 0.301160 0.009874 0.006139
17 0.473818 0.301387 0.011071 0.006594
11 0.401706 0.301273 0.010473 0.006367
17 0.268253 0.300932 0.010473 0.006594
17 0.168312 0.299113 0.010473 0.006594
12 0.690604 0.293429 0.008977 0.006139
12 0.709306 0.290700 0.009276 0.006139
18 0.783363 0.288085 0.010174 0.005457
12 0.731299 0.288199 0.008977 0.005684
13 0.823309 0.287744 0.009874 0.005684
12 0.880760 0.285357 0.009874 0.006367
12 0.897367 0.282742 0.007181 0.005684
12 0.919808 0.280014 0.010174 0.005684
11 0.580940 0.255230 0.009874 0.006139
11 0.403950 0.255457 0.010174 0.006594
11 0.359216 0.255230 0.009276 0.006139
17 0.472920 0.255457 0.010473 0.007503
17 0.266906 0.255116 0.010174 0.006821
11 0.617744 0.254320 0.009276 0.006139
17 0.169210 0.252729 0.009874 0.006594
12 0.691951 0.246930 0.009276 0.005912
12 0.709605 0.244657 0.009874 0.005912
11 0.823609 0.241814 0.009276 0.005684
12 0.781718 0.241246 0.008079 0.004548
12 0.730700 0.241814 0.010174 0.006594
12 0.879414 0.239427 0.008977 0.006367
12 0.897816 0.237040 0.008079 0.006139
12 0.919360 0.234311 0.009276 0.006139
11 0.284560 0.209754 0.009575 0.006139
11 0.291592 0.191905 0.006882 0.004093
12 0.303112 0.207026 0.009575 0.006139
11 0.596200 0.204070 0.009276 0.006594
12 0.538450 0.203843 0.009874 0.006139
11 0.320168 0.203956 0.010174 0.006367
11 0.222472 0.204070 0.009874 0.006594
11 0.185667 0.204070 0.009276 0.006594
12 0.632406 0.201342 0.009874 0.005684
11 0.377618 0.201569 0.010174 0.006139
11 0.429084 0.199068 0.009575 0.005684
12 0.490874 0.196567 0.010473 0.006139
13 0.672651 0.194065 0.008378 0.006594
13 0.766308 0.192929 0.010174 0.007049
18 0.168462 0.191792 0.005984 0.004775
13 0.860114 0.190882 0.009276 0.005684
18 0.139437 0.181219 0.007181 0.004548
18 0.138390 0.186676 0.008079 0.005002
13 0.896619 0.180650 0.008079 0.006139
13 0.711251 0.180650 0.008977 0.006139
13 0.810144 0.180423 0.009874 0.006594
12 0.282765 0.161551 0.009575 0.006139
13 0.672950 0.161323 0.010772 0.006594
12 0.302513 0.159277 0.008378 0.006139
13 0.768103 0.159959 0.010772 0.008413
13 0.862059 0.158140 0.010772 0.006594
11 0.539198 0.156435 0.010174 0.005912
12 0.321215 0.156548 0.009874 0.006139
11 0.223668 0.156548 0.009874 0.006139
11 0.184919 0.156548 0.008977 0.006139
12 0.596499 0.156321 0.009874 0.006594
18 0.131059 0.153820 0.004788 0.003411
13 0.642280 0.153024 0.005087 0.003638
12 0.378965 0.153706 0.009276 0.005002
13 0.630610 0.153365 0.008677 0.005230
13 0.896170 0.153365 0.010772 0.006139
13 0.808648 0.153138 0.010473 0.006594
13 0.711700 0.153251 0.010473 0.006821
12 0.431628 0.151319 0.010473 0.006594
18 0.614452 0.149045 0.005087 0.004775
13 0.491023 0.148704 0.008378 0.005002
18 0.138989 0.144270 0.008079 0.004775
18 0.138989 0.139495 0.008079 0.004775
12 0.860862 0.116758 0.009575 0.005684
11 0.515111 0.107094 0.007481 0.005457
12 0.848145 0.106298 0.005685 0.004775
11 0.807301 0.106298 0.008378 0.005684
11 0.767504 0.106298 0.007780 0.005684
12 0.673399 0.106753 0.010473 0.006594
11 0.582436 0.104479 0.009276 0.006594
11 0.474566 0.102319 0.008977 0.005912
11 0.614752 0.101637 0.007481 0.005457
11 0.404698 0.099704 0.008079 0.006139
11 0.209455 0.099932 0.008977 0.006594
11 0.171005 0.099818 0.009874 0.006367
11 0.362956 0.097203 0.009575 0.005684
17 0.270497 0.093793 0.010772 0.007049
11 0.615949 0.060141 0.008079 0.005230
18 0.140934 0.058777 0.007780 0.004320
12 0.862208 0.056503 0.011071 0.007049
12 0.806403 0.046726 0.007181 0.005684
12 0.766308 0.046498 0.008378 0.006139
17 0.675494 0.047294 0.011071 0.007731
5 0.120138 0.610846 0.018253 0.022510
2 0.091113 0.838904 0.018851 0.017508
2 0.093208 0.284106 0.019449 0.018417
2 0.093507 0.330491 0.018851 0.019327
0 0.098594 0.150637 0.023040 0.023420
2 0.092609 0.931901 0.018253 0.017053
4 0.496559 0.610164 0.006284 0.012960
2 0.090814 0.609936 0.018253 0.019782
0 0.092908 0.525807 0.023639 0.024329
3 0.542340 0.755912 0.006882 0.014325
2 0.090515 0.568327 0.021245 0.020236
4 0.130311 0.067417 0.009874 0.013415
1 0.092908 0.435994 0.022442 0.039336
4 0.419659 0.799341 0.009276 0.012960
1 0.092011 0.709300 0.023040 0.038427
0 0.094105 0.388699 0.022442 0.032970
0 0.092609 0.663597 0.021843 0.031605
0 0.093507 0.750910 0.022442 0.024329
2 0.096200 0.885516 0.019449 0.017963
0 0.098294 0.192929 0.023639 0.023420
4 0.124476 0.843111 0.008378 0.016371
4 0.114602 0.835607 0.008977 0.014097
4 0.135248 0.833561 0.008378 0.014552
4 0.123878 0.889950 0.007181 0.012733
4 0.114303 0.882447 0.009575 0.015007
0 0.125075 0.474079 0.008378 0.010459
4 0.116098 0.466803 0.008378 0.014097
4 0.135847 0.464302 0.008378 0.014552
4 0.125075 0.526376 0.008378 0.013188
4 0.134949 0.515689 0.008977 0.014552
4 0.123878 0.794907 0.008378 0.013643
4 0.114901 0.785812 0.008378 0.015462
4 0.134351 0.784220 0.007780 0.014097
4 0.115200 0.564120 0.008977 0.015007
4 0.124177 0.708049 0.008977 0.015462
4 0.114303 0.700091 0.008378 0.015007
4 0.134051 0.697362 0.008378 0.015916
4 0.114901 0.658026 0.008378 0.015462
4 0.132256 0.654843 0.009575 0.015462
4 0.124776 0.390177 0.008977 0.016371
4 0.135548 0.379945 0.008977 0.014097
4 0.119390 0.279673 0.008977 0.013643
4 0.130760 0.108004 0.008977 0.015916
4 0.121783 0.098681 0.008977 0.013643
4 0.120586 0.234197 0.008977 0.012733
4 0.122980 0.752160 0.008977 0.015462
4 0.114602 0.743747 0.008977 0.012278
4 0.132555 0.741019 0.008977 0.014097
4 0.119838 0.184743 0.009276 0.013415
4 0.128965 0.192474 0.008977 0.013415
5 0.086924 0.789336 0.009276 0.013415
4 0.100239 0.793201 0.008977 0.013415
5 0.129713 0.234311 0.009276 0.013415
4 0.137343 0.233174 0.008977 0.013415
4 0.092310 0.069236 0.009276 0.013415
5 0.105027 0.072874 0.008977 0.013415
3 0.098594 0.114029 0.009276 0.011596
5 0.103830 0.114029 0.008977 0.011596
5 0.090814 0.109254 0.009276 0.013415
5 0.103830 0.105616 0.008977 0.013415
4 0.097696 0.463961 0.009276 0.013415
5 0.098294 0.483743 0.009276 0.013415
4 0.086924 0.477376 0.009276 0.013415