8 0.855177 0.940996 0.011370 0.007503
8 0.750150 0.940086 0.011969 0.006594
10 0.652304 0.939063 0.012567 0.005002
8 0.561939 0.938722 0.011370 0.007503
7 0.500000 0.941451 0.011969 0.012960
10 0.476062 0.932469 0.007181 0.001819
10 0.368342 0.931673 0.007181 0.001592
10 0.412627 0.931787 0.007181 0.002274
8 0.856673 0.901660 0.011969 0.007049
8 0.749551 0.900750 0.010772 0.007049
8 0.654997 0.900068 0.011969 0.006594
7 0.503291 0.902569 0.012567 0.013415
8 0.562238 0.899386 0.009575 0.007049
10 0.880012 0.886085 0.011969 0.002729
10 0.575404 0.866303 0.005984 0.004093
10 0.479354 0.865848 0.006583 0.003183
10 0.391981 0.865393 0.006583 0.003183
10 0.862059 0.856298 0.019150 0.002274
7 0.849791 0.869372 0.006583 0.002501
10 0.852184 0.853229 0.006583 0.001592
9 0.307600 0.855844 0.013764 0.022283
10 0.201376 0.819463 0.005984 0.003183
10 0.674746 0.818781 0.011969 0.002729
10 0.745362 0.817076 0.005984 0.002046
10 0.592759 0.816962 0.010772 0.004548
10 0.280969 0.807412 0.014363 0.001819
10 0.416218 0.781264 0.007181 0.003183
8 0.858468 0.775239 0.011969 0.007049
8 0.651107 0.774557 0.012567 0.006594
7 0.504189 0.777740 0.011969 0.013870
8 0.562837 0.773647 0.011969 0.007503
10 0.227110 0.771714 0.007181 0.002274
9 0.196589 0.774898 0.005984 0.025466
10 0.166068 0.766712 0.005984 0.002274
10 0.586176 0.724648 0.009575 0.003638
10 0.403052 0.720100 0.007181 0.001819
10 0.209755 0.719191 0.010772 0.001819
9 0.659785 0.716121 0.010772 0.023420
10 0.859066 0.709300 0.009575 0.002046
9 0.369539 0.709300 0.007181 0.022510
9 0.220826 0.709300 0.007780 0.022510
10 0.459306 0.678718 0.007181 0.002729
10 0.166667 0.673374 0.005984 0.001592
10 0.398863 0.673261 0.010772 0.004548
10 0.779473 0.663256 0.005984 0.002729
9 0.706164 0.666212 0.008977 0.022738
9 0.356673 0.660755 0.011370 0.023647
9 0.184321 0.659277 0.005386 0.018872
10 0.687014 0.640973 0.007780 0.003638
10 0.707361 0.627103 0.007780 0.003183
10 0.910533 0.616871 0.010772 0.002729
9 0.305206 0.624034 0.012567 0.025693
6 0.245961 0.655184 0.004189 0.077080
10 0.871634 0.601410 0.005984 0.001819
10 0.745961 0.600955 0.005984 0.001819
10 0.666966 0.598681 0.008378 0.002729
10 0.489826 0.597317 0.010772 0.001819
9 0.912328 0.595498 0.007181 0.015916
10 0.184321 0.586630 0.008977 0.003183
9 0.389288 0.589927 0.008378 0.021146
9 0.883303 0.592201 0.010174 0.023874
10 0.693597 0.583220 0.007780 0.004548
9 0.557451 0.584698 0.009575 0.026148
10 0.662178 0.577308 0.007181 0.002729
9 0.544584 0.585834 0.005386 0.022055
10 0.681029 0.577080 0.007780 0.003183
10 0.510772 0.576626 0.007181 0.002274
9 0.483842 0.585493 0.009575 0.021373
9 0.292041 0.581742 0.007780 0.021146
10 0.904548 0.554570 0.013166 0.001819
10 0.896469 0.551955 0.006583 0.002046
10 0.763914 0.548658 0.020347 0.004548
10 0.565829 0.546839 0.007181 0.004548
10 0.546978 0.546839 0.006583 0.004548
10 0.917714 0.537517 0.007181 0.002274
9 0.600539 0.533993 0.009575 0.026603
9 0.463794 0.535130 0.012567 0.025239
9 0.562238 0.533311 0.011969 0.028877
10 0.312687 0.516371 0.009575 0.004548
10 0.871035 0.495452 0.010772 0.001819
7 0.255835 0.497385 0.011969 0.013415
10 0.227110 0.492951 0.007181 0.002274
7 0.399461 0.497613 0.011969 0.013870
9 0.766008 0.488972 0.013764 0.022965
9 0.878815 0.483743 0.009575 0.026148
9 0.796230 0.487381 0.010772 0.025239
9 0.854578 0.485107 0.011370 0.023420
10 0.877020 0.456344 0.005984 0.001819
10 0.874028 0.453729 0.007181 0.002046
7 0.399461 0.455548 0.011969 0.012506
7 0.256433 0.455548 0.011969 0.013415
10 0.226212 0.451569 0.007780 0.003183
9 0.640036 0.452478 0.008378 0.018190
6 0.470078 0.448272 0.007181 0.017963
10 0.883902 0.419736 0.006583 0.003183
10 0.766607 0.414961 0.006583 0.003638
9 0.657092 0.414507 0.005386 0.020464
9 0.680431 0.414734 0.006583 0.020919
9 0.581089 0.410641 0.008977 0.021828
10 0.563136 0.401546 0.006583 0.002274
9 0.462597 0.408367 0.007780 0.027285
10 0.781568 0.396999 0.006583 0.002274
9 0.752244 0.404843 0.012567 0.023874
10 0.395871 0.393702 0.009575 0.001592
10 0.378516 0.393702 0.005984 0.001592
10 0.589767 0.376307 0.007181 0.001819
10 0.550868 0.376762 0.013166 0.004548
8 0.396170 0.375512 0.012567 0.017963
9 0.679533 0.371305 0.007181 0.022283
10 0.227110 0.363120 0.005984 0.002729
10 0.662777 0.361755 0.008378 0.002729
10 0.178935 0.326967 0.008977 0.004093
10 0.169659 0.325830 0.008378 0.001819
10 0.855476 0.325261 0.008378 0.002956
10 0.901855 0.323556 0.008977 0.001819
10 0.670257 0.321396 0.011370 0.002501
10 0.785757 0.320373 0.010174 0.004548
10 0.671155 0.319009 0.007181 0.001819
10 0.588270 0.319009 0.007780 0.001819
8 0.253142 0.325716 0.012567 0.011141
8 0.396469 0.324125 0.013166 0.017963
9 0.228606 0.308890 0.005386 0.009322
9 0.362358 0.301387 0.007181 0.027058
10 0.733992 0.277740 0.010772 0.003411
10 0.561640 0.264893 0.005984 0.003638
10 0.165769 0.257844 0.008977 0.003183
7 0.313585 0.261596 0.012567 0.012960
7 0.254638 0.261824 0.011969 0.013415
7 0.430580 0.248863 0.004788 0.011141
10 0.614004 0.245794 0.026930 0.004548
9 0.680132 0.223965 0.008378 0.020464
7 0.255536 0.222033 0.012567 0.012960
10 0.355177 0.217144 0.008378 0.002729
7 0.313285 0.221578 0.011969 0.012960
10 0.531119 0.208049 0.014363 0.001819
10 0.444943 0.208504 0.005984 0.004548
10 0.608917 0.206230 0.014363 0.001819
10 0.577199 0.205775 0.008378 0.004548
10 0.735189 0.167349 0.008378 0.003183
10 0.703770 0.167349 0.007780 0.003183
10 0.774087 0.166894 0.005984 0.003183
9 0.242669 0.167917 0.005984 0.008413
10 0.734291 0.163483 0.006583 0.002729
10 0.703471 0.163483 0.005984 0.002729
9 0.415919 0.172920 0.004189 0.034789
10 0.893178 0.160300 0.007181 0.004548
10 0.608318 0.158936 0.008378 0.001819
10 0.234889 0.159391 0.008378 0.002729
10 0.277977 0.154047 0.009575 0.001592
10 0.744764 0.152569 0.008378 0.001819
10 0.243567 0.153706 0.011370 0.005002
10 0.275583 0.151887 0.011969 0.002274
10 0.666966 0.139836 0.005984 0.001819
10 0.546080 0.140064 0.005984 0.002274
10 0.850090 0.137108 0.007181 0.001819
10 0.805805 0.137563 0.010772 0.002729
10 0.804010 0.135175 0.007181 0.001592
8 0.253441 0.136994 0.013166 0.018417
8 0.748654 0.133811 0.012567 0.017508
10 0.313585 0.118008 0.006583 0.003638
10 0.671753 0.078899 0.013166 0.001819
10 0.617295 0.078104 0.007181 0.002501
10 0.868342 0.073897 0.012567 0.004548
10 0.850987 0.073897 0.017355 0.004548
10 0.822262 0.074125 0.025733 0.005002
8 0.251646 0.079695 0.013166 0.018417
8 0.746559 0.077876 0.013166 0.018417
10 0.721424 0.059573 0.007181 0.003183
10 0.581388 0.054343 0.005984 0.002729
9 0.187911 0.062074 0.004189 0.040473
12 0.477858 0.947135 0.008977 0.006594
12 0.460054 0.946794 0.009874 0.006821
12 0.443297 0.946680 0.009874 0.006594
12 0.415171 0.946680 0.009874 0.006594
12 0.392729 0.946339 0.010473 0.006821
12 0.375224 0.946339 0.010174 0.006821
12 0.357271 0.946226 0.010174 0.006594
12 0.320168 0.945998 0.010174 0.006139
18 0.924147 0.944975 0.005685 0.005002
12 0.301915 0.945771 0.009575 0.006594
12 0.280820 0.945657 0.009276 0.006367
12 0.261969 0.945316 0.009874 0.006594
12 0.222771 0.945316 0.009276 0.006594
12 0.198384 0.945316 0.009575 0.006594
12 0.180880 0.945316 0.009276 0.006594
12 0.163674 0.945202 0.009575 0.006367
12 0.480850 0.907799 0.009575 0.006139
12 0.461849 0.907572 0.009874 0.006594
12 0.442549 0.907572 0.009575 0.006594
12 0.412777 0.907117 0.009874 0.006594
12 0.392879 0.907117 0.010772 0.006594
12 0.376421 0.907117 0.010174 0.006594
12 0.359515 0.907117 0.009874 0.006594
12 0.325105 0.906435 0.010473 0.006139
12 0.302364 0.906435 0.010473 0.006139
12 0.282316 0.906435 0.009874 0.006139
18 0.925344 0.905298 0.005685 0.004775
12 0.263764 0.906207 0.009874 0.006594
12 0.221574 0.906207 0.010473 0.006594
12 0.200479 0.906207 0.010174 0.006594
12 0.182077 0.906207 0.010473 0.006594
12 0.164123 0.906207 0.010473 0.006594
18 0.135398 0.903706 0.006882 0.004320
12 0.220826 0.875512 0.008977 0.006139
12 0.852035 0.871305 0.006284 0.005002
12 0.845302 0.867099 0.009575 0.004775
12 0.786655 0.870623 0.005984 0.004093
12 0.780969 0.866871 0.007780 0.005230
12 0.742220 0.869941 0.006882 0.005002
12 0.735338 0.866644 0.008677 0.005684
12 0.717684 0.869145 0.009276 0.006139
12 0.164273 0.869372 0.009575 0.006594
11 0.684171 0.868804 0.010473 0.006367
12 0.891233 0.868349 0.008677 0.005912
12 0.899312 0.871305 0.008677 0.005912
12 0.869390 0.868122 0.008677 0.005912
12 0.875972 0.871078 0.008677 0.005912
12 0.629114 0.868463 0.010473 0.006594
12 0.595901 0.867781 0.007481 0.006139
12 0.822113 0.867212 0.008677 0.005912
12 0.828695 0.870396 0.008677 0.005912
12 0.757481 0.867212 0.008677 0.005912
12 0.767056 0.869714 0.008677 0.005912
12 0.540545 0.867553 0.009276 0.006594
12 0.501197 0.866644 0.009575 0.005684
12 0.198983 0.866644 0.009575 0.005684
12 0.181927 0.866644 0.010174 0.005684
12 0.442699 0.866417 0.009874 0.006139
12 0.663525 0.865848 0.008677 0.005912
12 0.646320 0.865393 0.008977 0.005002
12 0.414871 0.865962 0.009276 0.006139
12 0.573758 0.865166 0.009874 0.005457
12 0.356822 0.865734 0.009874 0.006594
12 0.556403 0.864939 0.008677 0.005912
12 0.325105 0.865280 0.010473 0.006594
17 0.245512 0.864370 0.004488 0.004775
11 0.925344 0.865052 0.005685 0.007049
12 0.459904 0.863802 0.008977 0.005457
17 0.471873 0.849363 0.011969 0.002956
12 0.478755 0.863915 0.008977 0.005684
12 0.391382 0.863233 0.009575 0.006139
12 0.376870 0.863233 0.009874 0.006139
12 0.264961 0.859482 0.011071 0.006821
12 0.300269 0.857322 0.009874 0.005230
12 0.283662 0.857322 0.010174 0.006139
12 0.846649 0.837540 0.009874 0.006594
12 0.893627 0.837312 0.009276 0.007049
12 0.872681 0.836858 0.009276 0.006139
12 0.826002 0.837085 0.009276 0.006594
12 0.782466 0.837085 0.008378 0.006594
12 0.761071 0.836858 0.009874 0.007049
12 0.740126 0.836971 0.009874 0.007276
12 0.687163 0.836630 0.010473 0.006594
12 0.662178 0.836062 0.009575 0.006367
12 0.718432 0.835948 0.009575 0.007049
12 0.644973 0.835834 0.009874 0.006821
12 0.628217 0.836176 0.009874 0.007503
12 0.501346 0.835721 0.009874 0.006594
12 0.597546 0.835607 0.009575 0.007276
12 0.576601 0.835493 0.009575 0.007049
12 0.557600 0.835266 0.009874 0.007503
12 0.540395 0.835152 0.008977 0.007276
12 0.443597 0.833220 0.009276 0.006139
12 0.416517 0.832538 0.009575 0.006594
12 0.359814 0.832083 0.009276 0.006594
12 0.325404 0.831401 0.009874 0.006139
12 0.479354 0.829582 0.008977 0.006139
12 0.462448 0.829582 0.009276 0.006139
12 0.393776 0.829013 0.010174 0.005912
12 0.376870 0.828672 0.009874 0.006139
12 0.265709 0.825944 0.010174 0.006139
12 0.223818 0.825489 0.010174 0.006139
12 0.301466 0.823442 0.009874 0.005684
12 0.285757 0.823101 0.009575 0.005912
18 0.928336 0.821851 0.010473 0.006139
12 0.165320 0.820487 0.010473 0.006139
12 0.200628 0.817758 0.009276 0.005230
12 0.184171 0.817531 0.009874 0.005684
17 0.136296 0.806844 0.008677 0.004320
18 0.926391 0.780241 0.005386 0.004775
12 0.444644 0.780127 0.010174 0.005457
12 0.417265 0.779559 0.009276 0.005230
12 0.359515 0.779332 0.009874 0.005684
12 0.327798 0.779332 0.009874 0.005684
12 0.478755 0.777854 0.010174 0.006367
12 0.463944 0.777740 0.010473 0.006139
12 0.393178 0.777285 0.010174 0.006139
12 0.376272 0.777285 0.009874 0.006139
12 0.264961 0.774557 0.008677 0.005230
12 0.226062 0.774443 0.008677 0.005912
12 0.301466 0.771828 0.009874 0.006139
12 0.283962 0.771828 0.009575 0.006139
12 0.166517 0.769100 0.008079 0.005230
18 0.111460 0.769213 0.008079 0.005457
18 0.137193 0.769100 0.008079 0.006139
12 0.201676 0.766826 0.010174 0.006139
12 0.184470 0.766598 0.010473 0.006594
12 0.917714 0.727717 0.009575 0.006139
12 0.889737 0.727831 0.009874 0.006367
12 0.870287 0.727717 0.010473 0.006139
12 0.843806 0.727717 0.010174 0.006139
12 0.804309 0.727490 0.010174 0.006594
18 0.491771 0.725557 0.009874 0.003638
12 0.485787 0.708163 0.009874 0.006139
12 0.759126 0.709186 0.009575 0.005457
12 0.707361 0.709413 0.008378 0.005912
12 0.778127 0.709300 0.009276 0.006594
11 0.741173 0.709300 0.010174 0.006594
12 0.679982 0.708845 0.009276 0.005684
12 0.661281 0.708845 0.008977 0.005684
12 0.643776 0.709072 0.009874 0.006139
12 0.582885 0.708845 0.008977 0.005684
12 0.565829 0.709072 0.009575 0.006139
12 0.547876 0.709072 0.009575 0.006139
12 0.513166 0.708504 0.010174 0.005912
12 0.467684 0.708618 0.010174 0.006139
12 0.608618 0.708504 0.008378 0.006821
12 0.448683 0.708163 0.009874 0.006139
12 0.414722 0.708163 0.008977 0.006139
12 0.395721 0.703161 0.009276 0.007049
12 0.375972 0.702933 0.009276 0.006594
12 0.356523 0.702933 0.009874 0.006594
12 0.302065 0.703161 0.008677 0.007049
12 0.283662 0.703274 0.008977 0.007276
12 0.227259 0.703388 0.008677 0.007503
12 0.183573 0.703388 0.009874 0.007503
12 0.320018 0.702478 0.008677 0.006594
12 0.201526 0.702706 0.008677 0.007049
12 0.165470 0.702706 0.009575 0.007049
12 0.265410 0.702478 0.009575 0.007503
12 0.919360 0.679513 0.010473 0.006139
12 0.891083 0.679513 0.010174 0.006139
12 0.870138 0.679059 0.010174 0.006139
12 0.804159 0.679059 0.009874 0.006139
12 0.845153 0.679059 0.010473 0.007049
12 0.778576 0.660982 0.008378 0.005457
12 0.760473 0.660982 0.008677 0.005457
11 0.741622 0.661096 0.009276 0.005684
12 0.707211 0.661096 0.008677 0.005684
12 0.681478 0.661096 0.008677 0.005684
12 0.662627 0.660869 0.008079 0.006139
12 0.608318 0.660869 0.008977 0.006139
12 0.581837 0.660641 0.008677 0.005684
12 0.563285 0.660641 0.008677 0.005684
12 0.643327 0.660641 0.009575 0.006594
12 0.546080 0.660414 0.009575 0.006139
12 0.512567 0.660300 0.008977 0.005912
12 0.485637 0.660414 0.009575 0.006139
12 0.467684 0.660414 0.009575 0.006139
12 0.447187 0.660414 0.010473 0.006139
12 0.413824 0.660073 0.009575 0.006367
12 0.182077 0.654843 0.008079 0.005912
12 0.394524 0.654729 0.008079 0.006594
12 0.376122 0.654957 0.008378 0.007049
12 0.285308 0.654843 0.008677 0.006821
12 0.264961 0.654729 0.008677 0.006594
12 0.201376 0.655184 0.008977 0.007503
12 0.321065 0.654729 0.008977 0.007503
12 0.303860 0.654502 0.009874 0.007049
12 0.227858 0.654729 0.008677 0.007503
12 0.165320 0.654502 0.009276 0.007049
12 0.357121 0.654275 0.009874 0.007503
12 0.919659 0.637676 0.009874 0.006139
12 0.165470 0.635857 0.009575 0.006139
12 0.906344 0.634720 0.008378 0.004775
18 0.906344 0.639495 0.008378 0.004775
12 0.264512 0.635402 0.010174 0.006139
12 0.228905 0.635516 0.009575 0.006367
12 0.201376 0.633356 0.009575 0.005684
12 0.303860 0.633015 0.009874 0.005912
13 0.285159 0.633129 0.009575 0.006139
12 0.182376 0.633242 0.009874 0.006367
12 0.845003 0.632447 0.010174 0.006594
12 0.804758 0.632447 0.009874 0.006594
12 0.890634 0.629945 0.009276 0.005230
12 0.356523 0.630400 0.009874 0.006139
12 0.319719 0.630400 0.010473 0.006139
12 0.871484 0.629718 0.009276 0.005684
12 0.741622 0.629718 0.009276 0.005684
12 0.707510 0.629263 0.008079 0.005684
12 0.395422 0.628354 0.008677 0.005684
12 0.376870 0.628126 0.008677 0.005230
12 0.777977 0.627217 0.008977 0.006139
12 0.759874 0.627217 0.009874 0.006139
12 0.643178 0.626762 0.009874 0.006139
12 0.607870 0.626421 0.009874 0.006367
12 0.446589 0.625853 0.010473 0.006139
12 0.412029 0.625853 0.009575 0.006139
12 0.681478 0.624375 0.008677 0.005912
12 0.664423 0.624375 0.008079 0.005912
12 0.483992 0.623693 0.007481 0.005457
12 0.546379 0.623693 0.008378 0.006367
12 0.509575 0.623579 0.007181 0.006139
12 0.467086 0.623465 0.007780 0.005912
12 0.584081 0.621078 0.009575 0.006594
12 0.565230 0.621078 0.008977 0.006594
12 0.919060 0.592201 0.009874 0.006139
12 0.165619 0.591519 0.009276 0.005684
12 0.265260 0.591291 0.010473 0.006139
12 0.227259 0.591291 0.009874 0.006139
12 0.201975 0.589018 0.008977 0.005230
12 0.303710 0.588790 0.009575 0.005684
12 0.285757 0.588904 0.009575 0.005912
12 0.183273 0.588790 0.009276 0.005684
12 0.845452 0.586858 0.008677 0.006367
12 0.803710 0.586971 0.008977 0.006594
12 0.357121 0.586289 0.009874 0.006139
12 0.320916 0.586289 0.010473 0.006139
12 0.707959 0.584698 0.007780 0.005684
12 0.889737 0.584243 0.008079 0.005684
12 0.871035 0.584243 0.008977 0.005684
12 0.741023 0.584470 0.009276 0.006139
12 0.377020 0.584015 0.009575 0.006139
12 0.395871 0.583788 0.009575 0.006594
12 0.776182 0.581969 0.008977 0.006594
12 0.758677 0.581742 0.009874 0.006139
12 0.643776 0.581514 0.009874 0.006594
12 0.606972 0.581742 0.009276 0.007049
12 0.447487 0.581514 0.009874 0.006594
12 0.412777 0.581173 0.009874 0.006821
12 0.681179 0.579127 0.009276 0.005457
12 0.663525 0.579354 0.008677 0.005912
12 0.547277 0.579241 0.008378 0.005684
12 0.510323 0.579241 0.007481 0.005684
12 0.485189 0.578786 0.008677 0.005684
12 0.466936 0.579013 0.009276 0.006139
12 0.581239 0.576512 0.009276 0.006594
12 0.564931 0.576512 0.009575 0.006594
12 0.263914 0.540814 0.008378 0.005230
12 0.164423 0.540814 0.008677 0.005230
12 0.227259 0.540587 0.009874 0.005684
12 0.917864 0.540359 0.007481 0.006139
12 0.284411 0.537858 0.009276 0.005684
12 0.199431 0.538085 0.009276 0.006139
12 0.182077 0.538199 0.009276 0.006367
12 0.302663 0.537858 0.009874 0.006594
12 0.844554 0.535357 0.009276 0.006139
12 0.805057 0.535243 0.009874 0.005912
12 0.358019 0.535471 0.009276 0.006367
12 0.320616 0.535357 0.009874 0.006139
12 0.706314 0.533083 0.009276 0.006139
12 0.870586 0.532628 0.009874 0.006139
12 0.739826 0.532174 0.009276 0.006139
12 0.393028 0.532287 0.008677 0.006367
12 0.374776 0.531946 0.008079 0.005684
12 0.891083 0.531719 0.008378 0.006139
12 0.777977 0.529900 0.009575 0.007049
12 0.642579 0.529900 0.008677 0.007049
12 0.445990 0.529900 0.009276 0.007049
12 0.414273 0.529900 0.009276 0.007049
12 0.758977 0.529673 0.009276 0.007503
12 0.608169 0.529673 0.009276 0.007503
12 0.484291 0.527171 0.008079 0.006139
12 0.464692 0.527171 0.008977 0.006139
12 0.680281 0.526944 0.008677 0.006594
12 0.662328 0.526944 0.009276 0.006594
12 0.546230 0.526944 0.009874 0.006594
12 0.510174 0.526830 0.008977 0.006367
12 0.583184 0.524670 0.009575 0.006594
12 0.564183 0.524557 0.008677 0.007276
12 0.445841 0.502842 0.010174 0.006594
12 0.307151 0.502842 0.009874 0.006594
18 0.166816 0.498295 0.007481 0.005684
12 0.485787 0.495111 0.009874 0.004775
12 0.466786 0.495339 0.008977 0.005230
12 0.193447 0.495566 0.008079 0.005684
12 0.368492 0.495225 0.008677 0.005912
12 0.338719 0.495225 0.008977 0.005912
12 0.227558 0.495111 0.008677 0.005684
12 0.064183 0.493292 0.004488 0.003411
12 0.503142 0.492951 0.009874 0.005912
12 0.543387 0.492724 0.010174 0.006367
12 0.602932 0.490564 0.009575 0.005684
12 0.582585 0.490337 0.009575 0.005230
12 0.565081 0.490564 0.009276 0.005684
12 0.642280 0.490109 0.008079 0.005684
12 0.684171 0.487608 0.010473 0.006139
12 0.662627 0.487267 0.010473 0.006367
12 0.701975 0.485107 0.008977 0.005684
12 0.744913 0.484879 0.009874 0.006139
12 0.765260 0.482151 0.009874 0.006139
12 0.783363 0.481810 0.008977 0.006367
12 0.804309 0.479650 0.009575 0.006594
12 0.883752 0.479195 0.008677 0.007503
11 0.842160 0.478513 0.009276 0.006139
12 0.915320 0.478286 0.009575 0.006594
12 0.862657 0.478740 0.009575 0.007503
12 0.445542 0.461005 0.009575 0.006594
12 0.306703 0.461005 0.010772 0.006594
12 0.064183 0.461005 0.004488 0.008413
12 0.165919 0.456230 0.009276 0.006139
12 0.135996 0.453729 0.008079 0.004775
12 0.467385 0.453502 0.008977 0.005230
12 0.368342 0.453502 0.009575 0.005230
12 0.339168 0.453729 0.009874 0.005684
12 0.194345 0.453956 0.009874 0.006139
12 0.487433 0.453502 0.009575 0.006139
12 0.226661 0.453502 0.008677 0.006139
12 0.543986 0.450773 0.010174 0.006139
12 0.503890 0.450773 0.010174 0.006139
12 0.602932 0.448272 0.009575 0.005684
12 0.581987 0.448272 0.009575 0.005684
12 0.563585 0.448272 0.009874 0.005684
12 0.641083 0.447931 0.008079 0.005912
12 0.663375 0.445771 0.008977 0.006139
12 0.682077 0.445202 0.009874 0.006821
12 0.744315 0.442815 0.009874 0.005684
12 0.703022 0.443042 0.009874 0.006139
12 0.782316 0.439518 0.009276 0.006367
12 0.765260 0.439518 0.009874 0.006367
12 0.805655 0.437813 0.009276 0.006594
12 0.862507 0.437358 0.009276 0.006594
12 0.840664 0.437358 0.009874 0.006594
12 0.914572 0.436448 0.008677 0.006594
12 0.885248 0.436676 0.009276 0.007049
13 0.306254 0.430309 0.009874 0.007049
12 0.255087 0.429627 0.009276 0.006594
13 0.399312 0.429400 0.010473 0.007049
13 0.164123 0.429400 0.009276 0.007049
12 0.337074 0.422465 0.010473 0.005912
13 0.225464 0.422578 0.009874 0.006139
13 0.191652 0.422692 0.010473 0.006367
13 0.368492 0.422351 0.009874 0.006594
12 0.915470 0.420305 0.009874 0.006139
12 0.883154 0.417804 0.009874 0.005684
12 0.862807 0.418031 0.009874 0.006139
12 0.842460 0.415757 0.009874 0.006139
12 0.803710 0.415757 0.010174 0.006139
12 0.765111 0.413370 0.009575 0.005002
12 0.783064 0.413483 0.009575 0.006139
13 0.179234 0.412574 0.010174 0.006139
12 0.445392 0.412119 0.009276 0.006139
13 0.323010 0.412119 0.009874 0.006139
12 0.702274 0.411210 0.009575 0.006139
12 0.743118 0.410982 0.009874 0.006594
12 0.682077 0.409050 0.007481 0.005457
12 0.662777 0.409163 0.009575 0.005684
12 0.640784 0.406321 0.009874 0.006367
12 0.603980 0.406435 0.009276 0.006594
13 0.208558 0.405070 0.009575 0.005684
13 0.386595 0.404843 0.010174 0.006139
13 0.352932 0.404843 0.009874 0.006139
12 0.241921 0.404843 0.010473 0.006139
12 0.582136 0.404161 0.007481 0.005684
12 0.563136 0.404161 0.008977 0.005684
12 0.502394 0.401887 0.009575 0.006594
12 0.542639 0.401432 0.009874 0.006594
12 0.801765 0.398136 0.004488 0.003638
13 0.486086 0.399386 0.009276 0.006139
12 0.464841 0.399386 0.009874 0.006139
12 0.914423 0.375966 0.010174 0.006594
12 0.885099 0.373465 0.008977 0.005230
12 0.864901 0.373579 0.009276 0.005457
12 0.841412 0.371305 0.010174 0.006367
12 0.804758 0.371305 0.009874 0.006367
12 0.767205 0.369486 0.008977 0.005912
12 0.784710 0.369145 0.008079 0.005684
12 0.703621 0.366871 0.009874 0.005684
12 0.135697 0.365962 0.008079 0.004775
12 0.135697 0.370737 0.008079 0.004775
12 0.742519 0.366417 0.009874 0.006594
12 0.337971 0.365734 0.008079 0.005230
12 0.337672 0.348454 0.009276 0.006139
12 0.226062 0.365962 0.008079 0.005684
12 0.225913 0.348454 0.008977 0.006139
12 0.194045 0.365848 0.006882 0.005457
12 0.193597 0.348113 0.008977 0.006367
12 0.369689 0.365621 0.008677 0.005912
12 0.369090 0.348226 0.009874 0.006594
12 0.685368 0.364825 0.008079 0.006139
12 0.662777 0.364370 0.008977 0.006139
13 0.273639 0.363461 0.009276 0.006139
13 0.273040 0.346180 0.009276 0.007958
13 0.274686 0.412233 0.010174 0.006367
12 0.165619 0.363347 0.007481 0.005912
12 0.165619 0.346407 0.008677 0.006594
12 0.445392 0.363006 0.009276 0.006139
12 0.445392 0.346635 0.009276 0.007049
12 0.306852 0.363120 0.008677 0.006367
12 0.306403 0.345953 0.009575 0.006594
13 0.414273 0.362779 0.009276 0.006594
12 0.413525 0.346407 0.009575 0.007503
13 0.413974 0.412119 0.009874 0.006139
12 0.603980 0.362324 0.009276 0.006594
12 0.641532 0.361869 0.010174 0.006594
12 0.581239 0.359823 0.009276 0.006139
12 0.563285 0.359709 0.009276 0.005912
12 0.505536 0.358231 0.009874 0.006594
13 0.064482 0.362665 0.005087 0.015462
12 0.543686 0.357435 0.009575 0.005912
12 0.484740 0.348454 0.009575 0.006139
12 0.464692 0.348226 0.009575 0.006594
18 0.204069 0.326739 0.008977 0.002729
12 0.914423 0.311846 0.009575 0.005684
12 0.338270 0.309800 0.008079 0.006139
12 0.194943 0.310141 0.009874 0.006821
12 0.883303 0.309231 0.008977 0.005912
12 0.225763 0.309573 0.009276 0.006594
12 0.862507 0.309118 0.009276 0.006594
12 0.369390 0.309345 0.009276 0.007049
11 0.165021 0.308436 0.008677 0.006139
12 0.272741 0.307526 0.007481 0.006139
12 0.841861 0.307071 0.009874 0.006139
12 0.807151 0.307299 0.009874 0.006594
13 0.412627 0.307185 0.008378 0.006367
12 0.306703 0.307071 0.008977 0.006139
12 0.764363 0.305707 0.009276 0.006139
12 0.782914 0.304798 0.008677 0.006139
12 0.743268 0.302638 0.008977 0.006367
12 0.701526 0.303092 0.009276 0.007276
12 0.662328 0.300819 0.008677 0.006367
12 0.681478 0.299568 0.008677 0.006594
12 0.602633 0.298886 0.008977 0.007049
12 0.641682 0.297976 0.009276 0.007049
12 0.581837 0.296612 0.009276 0.006139
12 0.562986 0.296385 0.008677 0.005684
12 0.543836 0.294338 0.009874 0.007049
12 0.503740 0.293429 0.009874 0.006139
18 0.337522 0.292406 0.008378 0.005912
18 0.193597 0.292519 0.008378 0.006139
18 0.368791 0.292178 0.009276 0.006367
18 0.225165 0.292065 0.009276 0.006139
18 0.484440 0.291610 0.009575 0.006139
18 0.463794 0.291155 0.009575 0.006139
12 0.271843 0.290587 0.008079 0.006821
12 0.412478 0.290359 0.009276 0.007276
12 0.164123 0.290359 0.009276 0.007276
12 0.307151 0.289905 0.009276 0.007276
12 0.444195 0.289336 0.009276 0.007958
12 0.471125 0.266598 0.009276 0.006139
12 0.456014 0.266485 0.008977 0.005912
13 0.433573 0.266598 0.009575 0.006139
12 0.517205 0.265803 0.009276 0.006367
12 0.752693 0.264325 0.009874 0.006139
11 0.806254 0.264097 0.010473 0.006594
12 0.560742 0.263188 0.010174 0.005684
12 0.337971 0.262051 0.009874 0.006139
12 0.867744 0.261141 0.010174 0.006139
12 0.583483 0.260459 0.010174 0.005684
13 0.627020 0.260232 0.009874 0.006139
12 0.195542 0.259777 0.009874 0.005230
12 0.165619 0.260232 0.008677 0.006139
12 0.371185 0.259322 0.008079 0.005230
12 0.355027 0.259550 0.008079 0.005684
12 0.227259 0.259550 0.008677 0.005684
12 0.412029 0.259095 0.009575 0.005684
12 0.899312 0.258299 0.009874 0.005912
12 0.690156 0.257503 0.009874 0.005230
12 0.662178 0.257731 0.009575 0.005684
12 0.722472 0.257276 0.008079 0.005684
12 0.472322 0.226353 0.009276 0.005684
12 0.455266 0.226239 0.008079 0.005457
13 0.432675 0.226353 0.010174 0.005684
12 0.517056 0.225898 0.010174 0.006594
12 0.752693 0.224307 0.009874 0.006139
11 0.802962 0.223738 0.007481 0.005912
13 0.561191 0.223397 0.009874 0.006139
12 0.337822 0.221805 0.009575 0.006594
12 0.868791 0.220896 0.009874 0.005684
13 0.625972 0.220441 0.010174 0.005684
13 0.625374 0.207367 0.007181 0.005457
12 0.165919 0.220214 0.008079 0.005230
12 0.582735 0.220555 0.009874 0.006367
12 0.225015 0.219873 0.008977 0.005457
12 0.194345 0.219986 0.008079 0.005684
12 0.355177 0.219532 0.007780 0.005684
12 0.411580 0.218963 0.009874 0.005457
12 0.372681 0.219191 0.009874 0.005912
12 0.899312 0.217940 0.009874 0.006139
12 0.659934 0.217713 0.009874 0.005684
12 0.687612 0.217258 0.009575 0.005684
12 0.721873 0.217030 0.009276 0.006139
18 0.447487 0.208390 0.006284 0.002501
13 0.164273 0.194975 0.008378 0.007503
13 0.659635 0.192474 0.009874 0.007049
13 0.545482 0.191905 0.009575 0.006821
13 0.609814 0.191564 0.008977 0.007049
13 0.581388 0.191451 0.009575 0.007276
12 0.832286 0.189745 0.008677 0.007049
13 0.897367 0.189291 0.009575 0.007049
13 0.867445 0.189518 0.009575 0.007503
13 0.224417 0.186335 0.009575 0.005684
13 0.194943 0.186562 0.009874 0.006139
13 0.256134 0.186107 0.009575 0.006139
13 0.411879 0.186107 0.010473 0.007049
13 0.314034 0.186221 0.011071 0.007276
12 0.514961 0.185198 0.009575 0.006139
13 0.721125 0.183834 0.010174 0.006139
12 0.688360 0.183834 0.010473 0.006139
13 0.751346 0.183606 0.009575 0.006594
13 0.801765 0.182924 0.009874 0.006139
13 0.182226 0.176330 0.009575 0.006594
13 0.560742 0.174511 0.010174 0.006594
13 0.672950 0.173829 0.009575 0.006139
13 0.625075 0.173943 0.009575 0.006367
12 0.597098 0.174056 0.008677 0.006594
12 0.846349 0.172124 0.010473 0.006367
13 0.913824 0.171783 0.010174 0.006594
13 0.882855 0.171783 0.009276 0.006594
13 0.210054 0.168372 0.009575 0.005230
13 0.279922 0.167690 0.008677 0.004775
13 0.277977 0.124261 0.007181 0.006139
13 0.276930 0.106526 0.007481 0.006139
13 0.240126 0.168372 0.009276 0.006139
13 0.353980 0.167917 0.010772 0.006139
13 0.529773 0.167121 0.009276 0.005457
13 0.455117 0.167235 0.010772 0.006594
13 0.735338 0.165530 0.008677 0.005002
12 0.703920 0.165757 0.009276 0.005457
12 0.817774 0.165075 0.009575 0.004548
13 0.772741 0.164961 0.010473 0.005684
13 0.771694 0.121533 0.008378 0.006139
11 0.615649 0.137790 0.007481 0.004093
13 0.624327 0.122442 0.008079 0.006139
13 0.624476 0.104138 0.008378 0.007731
11 0.549970 0.137904 0.005984 0.005684
13 0.560144 0.122897 0.008977 0.006139
13 0.558498 0.104479 0.009276 0.007503
12 0.836924 0.133470 0.007181 0.005457
13 0.845751 0.120509 0.006882 0.005912
18 0.845751 0.102660 0.009276 0.006594
12 0.194045 0.127444 0.006882 0.005684
12 0.193597 0.108799 0.008977 0.006139
12 0.223668 0.127103 0.007481 0.006367
12 0.223369 0.108799 0.009276 0.006139
12 0.163674 0.125171 0.009575 0.006139
12 0.162029 0.106753 0.008677 0.007503
12 0.688211 0.124602 0.008977 0.005912
12 0.686864 0.106526 0.008677 0.006139
12 0.720527 0.124261 0.006583 0.006139
12 0.720826 0.106071 0.008977 0.006139
13 0.383154 0.124034 0.009276 0.006594
13 0.381658 0.105844 0.008677 0.007503
12 0.485039 0.123579 0.008378 0.006594
12 0.483992 0.104934 0.009874 0.007503
12 0.658737 0.122328 0.007481 0.005912
12 0.658438 0.104252 0.009276 0.007049
11 0.411131 0.120964 0.008378 0.006821
11 0.312238 0.120850 0.006284 0.006594
13 0.911879 0.120168 0.008677 0.006139
12 0.516158 0.120396 0.008378 0.006594
12 0.581837 0.120055 0.009276 0.006821
13 0.899910 0.117781 0.008677 0.005002
13 0.899910 0.122783 0.008677 0.005002
12 0.866098 0.117894 0.008079 0.006139
12 0.802513 0.118122 0.008977 0.006594
18 0.311939 0.103570 0.008677 0.005684
18 0.409635 0.103570 0.008977 0.006594
18 0.770197 0.102660 0.008977 0.006594
12 0.769749 0.058777 0.008079 0.006139
18 0.800718 0.100841 0.008977 0.006594
12 0.801317 0.056730 0.007780 0.007503
18 0.865051 0.099818 0.008378 0.006367
12 0.865500 0.056276 0.008079 0.007503
12 0.834231 0.072078 0.008378 0.005457
12 0.843956 0.058663 0.008079 0.005912
12 0.843507 0.040359 0.009575 0.007503
12 0.062986 0.070373 0.004488 0.004775
12 0.223968 0.064575 0.009276 0.006821
12 0.193297 0.064802 0.008977 0.007276
12 0.687163 0.062869 0.009276 0.006139
12 0.719928 0.062528 0.007780 0.006821
12 0.162627 0.062187 0.007481 0.006594
12 0.276930 0.061278 0.008677 0.005684
13 0.558348 0.060596 0.007780 0.006139
12 0.483244 0.060368 0.006583 0.005684
12 0.382256 0.060709 0.007481 0.006367
12 0.658139 0.060141 0.008677 0.006139
13 0.624327 0.059231 0.008079 0.006139
11 0.311041 0.059118 0.006284 0.006367
11 0.409934 0.058663 0.007181 0.006367
12 0.911430 0.058436 0.008378 0.006367
18 0.912178 0.101864 0.009276 0.006821
12 0.580042 0.057754 0.008079 0.007731
18 0.579443 0.102660 0.009276 0.006594
12 0.514512 0.057526 0.007481 0.007276
18 0.514662 0.102660 0.008977 0.006594
18 0.191801 0.046498 0.008977 0.006139
18 0.222472 0.045703 0.008677 0.006367
18 0.718881 0.044452 0.008677 0.005684
18 0.686864 0.044679 0.009874 0.006139
18 0.162627 0.043088 0.009874 0.006594
12 0.276332 0.043088 0.009874 0.007503
12 0.557899 0.042633 0.009276 0.007503
12 0.769749 0.041951 0.009276 0.007049
18 0.657241 0.041837 0.009276 0.006821
18 0.622681 0.041951 0.009575 0.007049
12 0.483842 0.042178 0.009575 0.007503
12 0.382256 0.042519 0.009874 0.008186
12 0.910981 0.040814 0.009276 0.007503
18 0.578995 0.039677 0.008378 0.006139
18 0.514512 0.040018 0.009874 0.006821
18 0.409635 0.039677 0.008977 0.006139
12 0.310443 0.039905 0.008677 0.006594
18 0.800269 0.038313 0.009276 0.006139
18 0.864153 0.037972 0.009575 0.006367
2 0.085727 0.496930 0.018851 0.019327
3 0.609964 0.041496 0.006882 0.020691
4 0.829892 0.040587 0.009874 0.017053
4 0.469330 0.041951 0.009276 0.017053
4 0.793387 0.223852 0.014662 0.016144
4 0.612956 0.220896 0.009276 0.015689
3 0.887642 0.257958 0.006882 0.019782
3 0.571065 0.260232 0.006882 0.018872
2 0.087522 0.221123 0.023639 0.018872
3 0.897816 0.040132 0.006882 0.019782
4 0.756882 0.040814 0.009874 0.017508
1 0.087223 0.322988 0.021843 0.030696
0 0.086326 0.369372 0.022442 0.032515
4 0.898414 0.101751 0.009276 0.016598
3 0.888241 0.217485 0.006882 0.018872
3 0.899910 0.059459 0.013465 0.023874
4 0.264662 0.062187 0.009276 0.016598
4 0.469330 0.059914 0.010473 0.016598
4 0.111460 0.576285 0.009276 0.012506
4 0.444794 0.267053 0.009276 0.015234
4 0.544434 0.042633 0.009874 0.017508
4 0.499850 0.579013 0.010473 0.015234
4 0.263764 0.042860 0.009874 0.017053
3 0.588420 0.867326 0.010473 0.019782
2 0.084530 0.455093 0.020048 0.019327
4 0.312238 0.779332 0.009874 0.016598
2 0.084530 0.260914 0.017654 0.018417
2 0.083932 0.899841 0.021245 0.019327
2 0.087223 0.671101 0.019449 0.019327
2 0.082735 0.938267 0.018851 0.018872
4 0.907092 0.539905 0.009874 0.016144
2 0.086026 0.719077 0.018253 0.018872
1 0.086326 0.412574 0.022442 0.038881
4 0.231149 0.856639 0.005685 0.011141
4 0.212896 0.540359 0.009874 0.016144
1 0.088420 0.546044 0.021843 0.034789
4 0.216786 0.636539 0.009276 0.013870
0 0.084829 0.074011 0.023040 0.032060
4 0.157840 0.498749 0.012268 0.015689
4 0.901107 0.420759 0.009874 0.016144
3 0.860114 0.532401 0.008079 0.021146
4 0.153651 0.456685 0.008677 0.014325
4 0.791293 0.586744 0.010473 0.016144
4 0.612358 0.261824 0.009276 0.013870
4 0.155745 0.769782 0.009276 0.014779
4 0.900509 0.311846 0.009874 0.015689
4 0.311939 0.864143 0.009276 0.013415
1 0.086924 0.587426 0.022442 0.031151
4 0.211101 0.823897 0.009874 0.018417
3 0.889437 0.120168 0.006882 0.017053
4 0.597098 0.530355 0.009874 0.017053
4 0.368791 0.061505 0.009276 0.017053
4 0.368193 0.042633 0.010473 0.016598
4 0.694943 0.629491 0.009276 0.016144
4 0.694345 0.532856 0.010473 0.016598
4 0.544734 0.061278 0.010473 0.016598
4 0.596499 0.626307 0.009874 0.016144
4 0.756284 0.058777 0.009874 0.015234
4 0.406194 0.779559 0.008677 0.016144
4 0.403501 0.865280 0.009276 0.015689
3 0.859216 0.629718 0.007481 0.019327
4 0.489976 0.865962 0.009874 0.016144
4 0.136445 0.263756 0.008378 0.013643
4 0.128665 0.254434 0.008378 0.013188
4 0.125374 0.161664 0.007780 0.012278
4 0.112208 0.363574 0.008977 0.013188
4 0.135548 0.223738 0.008977 0.013643
4 0.134051 0.073442 0.009575 0.015916
4 0.125075 0.064575 0.008378 0.014552
0 0.127768 0.447931 0.007780 0.010005
4 0.127169 0.801501 0.007780 0.012278
4 0.136445 0.621874 0.008378 0.013188
4 0.136445 0.581173 0.008378 0.011824
4 0.127469 0.572306 0.008378 0.013188
4 0.133752 0.941110 0.008977 0.014097
4 0.612807 0.103456 0.008378 0.015916
3 0.603531 0.102774 0.006583 0.019100
0 0.084680 0.130969 0.020946 0.029104
4 0.116098 0.077080 0.009575 0.013188
4 0.105027 0.069350 0.008977 0.015007
0 0.134351 0.130741 0.007780 0.011369
4 0.110114 0.125512 0.008378 0.015462
0 0.127469 0.122101 0.009575 0.011369
4 0.119689 0.725102 0.008378 0.013188
4 0.118492 0.321282 0.008378 0.014097
4 0.118492 0.411778 0.008378 0.013188
4 0.136445 0.543656 0.008378 0.013188
0 0.128965 0.533879 0.008977 0.011824
4 0.136445 0.672578 0.008378 0.013643
4 0.135548 0.408140 0.008977 0.014097
4 0.119390 0.501592 0.008977 0.014552
4 0.112208 0.493179 0.008977 0.015916
4 0.136146 0.853115 0.008977 0.015462
4 0.111909 0.539109 0.008378 0.014097
4 0.112059 0.260687 0.009874 0.016598
4 0.119090 0.264552 0.009575 0.016598
5 0.610862 0.058095 0.009874 0.016598
5 0.611161 0.070146 0.009874 0.016598
4 0.109665 0.167462 0.009874 0.016598
4 0.117295 0.174284 0.009575 0.016598
5 0.119539 0.771146 0.009874 0.016598
4 0.128665 0.766371 0.009575 0.016598
4 0.129114 0.490564 0.009874 0.016598
5 0.135847 0.494657 0.009575 0.016598
4 0.121035 0.621533 0.009874 0.016598
4 0.128067 0.614484 0.009575 0.016598
4 0.118642 0.941678 0.009874 0.016598
4 0.125673 0.931901 0.009575 0.016598
3 0.110563 0.808663 0.009874 0.016598
5 0.117893 0.809345 0.009575 0.016598
4 0.080940 0.813893 0.009874 0.016598
4 0.091562 0.810482 0.009575 0.016598
4 0.127319 0.893020 0.009874 0.016598
3 0.135248 0.894839 0.009575 0.016598
4 0.606673 0.124488 0.009874 0.016598
4 0.080940 0.777967 0.009874 0.016598
4 0.090963 0.771373 0.009575 0.016598
4 0.082136 0.624261 0.009874 0.016598
4 0.092160 0.621078 0.009575 0.016598
4 0.080640 0.858913 0.009874 0.016598
5 0.093357 0.855503 0.009575 0.016598
4 0.080640 0.177240 0.009874 0.016598
3 0.092759 0.173829 0.009575 0.016598
4 0.110563 0.896203 0.009874 0.016598
4 0.117893 0.903479 0.009575 0.016598
4 0.111759 0.670873 0.009874 0.016598
4 0.119090 0.674739 0.009575 0.016598