10 0.669157 0.942513 0.008368 0.002727
7 0.812911 0.942399 0.011357 0.012497
8 0.876569 0.939673 0.011955 0.008862
10 0.561267 0.932288 0.007770 0.002272
9 0.487149 0.940695 0.008966 0.020904
7 0.319187 0.936946 0.010161 0.013406
9 0.340108 0.945581 0.008966 0.031584
6 0.202032 0.936378 0.004184 0.018632
9 0.468619 0.936378 0.011357 0.029539
10 0.492678 0.905362 0.005678 0.002045
8 0.668261 0.901840 0.010161 0.018178
9 0.702331 0.894683 0.006575 0.018405
7 0.814405 0.894797 0.011955 0.012724
8 0.877764 0.892865 0.010759 0.008862
9 0.652421 0.899341 0.011955 0.023177
10 0.594441 0.889798 0.007173 0.002727
10 0.579498 0.889571 0.007173 0.002272
7 0.319785 0.893547 0.012552 0.012952
9 0.557681 0.896160 0.004184 0.026812
10 0.561267 0.884799 0.006575 0.002727
9 0.487747 0.893320 0.010161 0.021132
9 0.341901 0.896728 0.010161 0.029312
6 0.202929 0.887071 0.009564 0.019087
10 0.853706 0.857646 0.009265 0.001591
10 0.771219 0.858668 0.025403 0.004999
10 0.755081 0.857987 0.012253 0.003636
10 0.170502 0.852306 0.006276 0.002272
9 0.261955 0.857760 0.009863 0.014997
10 0.204274 0.852193 0.005678 0.002499
10 0.221907 0.844808 0.009863 0.004999
7 0.909295 0.847875 0.012253 0.014315
7 0.411984 0.846739 0.012253 0.012952
9 0.711895 0.847307 0.008368 0.022722
7 0.290347 0.847648 0.012851 0.035219
10 0.689779 0.814360 0.005977 0.001818
10 0.671249 0.814360 0.007173 0.001818
10 0.653915 0.813224 0.005977 0.004090
10 0.124925 0.802318 0.005977 0.004090
7 0.909145 0.799705 0.011955 0.014315
7 0.413030 0.799932 0.011955 0.013860
10 0.715182 0.795047 0.007770 0.003181
9 0.649432 0.803113 0.008966 0.021586
9 0.614764 0.802999 0.008966 0.021359
10 0.579797 0.794819 0.009564 0.002727
10 0.597430 0.794819 0.007770 0.003636
10 0.805140 0.789252 0.011955 0.002954
7 0.410341 0.759032 0.012552 0.012952
7 0.907950 0.758350 0.011955 0.015224
9 0.750448 0.762213 0.011357 0.029766
8 0.687388 0.758010 0.009564 0.021359
9 0.589958 0.753011 0.011955 0.023177
8 0.233712 0.705067 0.004782 0.017269
7 0.449492 0.707453 0.011955 0.013406
7 0.215780 0.707226 0.011955 0.012952
7 0.897191 0.707226 0.011955 0.013860
9 0.712194 0.712679 0.010161 0.025222
7 0.687687 0.706771 0.008966 0.013406
10 0.636880 0.702340 0.007770 0.003181
9 0.520921 0.711997 0.010161 0.023858
6 0.569635 0.706090 0.009564 0.018405
6 0.324268 0.704499 0.008966 0.018405
6 0.788703 0.704726 0.008966 0.017496
10 0.644351 0.678482 0.008368 0.002727
10 0.180514 0.673483 0.005977 0.004544
7 0.521817 0.667235 0.011955 0.012497
8 0.432756 0.664054 0.011955 0.006589
7 0.896294 0.667235 0.012552 0.013860
9 0.634190 0.666326 0.011955 0.022495
6 0.789301 0.666099 0.007770 0.018405
6 0.322773 0.664963 0.009564 0.017496
10 0.218470 0.658032 0.008966 0.002272
8 0.586073 0.667689 0.013748 0.023404
10 0.634489 0.657805 0.007770 0.003181
9 0.571429 0.665985 0.013150 0.020904
10 0.881650 0.638718 0.020323 0.001818
8 0.324268 0.623267 0.006575 0.019995
10 0.342499 0.623267 0.007173 0.003636
10 0.235804 0.623267 0.006575 0.003636
10 0.192618 0.623154 0.006874 0.003408
9 0.570233 0.628039 0.011955 0.024085
8 0.167215 0.620541 0.008667 0.019541
9 0.741184 0.625994 0.008368 0.025449
10 0.167812 0.619405 0.006276 0.002727
9 0.520771 0.627925 0.010460 0.023858
9 0.846981 0.625199 0.008368 0.024313
10 0.417663 0.618496 0.006276 0.002272
8 0.628213 0.627017 0.010759 0.027494
9 0.788255 0.625880 0.009863 0.025676
9 0.894501 0.625199 0.011357 0.024313
9 0.537059 0.621791 0.011357 0.036128
9 0.863419 0.621791 0.013748 0.031129
10 0.809175 0.608612 0.007472 0.003408
10 0.229827 0.601000 0.011955 0.001818
10 0.211895 0.600659 0.011955 0.002954
9 0.198745 0.610770 0.009564 0.029084
10 0.211297 0.597705 0.007173 0.002499
10 0.852660 0.584185 0.005977 0.001818
10 0.355051 0.578732 0.006575 0.003636
10 0.323969 0.578505 0.008966 0.003181
8 0.861925 0.574983 0.011357 0.023858
9 0.896892 0.572824 0.009564 0.021359
8 0.415720 0.571575 0.013150 0.017950
8 0.340108 0.571575 0.012552 0.017950
7 0.277645 0.568848 0.011955 0.012497
10 0.774656 0.564644 0.010161 0.003181
7 0.743276 0.568848 0.011955 0.012952
10 0.668261 0.565553 0.011357 0.004999
9 0.846384 0.573165 0.007770 0.022040
10 0.822773 0.564872 0.008368 0.004090
9 0.789301 0.572143 0.009564 0.020450
8 0.200538 0.565781 0.009564 0.007271
10 0.335625 0.561009 0.005977 0.001818
6 0.569934 0.567939 0.009564 0.019314
8 0.429767 0.568621 0.011357 0.023858
10 0.427077 0.558509 0.010759 0.002272
10 0.462343 0.553056 0.009564 0.002272
10 0.412732 0.535106 0.005977 0.001818
10 0.849671 0.530334 0.005977 0.003181
7 0.742977 0.527039 0.012552 0.012952
8 0.667962 0.524313 0.011955 0.007498
7 0.276449 0.526812 0.010759 0.012952
10 0.199641 0.523177 0.010161 0.005226
6 0.567543 0.524994 0.009564 0.017950
8 0.412433 0.524767 0.013748 0.018859
8 0.805738 0.521813 0.013748 0.024313
9 0.473102 0.517610 0.010759 0.020904
9 0.582188 0.475687 0.006575 0.012952
7 0.557382 0.470461 0.011955 0.013406
7 0.793186 0.470120 0.011357 0.014088
7 0.346981 0.470916 0.011955 0.013860
6 0.670950 0.468416 0.009564 0.017496
6 0.460550 0.468416 0.009564 0.017950
10 0.165870 0.440582 0.007173 0.004090
10 0.816796 0.431834 0.005977 0.002499
7 0.613867 0.428198 0.011357 0.012497
7 0.346384 0.428425 0.011955 0.013406
6 0.555888 0.426835 0.010161 0.018859
6 0.461745 0.427289 0.009564 0.018405
6 0.218470 0.426608 0.009564 0.017042
8 0.695158 0.428198 0.011357 0.022495
8 0.809623 0.426153 0.013150 0.018859
9 0.704722 0.425471 0.011357 0.027948
10 0.517782 0.393092 0.006276 0.001818
10 0.461895 0.393092 0.006874 0.003181
10 0.813359 0.390025 0.008069 0.003408
10 0.237747 0.387639 0.005678 0.003181
10 0.166617 0.388321 0.005678 0.004999
10 0.327555 0.366508 0.007173 0.001818
9 0.174836 0.378664 0.010161 0.033401
9 0.318888 0.377301 0.008966 0.029312
10 0.212642 0.365485 0.012253 0.004317
9 0.557083 0.344922 0.009564 0.017723
10 0.559474 0.338105 0.005977 0.002727
10 0.258816 0.337651 0.005977 0.003181
8 0.363718 0.342763 0.013748 0.022040
9 0.347280 0.341513 0.009564 0.020450
8 0.309623 0.342195 0.013150 0.020904
8 0.240287 0.344126 0.013150 0.024767
8 0.882546 0.334356 0.011357 0.007044
6 0.670054 0.336855 0.009564 0.018859
8 0.205021 0.329016 0.009564 0.021813
10 0.298267 0.300841 0.008368 0.002272
10 0.780932 0.292888 0.010161 0.004999
7 0.166766 0.295955 0.011955 0.012497
8 0.882247 0.293002 0.011955 0.007044
6 0.670054 0.295728 0.009564 0.018405
8 0.363419 0.289480 0.013150 0.020904
8 0.238195 0.291411 0.013748 0.022949
8 0.309623 0.290502 0.013150 0.024767
9 0.517633 0.283913 0.010759 0.031129
10 0.225045 0.247898 0.006575 0.003636
7 0.397490 0.240968 0.011955 0.012952
7 0.209803 0.241422 0.013150 0.013860
8 0.784220 0.238014 0.010759 0.007498
7 0.598326 0.240514 0.011955 0.012497
6 0.699641 0.239150 0.008966 0.018859
6 0.559175 0.238696 0.010161 0.018859
6 0.501195 0.239037 0.008966 0.018632
6 0.167065 0.239605 0.010161 0.018859
6 0.353855 0.238923 0.010759 0.018859
6 0.302152 0.238696 0.010161 0.017496
10 0.265690 0.215406 0.008966 0.004090
10 0.370891 0.212906 0.006575 0.002727
7 0.599223 0.200750 0.012552 0.013860
10 0.355649 0.195637 0.008368 0.002727
10 0.322176 0.195865 0.008368 0.003181
9 0.280036 0.203136 0.011357 0.024540
9 0.262104 0.204499 0.010161 0.021813
9 0.227436 0.202568 0.008966 0.017950
6 0.559175 0.199159 0.010161 0.018859
6 0.502989 0.199273 0.010161 0.019087
10 0.286910 0.166553 0.005977 0.002727
9 0.303497 0.157691 0.007472 0.020450
10 0.083831 0.155874 0.005678 0.003636
10 0.185894 0.139400 0.013748 0.004772
10 0.480126 0.104408 0.006276 0.001591
10 0.377764 0.099523 0.006575 0.002272
10 0.198595 0.100773 0.012253 0.004772
10 0.193963 0.099296 0.005977 0.001818
10 0.567543 0.078618 0.009564 0.004544
7 0.500299 0.067485 0.012552 0.012724
7 0.302750 0.067371 0.009564 0.013860
10 0.197250 0.063281 0.011357 0.005226
6 0.398386 0.066235 0.009564 0.017950
6 0.455768 0.065781 0.008368 0.017042
6 0.261805 0.065099 0.008966 0.018405
11 0.568739 0.956374 0.007770 0.003181
12 0.578153 0.939673 0.008069 0.006135
18 0.514047 0.952056 0.004184 0.003636
12 0.523760 0.932175 0.008667 0.006589
12 0.768978 0.953079 0.010759 0.006589
11 0.170203 0.952511 0.009863 0.006362
11 0.263897 0.952397 0.009564 0.006589
12 0.787956 0.945353 0.009265 0.006135
12 0.752690 0.944785 0.009265 0.005453
12 0.688135 0.944899 0.008069 0.005681
12 0.669307 0.944899 0.008667 0.005681
12 0.713090 0.942399 0.008368 0.006135
12 0.651674 0.939900 0.008069 0.005681
12 0.596384 0.940014 0.008667 0.005908
12 0.614316 0.937401 0.008667 0.006135
12 0.504931 0.934560 0.007472 0.005453
12 0.488643 0.934560 0.006575 0.005453
12 0.561118 0.934674 0.008667 0.006135
11 0.341602 0.934106 0.007770 0.006362
12 0.469366 0.926721 0.006874 0.006135
17 0.387328 0.927176 0.011357 0.007044
12 0.768530 0.905590 0.009863 0.006135
11 0.169456 0.904454 0.008368 0.006589
11 0.263748 0.903999 0.009265 0.007044
12 0.789301 0.897182 0.007173 0.004772
12 0.751195 0.897296 0.006276 0.004999
12 0.669307 0.897523 0.008667 0.005453
12 0.686940 0.897182 0.008069 0.005681
12 0.715033 0.895024 0.009265 0.006817
12 0.652720 0.891956 0.008368 0.005226
12 0.595039 0.892297 0.007770 0.005908
12 0.579050 0.892184 0.008667 0.005681
12 0.615959 0.889684 0.008368 0.006135
12 0.562014 0.887185 0.008069 0.005681
12 0.505977 0.887185 0.007770 0.005681
12 0.488942 0.887185 0.007770 0.005681
12 0.343246 0.886276 0.006874 0.005226
12 0.523909 0.884685 0.010161 0.006135
12 0.469516 0.879573 0.009564 0.006362
17 0.386432 0.879005 0.011357 0.007044
18 0.211148 0.865826 0.006874 0.002499
18 0.095487 0.854806 0.008667 0.005908
18 0.100867 0.854806 0.008667 0.005908
12 0.342648 0.850148 0.006874 0.004772
12 0.319337 0.849125 0.009265 0.005453
12 0.319337 0.854579 0.009265 0.005453
11 0.384638 0.847194 0.008368 0.006135
12 0.203975 0.846853 0.009863 0.006362
18 0.203527 0.854579 0.008368 0.005453
12 0.264196 0.846512 0.008368 0.006589
18 0.263299 0.854692 0.008368 0.005681
12 0.343545 0.844240 0.009265 0.005681
12 0.286461 0.844354 0.008667 0.005908
12 0.293335 0.846853 0.008667 0.005908
13 0.887029 0.842990 0.010161 0.006817
12 0.222654 0.842195 0.008966 0.005226
12 0.222654 0.847421 0.008966 0.005226
13 0.786611 0.842649 0.008966 0.006589
13 0.767932 0.842763 0.010460 0.006817
13 0.750149 0.842649 0.009564 0.006589
12 0.686790 0.842649 0.010161 0.006589
12 0.850568 0.842536 0.008966 0.006817
12 0.667812 0.842422 0.009863 0.007044
12 0.187238 0.841513 0.009863 0.005681
12 0.187238 0.847194 0.009863 0.005681
12 0.169904 0.854919 0.008667 0.005681
12 0.170054 0.846512 0.010161 0.006135
12 0.179767 0.827085 0.010460 0.003181
13 0.867304 0.840377 0.008966 0.005226
13 0.713837 0.840377 0.007472 0.005226
13 0.813210 0.839923 0.007770 0.006135
13 0.647938 0.837423 0.008368 0.006135
12 0.596384 0.837423 0.010460 0.006135
12 0.579199 0.837537 0.008966 0.006362
13 0.430365 0.837310 0.008966 0.006362
12 0.615660 0.835037 0.008966 0.005908
12 0.561118 0.829925 0.008069 0.006589
17 0.470263 0.829243 0.010460 0.007498
18 0.195457 0.827085 0.004782 0.003181
13 0.887627 0.804817 0.007770 0.005908
13 0.869247 0.805044 0.008667 0.006362
13 0.851913 0.805044 0.008667 0.006362
17 0.429617 0.804476 0.009265 0.006135
13 0.787059 0.804590 0.009265 0.006817
12 0.769127 0.804476 0.009265 0.006589
12 0.813957 0.804363 0.009265 0.006817
11 0.264196 0.804249 0.008368 0.006589
11 0.318440 0.799477 0.008069 0.006135
12 0.750299 0.797205 0.009863 0.005681
12 0.761357 0.785617 0.010460 0.002499
12 0.713987 0.797092 0.008966 0.005453
12 0.668858 0.797092 0.008368 0.005453
12 0.616557 0.797432 0.008368 0.006135
12 0.562014 0.797205 0.008667 0.005681
11 0.384340 0.797205 0.007173 0.006135
11 0.205170 0.797092 0.009265 0.005908
12 0.688135 0.796864 0.008667 0.005908
12 0.650777 0.796751 0.008667 0.005681
12 0.597878 0.797092 0.009863 0.006362
12 0.578751 0.796751 0.008667 0.005681
11 0.126868 0.795842 0.007472 0.003863
12 0.471757 0.796978 0.011058 0.006589
18 0.140765 0.793683 0.005977 0.005908
11 0.168709 0.791752 0.008667 0.005681
12 0.750897 0.772893 0.006276 0.002499
12 0.750747 0.751647 0.007770 0.005453
12 0.868500 0.764713 0.008966 0.006589
12 0.787059 0.757328 0.008069 0.004999
12 0.887179 0.757441 0.008667 0.006589
12 0.850717 0.756987 0.007472 0.005681
12 0.771668 0.756646 0.008966 0.005453
12 0.813359 0.753806 0.008069 0.005681
13 0.688285 0.751875 0.008368 0.005908
13 0.670652 0.751307 0.007173 0.005226
12 0.714136 0.749375 0.009265 0.006362
12 0.430514 0.746762 0.009863 0.006135
12 0.651823 0.746535 0.009564 0.006135
12 0.579498 0.746535 0.009564 0.006135
11 0.262851 0.746421 0.009265 0.006362
12 0.598625 0.746080 0.009564 0.007044
12 0.616109 0.743354 0.008069 0.006135
11 0.319038 0.741650 0.009265 0.006817
11 0.203078 0.739264 0.009265 0.006589
12 0.561566 0.738809 0.008368 0.006135
17 0.471160 0.739264 0.011058 0.007498
11 0.382845 0.738355 0.008368 0.006589
11 0.168559 0.734038 0.008966 0.006589
11 0.916169 0.720404 0.009265 0.006135
11 0.849671 0.720518 0.010161 0.006362
11 0.168410 0.710066 0.009265 0.004999
12 0.234011 0.709611 0.008966 0.004544
12 0.472504 0.707226 0.009564 0.006135
11 0.394053 0.707339 0.009863 0.006362
17 0.279139 0.707453 0.009564 0.006589
12 0.713090 0.704499 0.008368 0.005681
11 0.636880 0.704726 0.008966 0.006135
11 0.521967 0.704726 0.008667 0.006135
11 0.745816 0.702000 0.009863 0.007044
13 0.069934 0.689616 0.004782 0.020450
11 0.915123 0.680414 0.009564 0.006135
13 0.850568 0.680641 0.009564 0.006589
11 0.662134 0.676210 0.005678 0.005453
13 0.669755 0.659396 0.007770 0.005453
18 0.196354 0.674279 0.007173 0.002954
11 0.278691 0.667576 0.008667 0.006817
12 0.234459 0.665303 0.008069 0.005908
12 0.216975 0.660191 0.008966 0.005681
12 0.634489 0.659509 0.008368 0.004772
12 0.571130 0.659623 0.007173 0.004999
12 0.551554 0.659509 0.008069 0.005226
13 0.602062 0.659396 0.008667 0.005453
11 0.745517 0.657237 0.008667 0.006589
12 0.191423 0.655192 0.009863 0.006135
12 0.714286 0.654851 0.009564 0.006362
12 0.168410 0.653374 0.009265 0.006135
12 0.689480 0.651784 0.008368 0.006589
12 0.278093 0.630198 0.008667 0.005681
12 0.278691 0.622699 0.007472 0.003408
12 0.325314 0.628948 0.009863 0.006817
12 0.325613 0.622927 0.006874 0.003863
12 0.457412 0.623608 0.009863 0.006135
12 0.448894 0.620882 0.008368 0.005226
12 0.848625 0.622472 0.006874 0.007044
12 0.168261 0.621563 0.009564 0.005226
12 0.168261 0.626789 0.009564 0.005226
12 0.295278 0.621677 0.009564 0.005908
12 0.293485 0.611111 0.007770 0.005681
12 0.234011 0.621677 0.009564 0.005908
12 0.234310 0.613611 0.007173 0.006135
12 0.217125 0.621336 0.011656 0.005226
12 0.217125 0.626562 0.011656 0.005226
12 0.225344 0.599296 0.005380 0.003863
12 0.191423 0.621450 0.009265 0.005453
12 0.191572 0.613383 0.008368 0.005681
12 0.417065 0.621336 0.008069 0.006135
12 0.417513 0.610657 0.009564 0.005681
12 0.391662 0.621222 0.008667 0.005908
12 0.398536 0.623722 0.008667 0.005908
12 0.342050 0.621222 0.009265 0.005908
12 0.340257 0.610884 0.008069 0.005226
12 0.626121 0.620427 0.005380 0.004772
12 0.539450 0.620768 0.007770 0.005453
12 0.538703 0.608384 0.009265 0.006135
12 0.521817 0.620654 0.009564 0.005226
12 0.521817 0.625880 0.009564 0.005226
12 0.588165 0.620882 0.008368 0.006589
12 0.587119 0.608044 0.009265 0.006362
12 0.570532 0.620314 0.010161 0.005453
12 0.570532 0.625767 0.010161 0.005453
12 0.810371 0.619632 0.009265 0.007271
12 0.808876 0.610429 0.009265 0.005226
12 0.915870 0.618269 0.007472 0.005908
12 0.915272 0.610429 0.008667 0.005226
12 0.790048 0.618155 0.008069 0.005681
12 0.790048 0.623835 0.008069 0.005681
12 0.742379 0.618041 0.008966 0.005453
12 0.742379 0.623495 0.008966 0.005453
12 0.713240 0.618382 0.009265 0.006135
12 0.712044 0.608157 0.009265 0.006589
12 0.686940 0.618155 0.009863 0.005681
12 0.895547 0.617928 0.008667 0.005681
12 0.895547 0.623608 0.008667 0.005681
12 0.866258 0.618155 0.008069 0.006135
12 0.865959 0.610429 0.008667 0.005226
12 0.634489 0.618155 0.008368 0.006135
12 0.761506 0.618155 0.008966 0.006589
12 0.759564 0.610089 0.008667 0.005908
12 0.656455 0.618155 0.008667 0.006589
12 0.656605 0.607930 0.009564 0.006135
12 0.182158 0.611452 0.006276 0.004090
18 0.140765 0.611906 0.008368 0.004999
18 0.140765 0.616905 0.008368 0.004999
12 0.473700 0.610884 0.009564 0.005226
12 0.474298 0.621336 0.009564 0.006135
11 0.870143 0.582140 0.008667 0.007726
13 0.879408 0.566689 0.008069 0.004999
11 0.815152 0.580891 0.008667 0.008862
11 0.822923 0.566576 0.008667 0.005226
12 0.429767 0.577255 0.009564 0.006135
13 0.429767 0.563281 0.005977 0.004090
12 0.393903 0.577028 0.010161 0.005681
13 0.354901 0.576914 0.009863 0.005453
11 0.323819 0.576801 0.009863 0.005226
12 0.330693 0.559873 0.004483 0.003636
12 0.304842 0.577028 0.010161 0.005681
11 0.522564 0.574869 0.009265 0.006362
12 0.474148 0.571688 0.009265 0.005908
12 0.450986 0.569757 0.010759 0.006589
12 0.897340 0.566689 0.008069 0.004999
12 0.847729 0.566689 0.008069 0.005908
12 0.774208 0.566576 0.009265 0.006135
12 0.790197 0.566462 0.007770 0.006362
12 0.914824 0.564531 0.007770 0.006135
13 0.345786 0.559418 0.007173 0.002272
12 0.870293 0.529652 0.005977 0.004999
11 0.878811 0.507271 0.008069 0.006135
13 0.431560 0.517269 0.009564 0.007044
13 0.391961 0.517042 0.009863 0.006589
13 0.353855 0.517042 0.009564 0.006589
13 0.323819 0.516814 0.008667 0.006135
12 0.306485 0.517042 0.009863 0.006589
11 0.520771 0.514315 0.009863 0.006135
12 0.473999 0.511929 0.008368 0.006362
12 0.448446 0.509543 0.009265 0.007044
12 0.893604 0.507044 0.008368 0.006589
12 0.821429 0.506703 0.008069 0.005908
12 0.789898 0.506589 0.008966 0.006135
12 0.771219 0.506135 0.008069 0.006135
12 0.848476 0.506135 0.008966 0.006589
12 0.916617 0.503976 0.009564 0.006817
11 0.166617 0.484322 0.008667 0.006135
12 0.365660 0.481368 0.009863 0.006135
12 0.293933 0.481368 0.009863 0.006135
12 0.579050 0.478755 0.009863 0.005908
11 0.422744 0.478300 0.009265 0.004999
11 0.519576 0.478300 0.009265 0.005908
11 0.738494 0.476255 0.007770 0.006362
11 0.614614 0.476369 0.009265 0.006589
12 0.814854 0.476028 0.008069 0.006362
11 0.217274 0.473302 0.005977 0.004999
11 0.861028 0.472961 0.009564 0.005681
11 0.166916 0.442286 0.009265 0.005681
12 0.365959 0.439218 0.009265 0.006362
11 0.291990 0.439332 0.009564 0.006589
12 0.422744 0.436605 0.009265 0.005681
11 0.519576 0.436605 0.009265 0.006135
12 0.767035 0.435356 0.007472 0.007271
12 0.777197 0.416155 0.009265 0.006135
11 0.704274 0.434788 0.006874 0.006135
12 0.712493 0.415815 0.007770 0.005453
11 0.818290 0.432856 0.006575 0.003636
12 0.827406 0.415928 0.009265 0.006135
12 0.140167 0.426608 0.007770 0.006135
12 0.735655 0.416042 0.008667 0.005908
12 0.671548 0.416155 0.009564 0.006135
12 0.656157 0.416155 0.009863 0.006135
12 0.792738 0.416042 0.008069 0.006362
17 0.859085 0.412520 0.011656 0.007498
12 0.347579 0.393661 0.009564 0.006135
12 0.345935 0.382868 0.008069 0.005453
12 0.293634 0.393661 0.009265 0.006135
12 0.292140 0.382981 0.008069 0.005681
12 0.558279 0.391729 0.007173 0.004999
12 0.557830 0.385253 0.009265 0.005226
12 0.463688 0.391502 0.008667 0.005908
12 0.463389 0.385253 0.008667 0.004772
12 0.423042 0.391388 0.008667 0.006135
12 0.423491 0.385140 0.007770 0.004544
12 0.791094 0.391161 0.009564 0.006135
12 0.799910 0.388434 0.007472 0.003863
12 0.733861 0.391161 0.008667 0.006135
12 0.742678 0.388434 0.007770 0.004317
12 0.614017 0.391161 0.009265 0.006135
12 0.623879 0.387980 0.008667 0.005226
12 0.518679 0.391047 0.008069 0.006362
12 0.519725 0.384913 0.007173 0.004544
12 0.858488 0.388207 0.009863 0.004317
12 0.857591 0.382640 0.006874 0.004999
12 0.696503 0.388548 0.008667 0.005453
12 0.695308 0.377982 0.007472 0.005226
12 0.670801 0.391275 0.008667 0.005908
12 0.678870 0.388548 0.008667 0.005908
12 0.365660 0.388207 0.008667 0.005226
12 0.365362 0.380595 0.008667 0.006362
12 0.760909 0.388321 0.009564 0.005908
12 0.761506 0.377301 0.004184 0.003863
12 0.642259 0.387866 0.008368 0.004999
12 0.641064 0.377869 0.007770 0.004999
12 0.312313 0.388094 0.009564 0.005453
12 0.312164 0.380482 0.008667 0.006135
12 0.540944 0.386276 0.006575 0.004544
12 0.540795 0.379914 0.007472 0.004544
12 0.443515 0.386162 0.007770 0.004317
12 0.443365 0.380141 0.008069 0.005453
12 0.187238 0.386503 0.009265 0.004999
12 0.186641 0.380595 0.009863 0.006362
12 0.482815 0.386389 0.008667 0.005226
12 0.482965 0.379573 0.007173 0.003408
12 0.580245 0.386162 0.008069 0.005226
12 0.579647 0.380027 0.009265 0.005681
12 0.167513 0.385935 0.009863 0.005681
12 0.167513 0.391616 0.009863 0.005681
12 0.220562 0.385708 0.009564 0.005681
12 0.220562 0.391388 0.009564 0.005681
12 0.915272 0.383208 0.008069 0.004317
12 0.914674 0.375369 0.008667 0.005908
12 0.898237 0.382754 0.009265 0.005226
12 0.898237 0.387980 0.009265 0.005226
12 0.881351 0.382640 0.008966 0.004999
12 0.881351 0.375710 0.006575 0.004772
12 0.239241 0.380141 0.008667 0.005453
12 0.239241 0.385594 0.008667 0.005453
12 0.812612 0.377755 0.006575 0.005226
12 0.813658 0.387866 0.008667 0.005453
13 0.871339 0.371166 0.008667 0.007498
12 0.166916 0.354124 0.009863 0.006589
11 0.249253 0.351625 0.008368 0.006589
11 0.257472 0.335833 0.009265 0.005908
11 0.374626 0.349580 0.008069 0.006135
12 0.383293 0.335946 0.007472 0.005681
11 0.320980 0.348330 0.007173 0.003636
12 0.330096 0.335833 0.008667 0.005908
11 0.616707 0.346399 0.008069 0.004772
12 0.579797 0.345944 0.007173 0.005681
12 0.558727 0.341286 0.008069 0.005453
12 0.538105 0.336174 0.008667 0.005226
12 0.348625 0.336174 0.008069 0.005681
13 0.204573 0.335946 0.008667 0.005226
12 0.291990 0.335833 0.008966 0.005908
12 0.223999 0.335946 0.009265 0.006135
12 0.518380 0.333447 0.008667 0.006135
17 0.425433 0.333220 0.010460 0.007044
12 0.140616 0.329016 0.005081 0.003636
12 0.375075 0.297092 0.008966 0.005681
12 0.384638 0.276642 0.008368 0.006589
18 0.319337 0.296410 0.006276 0.004317
11 0.248207 0.298114 0.009863 0.007726
12 0.257173 0.275506 0.009863 0.006135
11 0.616707 0.286867 0.009265 0.006589
12 0.579498 0.286299 0.007770 0.006362
12 0.557382 0.281641 0.008966 0.006135
12 0.328452 0.276187 0.008966 0.005681
12 0.538404 0.276074 0.008069 0.005908
12 0.348476 0.275960 0.008966 0.006135
12 0.203228 0.275619 0.008966 0.006362
12 0.294979 0.275278 0.009564 0.006589
12 0.222654 0.275051 0.008966 0.007044
12 0.518081 0.273461 0.009265 0.007044
17 0.424537 0.272097 0.011058 0.008407
12 0.419008 0.246648 0.008368 0.005681
12 0.666766 0.246648 0.008966 0.006135
12 0.624477 0.246535 0.007472 0.005908
17 0.227286 0.246080 0.009863 0.006362
11 0.459056 0.228357 0.009564 0.006362
11 0.264794 0.228130 0.009564 0.005908
17 0.851315 0.210975 0.011058 0.007044
17 0.758667 0.209157 0.011058 0.006589
12 0.624776 0.206090 0.005081 0.004544
11 0.459504 0.206203 0.009265 0.005681
11 0.666318 0.205976 0.010460 0.007498
12 0.262851 0.198137 0.007472 0.004999
12 0.418858 0.198137 0.008069 0.005908
12 0.355499 0.198023 0.008069 0.005681
12 0.322773 0.198023 0.008368 0.005681
12 0.226091 0.198023 0.006276 0.005681
12 0.400926 0.195978 0.009863 0.006135
12 0.381052 0.195751 0.009564 0.006589
12 0.304991 0.195524 0.009863 0.006135
12 0.288703 0.195524 0.008966 0.006135
12 0.211148 0.195637 0.008069 0.006362
12 0.193814 0.195410 0.009863 0.006817
12 0.169307 0.188025 0.009863 0.005226
12 0.485655 0.168257 0.010161 0.005226
12 0.484459 0.161781 0.008368 0.004999
17 0.850418 0.167348 0.010460 0.006135
17 0.850269 0.156669 0.010759 0.006589
17 0.758966 0.167348 0.010460 0.006589
17 0.758518 0.158714 0.011357 0.006589
12 0.287507 0.165758 0.005977 0.003408
12 0.289151 0.158259 0.006874 0.005226
12 0.522714 0.165076 0.010161 0.005681
12 0.522415 0.158714 0.007770 0.004772
12 0.400926 0.164735 0.009265 0.005453
12 0.401524 0.158487 0.006874 0.004772
12 0.458010 0.164622 0.009863 0.005681
12 0.457711 0.158714 0.006874 0.005226
12 0.305439 0.163713 0.009564 0.005681
12 0.305140 0.158032 0.007770 0.004772
11 0.313808 0.139741 0.006575 0.002727
12 0.503437 0.162236 0.009863 0.005453
12 0.503437 0.167689 0.009863 0.005453
11 0.667065 0.162122 0.011357 0.006135
17 0.667065 0.168257 0.011357 0.006135
17 0.561118 0.161781 0.010460 0.006362
17 0.561118 0.168144 0.010460 0.006362
12 0.381201 0.158941 0.009265 0.005681
12 0.381201 0.164622 0.009265 0.005681
12 0.388822 0.139627 0.005977 0.002499
12 0.212044 0.158373 0.009265 0.005453
12 0.212044 0.163826 0.009265 0.005453
12 0.194112 0.158146 0.009863 0.005908
12 0.194112 0.164054 0.009863 0.005908
13 0.418858 0.156442 0.008667 0.004772
13 0.418858 0.161213 0.008667 0.004772
11 0.355350 0.155760 0.008966 0.004772
11 0.355350 0.160532 0.008966 0.004772
11 0.362971 0.139968 0.005081 0.003181
12 0.321429 0.155760 0.009863 0.004772
12 0.321429 0.160532 0.009863 0.004772
12 0.169008 0.155760 0.009863 0.005226
12 0.169008 0.160986 0.009863 0.005226
12 0.263897 0.155533 0.009564 0.005226
12 0.263897 0.160759 0.009564 0.005226
12 0.227436 0.155419 0.009564 0.004999
12 0.227436 0.160418 0.009564 0.004999
12 0.484608 0.123722 0.008667 0.006589
17 0.755977 0.123040 0.009863 0.007044
17 0.667364 0.123267 0.010759 0.007498
12 0.503138 0.123040 0.008667 0.007044
11 0.562164 0.122813 0.010759 0.007498
11 0.851016 0.122472 0.011058 0.007726
12 0.522863 0.120086 0.009863 0.006589
12 0.459653 0.119859 0.008966 0.006589
12 0.401524 0.119405 0.008069 0.005681
12 0.382546 0.119632 0.009564 0.006135
12 0.306186 0.119291 0.009265 0.005908
12 0.289151 0.119177 0.009863 0.006135
12 0.212044 0.119177 0.009863 0.006135
12 0.194860 0.119291 0.008966 0.006362
12 0.419456 0.117132 0.008667 0.006589
12 0.355798 0.117019 0.009265 0.006362
12 0.169307 0.116905 0.010460 0.006589
12 0.322176 0.116678 0.008966 0.006589
12 0.265093 0.116678 0.010161 0.006589
12 0.228183 0.116678 0.008667 0.006589
12 0.068888 0.068734 0.004483 0.003408
12 0.068440 0.059986 0.004184 0.005453
12 0.702032 0.068280 0.008966 0.006589
12 0.579050 0.068166 0.008667 0.006362
12 0.320532 0.067825 0.008069 0.006135
12 0.685894 0.068053 0.010161 0.007044
12 0.600418 0.068053 0.008966 0.007044
12 0.521817 0.067825 0.008368 0.006589
12 0.777496 0.065667 0.007472 0.005908
12 0.796623 0.065440 0.009265 0.005908
12 0.887029 0.065099 0.007770 0.006135
12 0.871339 0.064985 0.008667 0.005908
18 0.142558 0.059418 0.007770 0.006135
17 0.115959 0.055896 0.004184 0.005453
12 0.098476 0.056578 0.008667 0.006817
12 0.666916 0.049421 0.009863 0.007044
12 0.562014 0.048853 0.009265 0.006817
12 0.626569 0.048625 0.009265 0.007271
12 0.757770 0.047376 0.008667 0.006589
13 0.850568 0.046921 0.008368 0.006135
11 0.356545 0.047376 0.010161 0.007044
12 0.719516 0.046921 0.009863 0.006589
12 0.906754 0.046239 0.008966 0.006589
12 0.813359 0.045785 0.008667 0.006589
0 0.092648 0.152579 0.023311 0.023404
0 0.091154 0.618837 0.022714 0.023404
3 0.446952 0.119632 0.007472 0.019768
0 0.091303 0.380027 0.022415 0.023858
3 0.276898 0.120086 0.006874 0.017042
4 0.116109 0.237332 0.009863 0.015678
1 0.638225 0.432515 0.017035 0.027039
3 0.182158 0.121677 0.007472 0.015224
4 0.611925 0.049421 0.009863 0.017042
4 0.623879 0.704499 0.009265 0.016587
2 0.090108 0.239377 0.018828 0.018859
2 0.090108 0.198932 0.020024 0.019768
2 0.090705 0.706090 0.018828 0.018859
4 0.672594 0.067825 0.010460 0.016587
4 0.141213 0.662009 0.009863 0.014315
3 0.411686 0.333674 0.006874 0.020677
4 0.140616 0.200295 0.009863 0.016133
3 0.368649 0.120314 0.007472 0.016587
4 0.701883 0.942627 0.009265 0.016587
1 0.093096 0.668144 0.022415 0.039309
4 0.746115 0.166894 0.009863 0.017496
0 0.094292 0.795160 0.022415 0.032493
4 0.906306 0.503863 0.009265 0.016587
3 0.631351 0.377301 0.007472 0.020223
4 0.801704 0.754828 0.009863 0.016814
4 0.654363 0.050102 0.009863 0.014769
1 0.094292 0.759032 0.022415 0.040218
4 0.306784 0.740854 0.009863 0.017042
4 0.276748 0.845376 0.010759 0.014315
1 0.090108 0.569302 0.021817 0.039764
1 0.090705 0.524085 0.021817 0.034765
2 0.090108 0.427516 0.019426 0.018859
3 0.411387 0.272779 0.007472 0.020677
1 0.091602 0.295047 0.021817 0.038400
2 0.095487 0.891047 0.012253 0.016133
0 0.090705 0.334129 0.022415 0.032038
4 0.380604 0.707226 0.010460 0.017042
4 0.332038 0.849466 0.010161 0.016133
4 0.118201 0.789480 0.009265 0.012043
4 0.309026 0.849920 0.009564 0.016133
2 0.096384 0.939446 0.010460 0.014769
4 0.143604 0.893320 0.009265 0.014315
2 0.091303 0.468416 0.014644 0.017042
4 0.305290 0.799023 0.011656 0.017042
4 0.115810 0.286185 0.009265 0.016133
4 0.117304 0.748807 0.009863 0.016133
3 0.268231 0.707453 0.006874 0.018405
4 0.205768 0.660986 0.009863 0.016360
4 0.125672 0.848444 0.008069 0.014088
4 0.142708 0.844126 0.009863 0.015451
0 0.134340 0.835037 0.008667 0.010907
4 0.140765 0.523290 0.008966 0.016360
4 0.140765 0.471029 0.008966 0.015451
4 0.139121 0.378096 0.008667 0.014997
4 0.115362 0.372188 0.008966 0.015905
4 0.140765 0.564644 0.008966 0.015451
0 0.132995 0.554192 0.008966 0.012724
5 0.088912 0.846626 0.013449 0.022268
4 0.143156 0.101113 0.008966 0.016360
4 0.135087 0.093388 0.009564 0.016360
4 0.141064 0.706658 0.008966 0.014997
4 0.117753 0.701659 0.008966 0.014997
0 0.132696 0.233129 0.008966 0.011361
4 0.124328 0.294251 0.008966 0.013633
4 0.140466 0.290616 0.008966 0.015451
0 0.132098 0.282209 0.008966 0.011361
5 0.098326 0.072256 0.011357 0.014088
4 0.085774 0.069530 0.006575 0.012270
4 0.117155 0.658941 0.008966 0.013179
4 0.125075 0.619177 0.008667 0.012724
4 0.116109 0.610089 0.008667 0.012724
4 0.125523 0.756646 0.008966 0.014997
4 0.141363 0.753692 0.008368 0.016360
4 0.133891 0.745285 0.008966 0.012270
4 0.124925 0.568507 0.008368 0.013179
4 0.116856 0.559646 0.008966 0.013633
4 0.142857 0.943422 0.008368 0.013179
4 0.118649 0.937287 0.007770 0.015451
4 0.118350 0.887980 0.008368 0.014997
4 0.116856 0.145421 0.008966 0.015905
4 0.115959 0.516360 0.009564 0.016587
4 0.123431 0.524085 0.009564 0.016587
4 0.130903 0.514769 0.009564 0.016587
4 0.115362 0.465917 0.009564 0.016587
4 0.123431 0.473188 0.009564 0.016587
4 0.131500 0.463872 0.009564 0.016587
4 0.471010 0.167348 0.009564 0.016587
3 0.478482 0.166439 0.009564 0.016587
4 0.123431 0.379118 0.009564 0.016587
4 0.131201 0.369802 0.009564 0.016587
5 0.125822 0.701318 0.009564 0.016587
4 0.132995 0.700182 0.009564 0.016587
4 0.118051 0.098955 0.009564 0.016587
4 0.125523 0.103726 0.009564 0.016587
4 0.116258 0.424335 0.009564 0.016587
5 0.123730 0.428198 0.009564 0.016587
4 0.131500 0.421836 0.009564 0.016587
4 0.086970 0.105544 0.009564 0.016587
4 0.098027 0.101000 0.009564 0.016587
4 0.130006 0.192570 0.009564 0.016587
4 0.124626 0.203022 0.009564 0.016587
5 0.126718 0.940354 0.009564 0.016587
4 0.135087 0.934674 0.009564 0.016587
4 0.726539 0.475347 0.009564 0.015451
5 0.732815 0.475347 0.009564 0.015451
3 0.070532 0.757214 0.005977 0.016587
3 0.070532 0.806976 0.005977 0.016587
5 0.124925 0.151443 0.009564 0.016587
4 0.132696 0.143490 0.009564 0.016587
4 0.132098 0.325494 0.009564 0.016587
5 0.140167 0.331402 0.009564 0.016587