7 0.797427 0.943724 0.011969 0.013870
7 0.254638 0.942588 0.011969 0.013415
8 0.634051 0.939404 0.011969 0.007049
8 0.505087 0.939632 0.012567 0.007503
8 0.388091 0.938495 0.011969 0.007049
6 0.720227 0.941223 0.009575 0.017963
6 0.176242 0.941905 0.009575 0.018417
6 0.290545 0.940086 0.008378 0.017508
10 0.163674 0.912460 0.007181 0.001819
7 0.796529 0.902115 0.011370 0.013415
10 0.633154 0.898136 0.012567 0.005002
8 0.507481 0.898249 0.012567 0.006594
8 0.388689 0.898022 0.013166 0.007049
7 0.256732 0.901432 0.011370 0.012960
6 0.722023 0.900978 0.009575 0.018417
6 0.291143 0.900523 0.009575 0.018417
7 0.797726 0.850045 0.011370 0.013870
7 0.612208 0.852092 0.008977 0.007958
6 0.721125 0.849363 0.008977 0.016144
6 0.646020 0.848681 0.009575 0.018417
9 0.470975 0.848681 0.004189 0.031151
10 0.785458 0.810141 0.005984 0.001819
10 0.750748 0.788085 0.013166 0.004093
7 0.670257 0.791155 0.006583 0.017963
10 0.657989 0.783765 0.005984 0.002729
10 0.474267 0.770236 0.010772 0.001592
10 0.504488 0.768759 0.008977 0.004548
10 0.270197 0.752387 0.011969 0.002729
10 0.745063 0.749886 0.007780 0.002274
8 0.161879 0.750000 0.011969 0.006594
10 0.244464 0.746476 0.005984 0.001819
9 0.928785 0.760687 0.010174 0.039791
7 0.377020 0.739427 0.012567 0.008186
10 0.374327 0.737722 0.005984 0.001592
7 0.256732 0.690882 0.012567 0.012960
8 0.376721 0.687244 0.011969 0.006594
8 0.582885 0.686789 0.011370 0.006594
8 0.482645 0.687017 0.011969 0.007049
6 0.788450 0.690200 0.008378 0.017053
6 0.696290 0.689973 0.009575 0.018417
6 0.286954 0.688381 0.008378 0.017963
10 0.658887 0.652115 0.006583 0.003183
9 0.371035 0.651205 0.005386 0.021828
9 0.574806 0.650978 0.008378 0.020464
7 0.255236 0.647908 0.011969 0.013415
10 0.362956 0.642792 0.007181 0.002729
6 0.285757 0.645634 0.009575 0.018872
7 0.256433 0.604479 0.011969 0.012960
6 0.285458 0.604025 0.008977 0.017508
10 0.249252 0.551160 0.008378 0.003183
10 0.686415 0.551160 0.010174 0.005002
10 0.487433 0.551160 0.010772 0.005002
7 0.254937 0.519895 0.011370 0.012960
7 0.878217 0.516485 0.011969 0.007049
10 0.779773 0.516598 0.012567 0.005002
8 0.684321 0.516485 0.011969 0.007049
8 0.584680 0.516257 0.012567 0.006594
8 0.479653 0.516485 0.011969 0.007049
8 0.377020 0.516257 0.012567 0.006594
6 0.284560 0.518986 0.008378 0.017508
10 0.462896 0.433606 0.009575 0.004548
9 0.486535 0.425762 0.007780 0.020236
6 0.684321 0.380286 0.009575 0.016598
9 0.647816 0.295362 0.011969 0.017281
10 0.640036 0.299454 0.007181 0.004548
10 0.599042 0.078672 0.012567 0.005002
10 0.538600 0.076853 0.006583 0.004093
10 0.685518 0.072760 0.005984 0.002274
9 0.757331 0.075375 0.009575 0.027058
10 0.758528 0.067303 0.005984 0.002274
9 0.235189 0.072647 0.008977 0.024329
10 0.370437 0.050932 0.006583 0.005002
10 0.695691 0.048431 0.005984 0.002729
9 0.690006 0.060823 0.008977 0.036153
10 0.681927 0.045475 0.007181 0.003183
11 0.852334 0.956799 0.009276 0.005912
11 0.141532 0.956230 0.009575 0.005684
12 0.232047 0.955775 0.009874 0.006594
12 0.773938 0.946226 0.009276 0.005684
11 0.851885 0.915985 0.009575 0.006139
11 0.774686 0.905412 0.009575 0.005912
12 0.140485 0.902115 0.009874 0.006594
12 0.160233 0.899841 0.009874 0.005684
12 0.177289 0.896885 0.009276 0.006139
12 0.231149 0.896658 0.009276 0.006594
12 0.197935 0.894725 0.009874 0.005457
17 0.852633 0.869145 0.008677 0.007049
12 0.852932 0.856185 0.009276 0.005684
12 0.852334 0.843906 0.006882 0.003865
12 0.853232 0.838108 0.008677 0.005002
11 0.775733 0.869145 0.009276 0.007049
11 0.775434 0.853001 0.009874 0.005684
18 0.774835 0.840268 0.009874 0.005684
12 0.588570 0.855048 0.009575 0.005230
12 0.588570 0.860277 0.009575 0.005230
13 0.466936 0.854934 0.010473 0.005912
13 0.466936 0.860846 0.010473 0.005912
17 0.474417 0.843906 0.007481 0.005684
12 0.475015 0.837312 0.006284 0.005230
17 0.232346 0.854479 0.010473 0.005912
12 0.232346 0.860391 0.010473 0.005912
11 0.239078 0.842087 0.004189 0.003865
13 0.237582 0.837085 0.011969 0.008413
11 0.140634 0.852774 0.008977 0.005230
12 0.197487 0.852547 0.008977 0.005684
12 0.356373 0.838222 0.011969 0.007958
17 0.351436 0.854479 0.011670 0.005912
17 0.351436 0.860391 0.011670 0.005912
11 0.358917 0.843224 0.005087 0.004320
13 0.467684 0.819577 0.010772 0.007049
13 0.468881 0.797635 0.004788 0.004093
17 0.351885 0.819122 0.010174 0.007049
11 0.357421 0.795134 0.012867 0.005457
18 0.357421 0.800591 0.012867 0.005457
11 0.232944 0.818668 0.010473 0.007049
12 0.238630 0.794566 0.013465 0.006139
12 0.238630 0.800705 0.013465 0.006139
12 0.197187 0.814575 0.008977 0.006139
12 0.932226 0.814006 0.003890 0.005457
13 0.627618 0.814120 0.008677 0.006139
11 0.141083 0.814234 0.008677 0.006367
13 0.612507 0.811392 0.009575 0.005684
18 0.684171 0.806162 0.009276 0.005684
12 0.590066 0.806162 0.008977 0.005684
13 0.666966 0.803547 0.009575 0.005912
13 0.756583 0.801160 0.009276 0.005684
12 0.647965 0.801273 0.009874 0.005912
12 0.852334 0.801046 0.008079 0.005912
12 0.852035 0.788313 0.009874 0.006367
13 0.741323 0.798431 0.009874 0.005684
18 0.814183 0.795930 0.009575 0.006139
12 0.722322 0.795930 0.010174 0.006139
13 0.798025 0.792747 0.009575 0.006139
12 0.777528 0.790814 0.009874 0.005912
11 0.292340 0.769782 0.008378 0.006594
17 0.303561 0.751933 0.015260 0.003638
12 0.313136 0.768872 0.009276 0.006594
12 0.274237 0.766371 0.009276 0.006139
13 0.257181 0.763643 0.009874 0.006139
12 0.430730 0.761369 0.009874 0.005230
12 0.234141 0.761596 0.009276 0.005684
12 0.410233 0.761369 0.009575 0.006139
18 0.394375 0.758640 0.008977 0.006139
12 0.552364 0.756139 0.008977 0.005684
12 0.534560 0.756253 0.009276 0.005912
13 0.377319 0.756139 0.008977 0.005684
12 0.352184 0.756139 0.009575 0.005684
13 0.516906 0.753411 0.009874 0.006594
13 0.493567 0.753411 0.009874 0.006594
13 0.627917 0.750910 0.008079 0.006139
12 0.468133 0.750910 0.009276 0.006139
13 0.613256 0.748636 0.009874 0.006139
12 0.071065 0.747613 0.005087 0.006821
12 0.683872 0.743406 0.008677 0.006594
12 0.588719 0.743292 0.009874 0.006367
13 0.668612 0.740678 0.009276 0.006594
13 0.756433 0.738745 0.008977 0.006367
12 0.646768 0.738063 0.008677 0.005912
13 0.740425 0.735675 0.009276 0.006594
13 0.814034 0.733288 0.009276 0.006367
12 0.719479 0.732719 0.009276 0.006139
13 0.797127 0.730446 0.008977 0.007049
12 0.775733 0.726808 0.009276 0.006139
12 0.851735 0.724989 0.009276 0.007049
12 0.232496 0.704525 0.009575 0.006139
17 0.142579 0.704980 0.010473 0.007049
11 0.751945 0.703843 0.008378 0.005684
11 0.850539 0.703615 0.009276 0.006139
18 0.659785 0.703615 0.009575 0.006139
12 0.229952 0.661323 0.009276 0.006139
17 0.141831 0.661551 0.010174 0.006594
11 0.908288 0.650750 0.009874 0.005912
11 0.850838 0.650637 0.009874 0.005684
11 0.658288 0.650523 0.010174 0.005457
12 0.714841 0.650523 0.009575 0.006367
12 0.514811 0.650409 0.009276 0.006139
11 0.457211 0.650409 0.009575 0.006139
12 0.414273 0.650296 0.009276 0.005912
12 0.392430 0.650296 0.009874 0.005912
12 0.752693 0.648363 0.009874 0.005684
12 0.555805 0.647681 0.009874 0.006139
13 0.376870 0.647681 0.009874 0.006139
12 0.772292 0.645634 0.008378 0.005684
12 0.576601 0.645180 0.008378 0.005684
13 0.363106 0.645180 0.007481 0.005684
12 0.790694 0.643133 0.009276 0.006139
12 0.598294 0.642678 0.009874 0.006139
12 0.344853 0.642678 0.009276 0.006139
12 0.809545 0.640405 0.009276 0.006139
12 0.615200 0.640177 0.008378 0.006594
17 0.099042 0.611642 0.006583 0.007731
17 0.851436 0.610505 0.009874 0.006367
12 0.413525 0.609936 0.008977 0.006139
11 0.344554 0.610050 0.009874 0.006367
17 0.659934 0.610164 0.009874 0.007503
12 0.809994 0.607663 0.009575 0.006139
11 0.753441 0.607663 0.010174 0.006139
11 0.615051 0.607435 0.009874 0.005684
11 0.556254 0.607663 0.009575 0.006139
11 0.513914 0.607435 0.009874 0.005684
11 0.457361 0.607549 0.009276 0.005912
12 0.141083 0.602888 0.009874 0.005684
12 0.161430 0.600387 0.009874 0.006139
12 0.178785 0.597885 0.008677 0.005684
12 0.196439 0.595612 0.009276 0.005684
12 0.231448 0.592428 0.008677 0.005684
11 0.556403 0.574693 0.008677 0.005684
12 0.287403 0.574920 0.009276 0.006139
12 0.850838 0.574466 0.008677 0.006139
12 0.807750 0.574238 0.009874 0.005684
12 0.659934 0.574466 0.009874 0.006139
12 0.614153 0.574238 0.009276 0.005684
11 0.345751 0.574693 0.009874 0.006594
12 0.306852 0.574693 0.008677 0.006594
11 0.751795 0.574238 0.009276 0.006594
12 0.412627 0.573556 0.008977 0.006139
13 0.270646 0.571965 0.009276 0.005684
12 0.455715 0.571510 0.009575 0.005684
12 0.255087 0.569918 0.009276 0.006139
11 0.263764 0.556958 0.006882 0.003865
12 0.872232 0.569236 0.009575 0.005684
12 0.678486 0.569122 0.009874 0.006367
12 0.475613 0.569009 0.009874 0.006139
12 0.890335 0.566735 0.009874 0.006139
12 0.697786 0.566508 0.009575 0.005684
12 0.495212 0.566508 0.009575 0.005684
12 0.232196 0.566735 0.008977 0.006139
12 0.071364 0.565257 0.004488 0.004093
12 0.513914 0.564006 0.009874 0.006139
12 0.909186 0.563779 0.009276 0.006594
12 0.717235 0.563779 0.010772 0.006594
17 0.140335 0.558663 0.010772 0.006367
17 0.140335 0.565030 0.010772 0.006367
12 0.194943 0.518190 0.007481 0.005457
12 0.230551 0.517849 0.008079 0.005684
11 0.141532 0.515803 0.009575 0.006139
17 0.740126 0.484879 0.009874 0.006139
17 0.633154 0.485107 0.010174 0.006594
17 0.849940 0.484879 0.010473 0.007049
11 0.173848 0.482151 0.009575 0.006139
11 0.139587 0.482265 0.009276 0.006367
11 0.581987 0.474193 0.009575 0.005684
11 0.545183 0.474193 0.010174 0.005684
17 0.436864 0.474193 0.010174 0.006594
11 0.376870 0.473965 0.009874 0.006139
11 0.340215 0.474079 0.009575 0.006367
17 0.244315 0.473965 0.010473 0.007049
17 0.846349 0.444179 0.010473 0.006594
17 0.740425 0.443952 0.010473 0.006139
17 0.630910 0.443952 0.010473 0.007049
11 0.140485 0.440769 0.009874 0.006139
11 0.175494 0.440541 0.010473 0.006594
12 0.581688 0.433151 0.008977 0.005912
12 0.261670 0.432810 0.009276 0.005684
12 0.282914 0.427581 0.009874 0.006139
12 0.244016 0.427353 0.009874 0.005684
12 0.543238 0.425648 0.009874 0.005912
12 0.299671 0.425307 0.009874 0.006139
12 0.563884 0.423033 0.009276 0.006139
12 0.338570 0.422806 0.009874 0.005684
12 0.489378 0.420532 0.009874 0.006594
12 0.358019 0.420077 0.010473 0.006594
12 0.507929 0.417576 0.009874 0.006139
13 0.471424 0.417804 0.009874 0.006594
12 0.378665 0.417576 0.009874 0.006139
13 0.454668 0.414393 0.009874 0.006139
12 0.396469 0.414620 0.010174 0.006594
12 0.601287 0.414166 0.009276 0.006594
12 0.434919 0.412347 0.008677 0.007503
12 0.582436 0.398931 0.009276 0.007049
12 0.630461 0.390859 0.009575 0.006367
12 0.543537 0.390746 0.009276 0.006139
12 0.561640 0.388245 0.008977 0.005684
17 0.140934 0.387790 0.009575 0.006594
12 0.488630 0.385289 0.009575 0.006139
12 0.508977 0.382674 0.008977 0.005457
13 0.472322 0.382560 0.009276 0.006139
11 0.907840 0.380855 0.010174 0.006367
11 0.849042 0.380741 0.009874 0.006139
12 0.814333 0.380741 0.009874 0.006139
12 0.791592 0.380741 0.009874 0.006139
18 0.603082 0.380741 0.009874 0.006139
13 0.456463 0.380173 0.009874 0.006821
12 0.775135 0.378240 0.009276 0.005684
12 0.436565 0.377785 0.009575 0.005684
13 0.758977 0.375739 0.009276 0.006139
17 0.244016 0.375512 0.009874 0.006594
17 0.338869 0.374261 0.010473 0.006821
12 0.741023 0.373238 0.009276 0.005684
17 0.140186 0.353229 0.010473 0.007503
17 0.140485 0.344134 0.009874 0.006594
17 0.337971 0.352206 0.011071 0.007276
17 0.337672 0.338904 0.010473 0.007049
17 0.243417 0.351864 0.009874 0.006594
17 0.243417 0.339131 0.009874 0.006594
12 0.068971 0.352547 0.004488 0.012960
12 0.068971 0.338108 0.004488 0.004548
17 0.740425 0.336971 0.010473 0.005912
17 0.740425 0.342883 0.010473 0.005912
11 0.632705 0.336517 0.010473 0.005002
17 0.632705 0.341519 0.010473 0.005002
17 0.848294 0.334925 0.010772 0.004548
17 0.848294 0.339472 0.010772 0.004548
17 0.848294 0.344020 0.010772 0.004548
17 0.543986 0.333788 0.010772 0.005912
17 0.543986 0.339700 0.010772 0.005912
17 0.436116 0.333333 0.009874 0.005912
17 0.436116 0.339245 0.009874 0.005912
12 0.140485 0.298431 0.009874 0.006139
12 0.159037 0.295475 0.009874 0.005684
12 0.204219 0.292974 0.009276 0.006139
12 0.176391 0.293201 0.009874 0.006594
12 0.815081 0.291041 0.009575 0.005912
11 0.740126 0.290928 0.009874 0.005684
12 0.707510 0.290700 0.009276 0.005230
12 0.688360 0.290700 0.009276 0.006139
17 0.245212 0.290018 0.009874 0.006594
12 0.847247 0.289109 0.008677 0.005684
17 0.338570 0.289791 0.009874 0.007049
13 0.671753 0.288199 0.010174 0.005684
12 0.870287 0.286494 0.008079 0.005457
13 0.653950 0.285698 0.009874 0.006139
17 0.545033 0.285016 0.009874 0.006594
17 0.437911 0.285016 0.009874 0.006594
12 0.888989 0.284106 0.009575 0.005684
12 0.632107 0.283197 0.009276 0.005684
12 0.907989 0.281378 0.009276 0.005684
17 0.235039 0.249318 0.009874 0.007049
17 0.152454 0.249090 0.009874 0.006594
17 0.850688 0.246589 0.010772 0.007049
11 0.618492 0.243292 0.009575 0.005912
11 0.579743 0.243406 0.008677 0.006139
17 0.480102 0.243406 0.010473 0.006139
11 0.759425 0.236357 0.010174 0.005684
11 0.796978 0.236357 0.009874 0.006594
18 0.671005 0.236357 0.010473 0.006594
11 0.431029 0.230559 0.009276 0.005912
11 0.401107 0.230673 0.009276 0.006139
17 0.323309 0.230673 0.010473 0.007049
11 0.430880 0.212710 0.008977 0.005684
11 0.401257 0.212710 0.008977 0.005684
17 0.323459 0.213165 0.010174 0.006594
17 0.850389 0.210891 0.010174 0.006594
11 0.289348 0.210323 0.009575 0.006367
17 0.479204 0.208163 0.009874 0.006594
11 0.617445 0.207481 0.009874 0.006139
11 0.578845 0.207481 0.009276 0.006139
12 0.274387 0.205434 0.009575 0.005684
11 0.797876 0.200659 0.009276 0.006139
17 0.758677 0.200773 0.009874 0.006367
17 0.669210 0.200432 0.010473 0.006594
12 0.258378 0.200432 0.009874 0.006594
12 0.235637 0.197704 0.009874 0.005684
13 0.206164 0.192474 0.008378 0.005230
12 0.188809 0.187926 0.010174 0.006139
12 0.175045 0.182469 0.008977 0.007049
12 0.151257 0.180196 0.008677 0.006139
17 0.234889 0.170191 0.010772 0.007049
17 0.234740 0.161778 0.009276 0.005684
17 0.151556 0.162005 0.010473 0.006139
12 0.150359 0.169964 0.006882 0.006594
17 0.850987 0.161551 0.010174 0.006139
17 0.671005 0.158822 0.010473 0.006139
17 0.671005 0.164961 0.010473 0.006139
17 0.758528 0.158254 0.010772 0.005912
17 0.758528 0.164166 0.010772 0.005912
17 0.478905 0.158595 0.010473 0.006594
17 0.323309 0.158595 0.010473 0.006594
17 0.579443 0.158481 0.010473 0.007276
17 0.402304 0.158367 0.010473 0.007049
17 0.673399 0.126421 0.010473 0.007731
17 0.759575 0.126080 0.010473 0.007958
17 0.400958 0.122897 0.011370 0.007049
12 0.401706 0.114370 0.008677 0.005457
17 0.323609 0.122897 0.011071 0.007049
17 0.323010 0.115393 0.009874 0.005684
17 0.153351 0.121646 0.011071 0.006367
17 0.236236 0.121646 0.008677 0.005912
18 0.246409 0.118690 0.008677 0.005912
17 0.851586 0.117894 0.010174 0.007049
17 0.481149 0.117440 0.010174 0.006139
17 0.481149 0.123579 0.010174 0.006139
17 0.579144 0.116644 0.011071 0.006367
17 0.579144 0.123010 0.011071 0.006367
12 0.686565 0.075034 0.009276 0.005912
12 0.338270 0.074238 0.009276 0.006139
12 0.702723 0.072647 0.009276 0.006594
12 0.900808 0.070487 0.008079 0.005912
12 0.758378 0.069804 0.008079 0.005457
12 0.729354 0.069918 0.008677 0.005684
12 0.321664 0.069463 0.009575 0.005684
12 0.355476 0.069236 0.008977 0.006139
12 0.916966 0.067872 0.009276 0.006139
18 0.885847 0.067985 0.009276 0.006367
12 0.796978 0.067872 0.009276 0.006139
12 0.772142 0.067531 0.009276 0.006367
11 0.236685 0.066962 0.007181 0.006139
12 0.370886 0.066735 0.009874 0.006594
11 0.275733 0.066621 0.009276 0.006367
17 0.153351 0.066735 0.010473 0.006594
12 0.813585 0.065030 0.009575 0.005912
13 0.871035 0.064688 0.009575 0.006139
12 0.579294 0.064461 0.009575 0.006594
12 0.401706 0.064234 0.009276 0.006139
12 0.850539 0.062642 0.009276 0.006594
12 0.595452 0.062187 0.009575 0.006594
12 0.536355 0.061846 0.009874 0.006821
12 0.417564 0.061733 0.009874 0.006594
12 0.618941 0.059686 0.008079 0.006139
12 0.552962 0.059345 0.008378 0.005457
13 0.520197 0.059459 0.007481 0.005684
12 0.639587 0.059459 0.008677 0.006594
12 0.432974 0.059231 0.008378 0.006139
12 0.668312 0.057185 0.009874 0.006594
13 0.496709 0.056730 0.008378 0.006594
12 0.450180 0.056730 0.009276 0.006594
11 0.481598 0.053774 0.008677 0.006139
0 0.093208 0.153593 0.023040 0.022965
5 0.746110 0.065371 0.009874 0.017508
2 0.089318 0.941451 0.018851 0.017963
0 0.091113 0.849591 0.022442 0.024329
1 0.091412 0.559459 0.021843 0.039791
3 0.785009 0.065371 0.007481 0.017508
5 0.470826 0.049682 0.007481 0.013415
5 0.717086 0.066508 0.008079 0.014325
0 0.091113 0.380514 0.022442 0.023874
5 0.114452 0.904616 0.008079 0.016144
3 0.628815 0.059004 0.007481 0.019327
5 0.607271 0.055593 0.008677 0.014325
0 0.090515 0.289563 0.021245 0.032060
2 0.089916 0.646544 0.018851 0.019327
5 0.510323 0.054911 0.008677 0.015689
5 0.659336 0.155866 0.008677 0.014779
1 0.092609 0.107208 0.021843 0.039336
4 0.658737 0.126535 0.006284 0.009777
5 0.115949 0.152683 0.008677 0.012960
5 0.115051 0.603797 0.008079 0.012960
2 0.089916 0.689745 0.018851 0.019327
1 0.093208 0.069236 0.021843 0.033424
1 0.091412 0.798431 0.021843 0.039336
3 0.928935 0.852092 0.010473 0.031151
5 0.422053 0.373238 0.008079 0.013870
2 0.087822 0.429172 0.020646 0.019327
5 0.423549 0.408026 0.008677 0.014325
4 0.529773 0.425534 0.009276 0.016598
5 0.113256 0.945316 0.008079 0.013870
2 0.089318 0.900750 0.020048 0.019327
5 0.481598 0.747954 0.006284 0.010232
5 0.365799 0.751819 0.008079 0.013415
5 0.113854 0.432128 0.008079 0.015234
5 0.114752 0.848909 0.008677 0.013870
5 0.117744 0.064461 0.007481 0.012960
5 0.113854 0.649727 0.008079 0.013870
5 0.116547 0.106071 0.007481 0.015234
2 0.089019 0.470555 0.021843 0.019327
2 0.090066 0.233743 0.017355 0.018190
2 0.094255 0.197817 0.014961 0.016371
0 0.087672 0.604820 0.013764 0.022738
5 0.086026 0.763302 0.008079 0.014097
4 0.092310 0.760118 0.008079 0.014097
5 0.098444 0.760118 0.007780 0.014097
4 0.085428 0.754661 0.008079 0.014097
4 0.091712 0.750568 0.008079 0.014097
4 0.097846 0.741473 0.007780 0.014097
4 0.090814 0.526035 0.008079 0.012506
5 0.097247 0.526035 0.007780 0.012506
4 0.084829 0.521373 0.008079 0.014097
5 0.096649 0.516826 0.007780 0.014097
4 0.082136 0.334925 0.008079 0.014097
4 0.088719 0.330377 0.008079 0.014097
5 0.095452 0.329923 0.007780 0.014097
3 0.931478 0.804911 0.004788 0.014097