8 0.421273 0.940595 0.011951 0.006588
8 0.261428 0.940595 0.011353 0.007042
10 0.586794 0.938437 0.005976 0.002726
6 0.832686 0.941731 0.008963 0.016583
6 0.788766 0.941958 0.009561 0.017946
6 0.219600 0.941958 0.010158 0.017946
6 0.392292 0.941277 0.008963 0.017038
10 0.579474 0.891413 0.009860 0.002272
10 0.567523 0.891413 0.012250 0.002272
6 0.419480 0.897887 0.009561 0.017492
6 0.789662 0.898114 0.008963 0.018401
6 0.832088 0.896979 0.008963 0.017038
7 0.239319 0.859723 0.011951 0.014312
6 0.833284 0.858587 0.009561 0.016583
6 0.260831 0.858360 0.009561 0.017946
6 0.789364 0.857905 0.008963 0.017946
7 0.432327 0.848819 0.009561 0.014766
7 0.772931 0.810881 0.011951 0.019309
6 0.872423 0.811790 0.008963 0.018401
6 0.810875 0.811109 0.008963 0.017946
9 0.706304 0.812472 0.008963 0.037937
9 0.755004 0.811563 0.004780 0.037937
10 0.642068 0.778055 0.005976 0.004089
10 0.688975 0.774194 0.006573 0.002726
7 0.774126 0.775216 0.011951 0.016129
6 0.872722 0.772263 0.009561 0.017492
9 0.786376 0.774534 0.004183 0.029305
6 0.812668 0.772490 0.008963 0.017946
10 0.539886 0.763517 0.007171 0.001817
10 0.650433 0.761018 0.005976 0.002726
8 0.260532 0.732962 0.011353 0.007042
7 0.202868 0.735234 0.011951 0.013403
6 0.370182 0.733757 0.009561 0.017265
9 0.716761 0.731031 0.007171 0.021354
6 0.221691 0.732735 0.007768 0.017492
9 0.182552 0.730918 0.010756 0.032031
9 0.668061 0.725579 0.004183 0.021354
8 0.258889 0.693662 0.013445 0.006588
6 0.220197 0.695706 0.009561 0.015220
7 0.204512 0.693435 0.009860 0.009768
6 0.369435 0.694230 0.009860 0.014539
10 0.559456 0.689005 0.013445 0.003635
10 0.427846 0.643571 0.008366 0.001817
8 0.234240 0.630963 0.010756 0.007497
10 0.872423 0.630736 0.011951 0.005225
10 0.698536 0.630395 0.011951 0.004998
8 0.520167 0.630282 0.011353 0.006588
7 0.216014 0.632553 0.012549 0.013403
7 0.502540 0.630282 0.011951 0.010223
10 0.625934 0.627101 0.007768 0.002953
6 0.828802 0.629827 0.008366 0.017038
6 0.658799 0.629600 0.008963 0.017492
10 0.384225 0.621763 0.009561 0.001817
10 0.751718 0.583371 0.008366 0.001817
8 0.234240 0.585302 0.010756 0.007042
10 0.872423 0.584507 0.011951 0.004998
8 0.520167 0.584393 0.010158 0.006588
7 0.214520 0.586892 0.011951 0.012949
7 0.502540 0.586211 0.010756 0.012949
9 0.477741 0.587119 0.010158 0.023853
9 0.746938 0.593935 0.010756 0.030668
10 0.766358 0.581781 0.012549 0.004998
7 0.391993 0.582122 0.007171 0.016583
8 0.625037 0.544525 0.010756 0.007269
8 0.227368 0.543049 0.012549 0.007042
8 0.527935 0.543049 0.012549 0.006588
8 0.376457 0.543389 0.011951 0.007269
6 0.697341 0.545093 0.009561 0.017492
9 0.900508 0.541458 0.009561 0.023398
10 0.480430 0.495911 0.006573 0.003635
10 0.191216 0.493185 0.006573 0.004089
10 0.255751 0.480691 0.014939 0.004543
10 0.625635 0.476715 0.007768 0.003862
9 0.269196 0.469219 0.010756 0.024761
9 0.243203 0.469219 0.010158 0.023853
9 0.805199 0.465129 0.007171 0.027488
10 0.729907 0.456611 0.005976 0.002726
10 0.670152 0.454339 0.005976 0.001817
10 0.255751 0.441390 0.013744 0.004998
8 0.699731 0.426056 0.012549 0.006588
7 0.677622 0.427647 0.012549 0.013403
9 0.323573 0.430145 0.009561 0.027488
10 0.595160 0.422762 0.006573 0.002726
10 0.520466 0.422762 0.007768 0.002726
6 0.802510 0.425148 0.008963 0.017492
6 0.370182 0.425716 0.009561 0.019082
10 0.561697 0.387551 0.010158 0.002272
8 0.699134 0.386302 0.012549 0.007042
8 0.676427 0.386302 0.011353 0.009768
6 0.803406 0.386302 0.009561 0.018855
6 0.370182 0.385961 0.009561 0.018628
9 0.404243 0.387438 0.008366 0.023398
9 0.250373 0.375625 0.008963 0.026579
10 0.762175 0.329850 0.007171 0.002726
9 0.183149 0.332917 0.009561 0.023853
8 0.846430 0.329055 0.011951 0.023398
10 0.611144 0.311336 0.008067 0.004771
9 0.151927 0.294071 0.006274 0.017946
10 0.760681 0.290550 0.009561 0.003180
9 0.182552 0.294298 0.008963 0.023853
9 0.214222 0.281122 0.004183 0.030214
10 0.837765 0.245797 0.005976 0.004543
10 0.266806 0.241935 0.007768 0.003180
10 0.184643 0.240572 0.005976 0.003180
10 0.153570 0.240800 0.005976 0.004543
6 0.796534 0.245002 0.009561 0.017946
9 0.605916 0.251590 0.008366 0.032485
9 0.496863 0.243980 0.008963 0.019082
10 0.302958 0.236711 0.007171 0.002726
10 0.182850 0.236256 0.007171 0.002726
9 0.339707 0.242390 0.010158 0.020900
10 0.270690 0.224443 0.005976 0.002726
9 0.314909 0.215697 0.008366 0.022944
9 0.371676 0.214448 0.008366 0.018174
9 0.437108 0.212176 0.011353 0.022717
10 0.506424 0.219446 0.008366 0.001817
9 0.411712 0.209450 0.011951 0.028169
9 0.300866 0.209337 0.008963 0.027488
10 0.462205 0.178782 0.013744 0.003635
9 0.710487 0.179010 0.009561 0.009087
9 0.199582 0.172649 0.011951 0.020445
9 0.518673 0.168333 0.009561 0.020445
9 0.494771 0.167878 0.009561 0.020445
10 0.390798 0.162881 0.005976 0.002726
9 0.372871 0.176170 0.011951 0.030668
9 0.702420 0.164357 0.007768 0.021127
9 0.717060 0.162313 0.009561 0.025216
9 0.474455 0.164016 0.009561 0.035893
9 0.758889 0.171627 0.009561 0.036574
10 0.718853 0.154248 0.007171 0.002272
9 0.296086 0.163335 0.011353 0.038164
9 0.455333 0.162313 0.009561 0.039300
10 0.219898 0.139482 0.008366 0.002726
10 0.524051 0.127896 0.007171 0.003635
9 0.325366 0.124602 0.011353 0.024307
9 0.182552 0.123012 0.008963 0.022035
6 0.838363 0.117333 0.009561 0.017946
9 0.568121 0.124602 0.009860 0.032940
9 0.267105 0.118923 0.008963 0.022944
10 0.153272 0.075875 0.005976 0.004543
6 0.834180 0.078260 0.008963 0.017946
6 0.796833 0.078033 0.008366 0.017492
9 0.757395 0.080304 0.008366 0.022944
9 0.878399 0.079736 0.008963 0.024080
18 0.870780 0.959337 0.008664 0.005906
18 0.876755 0.959337 0.008664 0.005906
11 0.749178 0.958996 0.009262 0.005225
11 0.811622 0.958882 0.009860 0.005906
12 0.704960 0.951045 0.009262 0.005679
12 0.654317 0.951045 0.009561 0.005679
12 0.605169 0.950818 0.009262 0.005679
12 0.548999 0.951045 0.009262 0.006134
17 0.931581 0.949909 0.004780 0.005679
12 0.587093 0.940595 0.008963 0.005225
12 0.528682 0.940595 0.009262 0.005225
12 0.690170 0.940368 0.005976 0.005225
12 0.638333 0.940595 0.009860 0.005679
11 0.184344 0.940141 0.008366 0.005679
11 0.372572 0.940027 0.008963 0.005906
13 0.261578 0.919923 0.009262 0.006134
12 0.240962 0.916856 0.008664 0.006361
13 0.315058 0.916970 0.009860 0.007497
13 0.280400 0.916515 0.009860 0.006588
11 0.750523 0.914698 0.009561 0.005679
11 0.750373 0.904362 0.009262 0.005906
11 0.811921 0.914357 0.009262 0.005906
11 0.811324 0.904362 0.009262 0.005906
12 0.586794 0.914244 0.009561 0.006134
12 0.530176 0.914471 0.008664 0.006588
11 0.461159 0.914244 0.009262 0.006134
12 0.687631 0.914130 0.009262 0.006361
11 0.184494 0.914016 0.009262 0.006134
12 0.638632 0.913335 0.009262 0.005679
11 0.372274 0.914357 0.011951 0.007724
12 0.298028 0.913789 0.009262 0.006588
13 0.329698 0.912426 0.009262 0.006588
12 0.705707 0.906974 0.009561 0.005679
12 0.654317 0.906747 0.009561 0.005225
12 0.605169 0.906747 0.009262 0.005679
12 0.549895 0.906520 0.009860 0.006134
11 0.811921 0.874943 0.009860 0.006134
11 0.811921 0.864834 0.008664 0.005906
11 0.750822 0.874943 0.009561 0.006134
11 0.750373 0.864493 0.009860 0.006134
11 0.296086 0.874943 0.009561 0.006134
18 0.871079 0.874602 0.008664 0.005906
18 0.876755 0.874602 0.008664 0.005906
18 0.871377 0.915039 0.008664 0.005906
18 0.877652 0.915039 0.008664 0.005906
12 0.706454 0.866538 0.009262 0.004771
12 0.550792 0.866538 0.009860 0.005225
12 0.656259 0.866311 0.009262 0.005225
12 0.605916 0.866311 0.009561 0.005679
12 0.460860 0.866311 0.009262 0.005679
12 0.529878 0.864039 0.008664 0.005679
12 0.689125 0.864153 0.010457 0.006361
12 0.638482 0.864039 0.009561 0.006134
18 0.870481 0.863698 0.008664 0.005906
18 0.876457 0.865516 0.008664 0.005906
12 0.585748 0.864039 0.009262 0.006588
13 0.476696 0.864039 0.009860 0.006588
12 0.439797 0.863925 0.010158 0.006361
11 0.185390 0.862108 0.009262 0.004998
13 0.492680 0.861427 0.009561 0.005906
12 0.420675 0.861540 0.010158 0.006134
12 0.932925 0.860745 0.003884 0.004998
17 0.372871 0.861654 0.010756 0.007269
18 0.153869 0.861881 0.008366 0.005452
18 0.153869 0.856429 0.008366 0.005452
12 0.240813 0.833144 0.008963 0.007042
12 0.222737 0.833144 0.009860 0.007042
17 0.233642 0.814289 0.010756 0.002953
12 0.204213 0.833144 0.009860 0.007042
12 0.262773 0.832917 0.011055 0.007497
12 0.269047 0.816447 0.006872 0.005452
17 0.372871 0.829396 0.010756 0.007269
18 0.376606 0.814289 0.011652 0.007951
17 0.421273 0.828828 0.011353 0.007042
18 0.424261 0.814743 0.011353 0.007951
12 0.183448 0.827692 0.008963 0.006134
12 0.183448 0.833826 0.008963 0.006134
12 0.751120 0.826670 0.010158 0.005906
12 0.750672 0.808155 0.009262 0.006134
17 0.605468 0.826329 0.010457 0.005679
11 0.605169 0.808383 0.009860 0.006134
12 0.704213 0.826443 0.009561 0.006361
12 0.704960 0.808155 0.008664 0.006134
17 0.656558 0.826329 0.009860 0.006134
11 0.655961 0.807928 0.009860 0.006588
11 0.549746 0.825875 0.009561 0.006588
11 0.548700 0.808042 0.009262 0.006361
12 0.528832 0.825875 0.010158 0.006588
17 0.893785 0.817469 0.009860 0.006134
17 0.893487 0.809064 0.010457 0.006588
11 0.835076 0.816674 0.008366 0.005906
11 0.834777 0.808610 0.010158 0.006134
11 0.791306 0.816333 0.006872 0.006134
11 0.791604 0.808496 0.009860 0.005906
17 0.183298 0.788619 0.011055 0.007042
17 0.183298 0.779305 0.009860 0.007497
12 0.188079 0.767038 0.012250 0.008405
17 0.261279 0.788164 0.010457 0.007042
11 0.260980 0.779078 0.009860 0.007042
18 0.265462 0.767606 0.011652 0.007724
12 0.102779 0.783394 0.004780 0.003408
13 0.706005 0.784303 0.009561 0.006588
12 0.751867 0.782144 0.009262 0.005906
12 0.111294 0.779532 0.005677 0.004771
13 0.721691 0.779532 0.009860 0.006134
13 0.605169 0.779418 0.009860 0.006361
13 0.658052 0.779078 0.009262 0.006134
13 0.548402 0.779078 0.009860 0.006588
17 0.420974 0.778510 0.010756 0.006361
17 0.420974 0.784871 0.010756 0.006361
18 0.425007 0.766356 0.011652 0.008405
11 0.373618 0.778623 0.010457 0.006588
17 0.373618 0.785211 0.010457 0.006588
17 0.376158 0.767946 0.010756 0.007042
12 0.689872 0.776579 0.009561 0.005679
12 0.640424 0.776579 0.009860 0.005679
11 0.589334 0.776124 0.009262 0.005225
11 0.596504 0.761699 0.006872 0.004543
12 0.529878 0.776352 0.008664 0.005679
13 0.622348 0.774307 0.009561 0.006134
13 0.672841 0.774080 0.008963 0.006134
13 0.570959 0.773966 0.009561 0.006361
11 0.835973 0.764198 0.010158 0.005452
11 0.835973 0.769650 0.010158 0.005452
11 0.790409 0.764085 0.008664 0.005225
11 0.790409 0.769309 0.008664 0.005225
17 0.893785 0.763744 0.009860 0.005906
17 0.893785 0.769650 0.009860 0.005906
11 0.396325 0.742731 0.009262 0.005679
13 0.218703 0.737960 0.004183 0.003862
18 0.872274 0.733985 0.008664 0.005906
18 0.871676 0.722399 0.008664 0.005906
18 0.877353 0.722399 0.008664 0.005906
18 0.878249 0.736483 0.008664 0.005906
13 0.706155 0.729782 0.009860 0.005679
12 0.183298 0.727851 0.008664 0.004998
17 0.812668 0.727851 0.011353 0.007269
17 0.753212 0.727169 0.010756 0.006815
13 0.722886 0.725011 0.008664 0.006134
13 0.657604 0.725011 0.008366 0.006134
13 0.606812 0.724898 0.008366 0.006361
13 0.551240 0.724784 0.008963 0.006134
17 0.422169 0.724330 0.010756 0.007042
12 0.690917 0.722512 0.009262 0.005679
12 0.589633 0.722285 0.009860 0.005679
12 0.531073 0.722512 0.009860 0.006134
12 0.641918 0.722058 0.009262 0.005679
13 0.621601 0.720354 0.009262 0.005906
13 0.672244 0.719673 0.008963 0.006361
13 0.569913 0.719559 0.009860 0.006588
18 0.659845 0.689573 0.005079 0.002953
12 0.659994 0.667197 0.008963 0.006815
12 0.152226 0.688096 0.008067 0.004998
18 0.152226 0.693094 0.008067 0.004998
12 0.394981 0.684916 0.009561 0.006361
13 0.707947 0.672990 0.009262 0.007497
18 0.871377 0.669923 0.008664 0.005906
18 0.877353 0.669923 0.008664 0.005906
17 0.814909 0.670491 0.010457 0.007042
17 0.753511 0.670604 0.010158 0.007269
17 0.183896 0.670036 0.010457 0.006134
13 0.722289 0.667765 0.009262 0.007042
13 0.606364 0.667310 0.008067 0.006588
13 0.550493 0.667310 0.008664 0.007497
17 0.425605 0.666515 0.009860 0.006815
12 0.642366 0.665947 0.008963 0.006134
12 0.589483 0.665720 0.008963 0.006134
12 0.690021 0.665493 0.008067 0.006134
18 0.528981 0.665152 0.008664 0.005906
12 0.675232 0.663335 0.007171 0.006361
18 0.574395 0.662653 0.009860 0.007269
12 0.372124 0.634825 0.009262 0.005225
12 0.353003 0.632894 0.009262 0.006361
12 0.424709 0.632326 0.009262 0.005679
18 0.233493 0.630850 0.008067 0.003180
12 0.388856 0.632213 0.010457 0.006361
11 0.184942 0.630509 0.009561 0.006134
11 0.478787 0.629827 0.008664 0.005225
11 0.803555 0.629941 0.008067 0.005906
11 0.325217 0.630055 0.009860 0.006134
12 0.406185 0.629827 0.008664 0.006134
11 0.625486 0.629487 0.008067 0.005906
12 0.439797 0.627101 0.010158 0.006134
12 0.697192 0.606429 0.009262 0.006134
12 0.757843 0.604839 0.009860 0.007497
12 0.678518 0.603021 0.008963 0.006588
12 0.719898 0.603249 0.009262 0.007951
11 0.804751 0.601318 0.009262 0.005906
11 0.624739 0.600977 0.009561 0.006588
11 0.739916 0.600750 0.009860 0.006588
11 0.747535 0.582349 0.005976 0.003408
13 0.771885 0.599614 0.009262 0.006134
12 0.370929 0.589505 0.009262 0.006361
18 0.232596 0.585756 0.003884 0.003862
12 0.389752 0.586665 0.009860 0.006134
13 0.354497 0.586665 0.009860 0.006588
13 0.424858 0.586324 0.009561 0.006361
18 0.518076 0.584734 0.004780 0.004089
11 0.325814 0.584393 0.008664 0.005679
12 0.408276 0.584166 0.009860 0.005679
11 0.183298 0.584393 0.008067 0.006588
11 0.479086 0.583939 0.009262 0.006134
13 0.442336 0.581440 0.010457 0.006588
11 0.740514 0.560768 0.008664 0.005679
13 0.921870 0.551908 0.009262 0.005679
18 0.909023 0.548841 0.007469 0.004998
18 0.909770 0.553385 0.004780 0.003180
12 0.894084 0.549296 0.008664 0.005906
11 0.900956 0.533962 0.004482 0.003408
17 0.804302 0.546456 0.010756 0.007042
18 0.153869 0.539073 0.004183 0.003635
18 0.870630 0.519991 0.013146 0.004543
17 0.870630 0.524534 0.013146 0.004543
18 0.875261 0.507724 0.011652 0.008178
18 0.791007 0.518741 0.004482 0.003408
12 0.756498 0.520104 0.009561 0.006134
12 0.660442 0.519877 0.008664 0.005679
12 0.668808 0.502840 0.006872 0.002499
12 0.643412 0.519991 0.009262 0.005906
17 0.655214 0.503294 0.013146 0.003408
12 0.738422 0.519877 0.009262 0.006588
12 0.716761 0.519877 0.008963 0.006588
12 0.699283 0.519877 0.008664 0.006588
12 0.678369 0.519877 0.008664 0.006588
11 0.626681 0.519991 0.009262 0.006815
17 0.638034 0.503294 0.014640 0.003862
17 0.521811 0.517038 0.011055 0.006815
12 0.276367 0.514880 0.008963 0.005679
12 0.252614 0.514880 0.009262 0.005679
12 0.107111 0.512040 0.013445 0.004543
12 0.107111 0.516583 0.013445 0.004543
17 0.371527 0.512154 0.010457 0.006134
13 0.375859 0.499886 0.011951 0.007951
11 0.326113 0.512381 0.010457 0.007042
12 0.329997 0.498410 0.010457 0.007269
11 0.478488 0.512040 0.010457 0.006815
17 0.185689 0.509882 0.010457 0.006588
12 0.191963 0.494775 0.004482 0.004543
18 0.808336 0.506247 0.010457 0.008405
12 0.803854 0.523739 0.011055 0.007042
18 0.525993 0.505111 0.012250 0.008405
18 0.482372 0.498069 0.011652 0.007951
12 0.512250 0.486711 0.005677 0.004316
12 0.521661 0.472058 0.008963 0.006815
12 0.521362 0.463766 0.010756 0.006588
11 0.470122 0.480463 0.008664 0.006815
12 0.477592 0.461722 0.010457 0.006134
13 0.477592 0.467856 0.010457 0.006134
11 0.364057 0.480009 0.008067 0.005906
12 0.371676 0.460927 0.011353 0.006361
12 0.371676 0.467288 0.011353 0.006361
12 0.317150 0.480009 0.006274 0.005906
12 0.325217 0.460927 0.010457 0.005906
13 0.325217 0.466833 0.010457 0.005906
12 0.757096 0.475011 0.009561 0.005906
13 0.755303 0.469673 0.005378 0.004316
12 0.625187 0.475011 0.010457 0.005906
12 0.624290 0.462063 0.008664 0.006361
12 0.175978 0.475466 0.007171 0.006815
12 0.185091 0.456270 0.011055 0.006588
17 0.185091 0.462858 0.011055 0.006588
12 0.739020 0.474557 0.008067 0.006815
13 0.103227 0.475011 0.008664 0.005906
11 0.108605 0.475011 0.008664 0.005906
11 0.700030 0.470241 0.009561 0.004543
11 0.700030 0.474784 0.009561 0.004543
12 0.706454 0.454225 0.005677 0.004316
12 0.803257 0.469900 0.010457 0.005679
13 0.803257 0.475579 0.010457 0.005679
12 0.808037 0.457860 0.011652 0.007951
12 0.716761 0.469673 0.007171 0.005225
12 0.717956 0.475579 0.009561 0.005225
12 0.678518 0.469559 0.009561 0.004998
12 0.678518 0.474557 0.009561 0.004998
12 0.644308 0.469673 0.009262 0.005225
12 0.644308 0.474898 0.009262 0.005225
12 0.660741 0.469219 0.008664 0.005225
12 0.660741 0.474443 0.008664 0.005225
18 0.265910 0.464448 0.005378 0.003862
18 0.240066 0.464107 0.005079 0.004089
12 0.250075 0.461608 0.007768 0.005452
12 0.276815 0.461722 0.008664 0.006588
18 0.876158 0.458655 0.011652 0.008632
12 0.872274 0.470014 0.009860 0.005452
17 0.872274 0.475466 0.009860 0.005452
11 0.830146 0.438323 0.009860 0.006134
11 0.407081 0.437528 0.009262 0.006815
12 0.557215 0.430259 0.008366 0.005906
13 0.576636 0.427647 0.009561 0.006134
11 0.624888 0.427533 0.008067 0.006361
12 0.540036 0.427419 0.009860 0.006588
13 0.292501 0.427419 0.008963 0.007042
11 0.324918 0.425716 0.008664 0.005452
13 0.592620 0.425261 0.008664 0.005906
12 0.251718 0.425261 0.009262 0.006361
12 0.521362 0.424920 0.009561 0.006134
13 0.280251 0.424466 0.008366 0.005679
17 0.478787 0.424466 0.010457 0.007042
17 0.186585 0.422990 0.010457 0.007269
17 0.873469 0.420491 0.009860 0.005906
11 0.283537 0.383689 0.005976 0.004089
12 0.291604 0.370400 0.008366 0.006588
11 0.831043 0.380509 0.008067 0.005906
11 0.405587 0.380395 0.008664 0.006134
12 0.557066 0.373467 0.008067 0.005906
12 0.538841 0.370741 0.008664 0.006815
11 0.625187 0.371081 0.008067 0.007951
13 0.574694 0.370173 0.008664 0.007497
12 0.520914 0.368355 0.009860 0.006588
13 0.591276 0.367901 0.008963 0.006588
11 0.324470 0.367674 0.008963 0.006588
12 0.252017 0.367674 0.009860 0.006588
17 0.477293 0.367787 0.012250 0.007269
17 0.186286 0.365629 0.009860 0.006134
17 0.872124 0.362449 0.010756 0.007951
18 0.494174 0.345866 0.008366 0.005225
12 0.497162 0.320309 0.008366 0.006815
12 0.570959 0.346320 0.007768 0.007951
11 0.649686 0.339505 0.010457 0.007497
11 0.837018 0.337347 0.008664 0.005906
12 0.844637 0.322353 0.005976 0.004998
12 0.857335 0.334734 0.009860 0.006134
12 0.815955 0.334734 0.008963 0.006134
13 0.897968 0.334280 0.009860 0.006588
12 0.762175 0.332235 0.009561 0.005679
12 0.883926 0.332122 0.009262 0.005906
13 0.915895 0.329055 0.008664 0.006134
11 0.184195 0.326102 0.007469 0.006134
12 0.522408 0.324512 0.009262 0.006134
11 0.303705 0.323603 0.009262 0.005679
12 0.220645 0.323716 0.011652 0.007724
12 0.375112 0.321104 0.009860 0.005679
17 0.569913 0.321331 0.011055 0.007042
17 0.412160 0.320877 0.011055 0.007042
12 0.588587 0.300432 0.008366 0.006134
12 0.838363 0.297478 0.009561 0.005225
11 0.846131 0.281804 0.007171 0.003862
12 0.857634 0.294980 0.009860 0.006588
12 0.815357 0.294980 0.008963 0.006588
13 0.897072 0.294639 0.008664 0.006361
12 0.881834 0.292708 0.008067 0.005225
12 0.607410 0.292935 0.008963 0.005679
12 0.760831 0.292481 0.008664 0.005225
12 0.151628 0.292026 0.005677 0.005679
13 0.915596 0.289527 0.008664 0.006134
12 0.626382 0.287824 0.008067 0.004089
11 0.183896 0.287029 0.007469 0.006134
11 0.689722 0.285211 0.008664 0.006134
12 0.522259 0.284757 0.009561 0.006588
11 0.648491 0.282372 0.009262 0.005906
12 0.569465 0.282258 0.009561 0.006134
12 0.374514 0.282031 0.009262 0.006588
17 0.411861 0.281804 0.011055 0.007042
11 0.301464 0.279873 0.008366 0.006361
13 0.495369 0.279532 0.008366 0.006134
17 0.218853 0.273853 0.009860 0.007042
17 0.491037 0.264539 0.005677 0.005225
12 0.498207 0.239437 0.006872 0.005906
17 0.598596 0.263403 0.009262 0.005679
11 0.607858 0.239891 0.007469 0.005906
11 0.760831 0.247728 0.009860 0.006588
17 0.648491 0.248069 0.009860 0.007269
18 0.835973 0.245684 0.007171 0.004316
13 0.265760 0.243980 0.009262 0.005452
13 0.326561 0.241595 0.009561 0.006134
12 0.286077 0.241368 0.009262 0.006588
13 0.236480 0.241368 0.006872 0.006588
12 0.304452 0.238982 0.009561 0.005452
11 0.182850 0.238755 0.007768 0.005906
11 0.152674 0.237960 0.005378 0.005225
12 0.522259 0.237051 0.007768 0.006588
11 0.457275 0.237051 0.008664 0.006588
13 0.340753 0.236711 0.007469 0.006361
12 0.373917 0.236256 0.010457 0.007724
11 0.570959 0.234666 0.009561 0.006361
11 0.491933 0.224784 0.007469 0.006134
13 0.500747 0.219332 0.011353 0.002953
12 0.495518 0.202862 0.008664 0.005452
12 0.495518 0.208314 0.008664 0.005452
12 0.760233 0.216720 0.007469 0.004543
12 0.767404 0.193662 0.003884 0.003862
13 0.315357 0.215925 0.005677 0.003862
12 0.201673 0.215243 0.007768 0.005225
12 0.184494 0.215129 0.009262 0.005906
11 0.687780 0.213880 0.008366 0.006134
12 0.108903 0.212063 0.005079 0.003862
12 0.325814 0.212744 0.008067 0.006588
12 0.285928 0.212517 0.006573 0.006134
12 0.265462 0.212631 0.006872 0.006361
12 0.238273 0.212744 0.008067 0.006588
12 0.218703 0.212858 0.008366 0.006815
12 0.799373 0.211268 0.009262 0.005452
12 0.780550 0.210813 0.008664 0.004543
12 0.779504 0.193435 0.009561 0.003408
17 0.569913 0.211154 0.010457 0.006588
12 0.391843 0.210586 0.009262 0.005452
12 0.373768 0.210473 0.007768 0.006134
18 0.838811 0.210473 0.010457 0.006588
12 0.842994 0.196615 0.011652 0.008860
12 0.474305 0.205702 0.009262 0.005225
12 0.474305 0.210927 0.009262 0.005225
12 0.437705 0.205134 0.008963 0.005452
12 0.437705 0.210586 0.008963 0.005452
12 0.521064 0.202862 0.008963 0.005452
12 0.521064 0.208314 0.008963 0.005452
12 0.302659 0.200250 0.006573 0.004771
12 0.412160 0.199909 0.008067 0.004998
12 0.412160 0.204907 0.008067 0.004998
12 0.456678 0.199796 0.008664 0.005679
12 0.456678 0.205475 0.008664 0.005679
18 0.812519 0.193094 0.005677 0.002726
12 0.815656 0.210813 0.009561 0.005452
18 0.792351 0.193094 0.009561 0.002726
11 0.830893 0.177533 0.010158 0.007042
17 0.838064 0.156861 0.011353 0.004771
12 0.838064 0.161631 0.011353 0.004771
12 0.110099 0.172194 0.003884 0.004089
12 0.265462 0.167651 0.008664 0.006361
12 0.236929 0.167765 0.009561 0.006588
12 0.182701 0.167765 0.008067 0.006588
12 0.284583 0.167537 0.009860 0.007042
12 0.219749 0.167424 0.009262 0.006815
12 0.202121 0.167537 0.009860 0.007042
12 0.390947 0.165039 0.009262 0.005225
12 0.390947 0.170264 0.009262 0.005225
12 0.373469 0.164925 0.008366 0.004998
12 0.373469 0.169923 0.008366 0.004998
13 0.519570 0.162653 0.008366 0.005906
13 0.519570 0.168560 0.008366 0.005906
12 0.495967 0.162426 0.008366 0.005452
12 0.495967 0.167878 0.008366 0.005452
12 0.326113 0.162199 0.008067 0.005452
12 0.326113 0.167651 0.008067 0.005452
12 0.437257 0.160722 0.008067 0.004771
12 0.437257 0.165493 0.008067 0.004771
12 0.687481 0.160722 0.008963 0.005225
12 0.687481 0.165947 0.008963 0.005225
12 0.411861 0.160154 0.006872 0.004543
12 0.411563 0.147547 0.008067 0.006588
12 0.475799 0.159814 0.008664 0.004771
12 0.475799 0.164584 0.008664 0.004771
12 0.457574 0.159927 0.008067 0.004998
12 0.456080 0.147547 0.007469 0.006588
12 0.779056 0.158337 0.009262 0.004998
12 0.779056 0.163335 0.009262 0.004998
13 0.703466 0.158224 0.007469 0.005679
13 0.703466 0.163903 0.007469 0.005679
12 0.661936 0.158110 0.009262 0.005452
12 0.661936 0.163562 0.009262 0.005452
12 0.647595 0.158224 0.006872 0.005679
12 0.647595 0.163903 0.006872 0.005679
12 0.814162 0.157656 0.008366 0.005452
12 0.814162 0.163108 0.008366 0.005452
12 0.798177 0.157656 0.008067 0.005452
12 0.798177 0.163108 0.008067 0.005452
12 0.760233 0.157769 0.007469 0.005679
12 0.760233 0.163448 0.007469 0.005679
17 0.570511 0.156520 0.010457 0.004543
17 0.570511 0.161063 0.010457 0.004543
17 0.570511 0.165607 0.010457 0.004543
13 0.718554 0.156520 0.009561 0.004998
13 0.718554 0.161517 0.009561 0.004998
13 0.073947 0.154134 0.004482 0.003408
12 0.303406 0.149818 0.008067 0.007951
18 0.241261 0.131418 0.006872 0.004316
17 0.760233 0.130850 0.008664 0.006361
11 0.881536 0.129941 0.009860 0.006815
12 0.217956 0.129487 0.009262 0.006361
11 0.604870 0.125965 0.008664 0.006134
11 0.796684 0.122104 0.005079 0.004771
17 0.648192 0.120400 0.010457 0.007269
13 0.521512 0.117560 0.008067 0.005679
12 0.325964 0.117106 0.008963 0.006134
11 0.183448 0.116424 0.007768 0.005679
12 0.373469 0.114153 0.008366 0.006134
13 0.497759 0.112903 0.007171 0.004543
13 0.569764 0.112676 0.007768 0.005906
13 0.536749 0.112449 0.007469 0.005452
11 0.267852 0.111654 0.008067 0.005225
11 0.250523 0.111654 0.007469 0.006134
12 0.151628 0.110859 0.005079 0.004998
13 0.473558 0.109723 0.007171 0.006361
18 0.408425 0.095979 0.007171 0.005225
11 0.412608 0.106883 0.008963 0.006134
12 0.220197 0.087574 0.009561 0.005679
13 0.217807 0.073149 0.007171 0.004543
18 0.497909 0.079282 0.006872 0.002726
11 0.759486 0.073376 0.006573 0.005906
11 0.879892 0.072581 0.007171 0.006134
13 0.154019 0.072013 0.006274 0.004998
11 0.606663 0.068264 0.008067 0.006134
18 0.601882 0.095979 0.009262 0.006134
17 0.646400 0.062358 0.009860 0.007497
13 0.518524 0.060768 0.007469 0.006588
12 0.325814 0.059632 0.009262 0.006588
13 0.184494 0.059291 0.008664 0.006815
11 0.373319 0.056906 0.008664 0.007951
13 0.566776 0.055657 0.008366 0.006361
12 0.495817 0.055770 0.008664 0.006588
13 0.534359 0.054861 0.009262 0.006588
12 0.267105 0.054634 0.008366 0.006588
13 0.248282 0.053385 0.010158 0.006815
12 0.471915 0.052363 0.008664 0.007042
12 0.409471 0.049409 0.008067 0.006588
12 0.928443 0.039187 0.005079 0.004316
0 0.102629 0.813607 0.023006 0.023853
4 0.397520 0.321331 0.009262 0.016129
2 0.102032 0.332690 0.025396 0.019764
4 0.290559 0.323603 0.010457 0.016583
4 0.509262 0.463766 0.009262 0.014766
0 0.099492 0.691958 0.022109 0.032712
4 0.400209 0.281804 0.009262 0.016129
3 0.465940 0.423785 0.008664 0.020218
4 0.277711 0.370400 0.009860 0.014766
0 0.100538 0.242049 0.023006 0.031122
2 0.104721 0.896524 0.012250 0.016129
2 0.099044 0.632099 0.018823 0.018855
2 0.101434 0.941504 0.020018 0.019764
2 0.099044 0.586665 0.020018 0.018855
0 0.099641 0.423330 0.021811 0.032940
3 0.466238 0.368582 0.006872 0.017946
3 0.172841 0.363812 0.008067 0.017946
3 0.465043 0.464448 0.006872 0.015220
1 0.100239 0.387665 0.021811 0.039755
2 0.101434 0.857678 0.018225 0.018401
2 0.716612 0.543730 0.017030 0.015220
3 0.359875 0.863017 0.008067 0.014539
4 0.155214 0.811109 0.008664 0.016583
4 0.155214 0.772263 0.009860 0.016129
4 0.153421 0.205020 0.009262 0.015675
4 0.152823 0.632781 0.009262 0.016129
3 0.792202 0.545775 0.006872 0.015675
4 0.155064 0.899818 0.008366 0.013630
4 0.145055 0.890504 0.009262 0.013176
4 0.133254 0.077124 0.009561 0.014766
4 0.124589 0.069855 0.008963 0.015675
4 0.142814 0.066333 0.009561 0.015902
4 0.124589 0.160495 0.009561 0.014312
4 0.124141 0.108928 0.009262 0.014766
4 0.152973 0.943208 0.008963 0.015902
4 0.144010 0.933667 0.008963 0.013176
4 0.152973 0.423217 0.008366 0.016356
4 0.143412 0.414584 0.009561 0.015448
4 0.142217 0.233757 0.008963 0.015448
4 0.127577 0.936960 0.007171 0.011586
4 0.153869 0.731259 0.007768 0.014539
4 0.144308 0.722399 0.008963 0.015902
4 0.134449 0.546115 0.007768 0.013176
4 0.125784 0.536688 0.008366 0.014312
4 0.155064 0.541345 0.008366 0.015448
4 0.145205 0.534075 0.008963 0.014539
4 0.133104 0.297365 0.008664 0.015448
4 0.124589 0.289300 0.008366 0.013857
4 0.134150 0.425261 0.008963 0.015902
4 0.125486 0.417537 0.008366 0.015902
4 0.141619 0.286234 0.008963 0.015902
4 0.133552 0.636529 0.008366 0.013176
4 0.125486 0.627328 0.007768 0.013857
4 0.142814 0.624489 0.008963 0.016356
4 0.154915 0.504771 0.008664 0.015902
4 0.145055 0.496365 0.009262 0.016356
1 0.094413 0.774421 0.007171 0.023171
4 0.152973 0.333485 0.009561 0.015902
4 0.141918 0.325534 0.010158 0.015448
4 0.134748 0.774648 0.008963 0.015902
4 0.126382 0.766697 0.008963 0.015448
4 0.144308 0.764425 0.008963 0.016356
4 0.134748 0.732849 0.008963 0.015902
4 0.125784 0.726147 0.008963 0.014312
4 0.133552 0.336211 0.008963 0.014993
4 0.125486 0.328373 0.008366 0.015675
4 0.125486 0.806565 0.008366 0.016129
4 0.132656 0.244207 0.008963 0.016356
4 0.123693 0.237733 0.008963 0.015220
4 0.153869 0.382326 0.008963 0.016356
0 0.143113 0.373467 0.008963 0.013176
4 0.125187 0.199682 0.008366 0.016356
4 0.135345 0.589278 0.008366 0.015902
4 0.126083 0.582008 0.008963 0.015902
4 0.125486 0.458996 0.009561 0.014312
4 0.135196 0.507951 0.008664 0.013176
4 0.126531 0.498751 0.009262 0.013857
0 0.152375 0.588369 0.012549 0.014993
4 0.145802 0.578828 0.008963 0.016811
4 0.134150 0.385052 0.008963 0.015448
4 0.132507 0.166629 0.008664 0.016129
4 0.142516 0.156861 0.008366 0.016129
4 0.132805 0.115516 0.008664 0.016129
4 0.144308 0.106429 0.008366 0.016129
4 0.093666 0.080532 0.008664 0.016129
4 0.106364 0.067129 0.008366 0.016129
4 0.093965 0.120286 0.008664 0.016129
4 0.100538 0.116197 0.008664 0.016129
3 0.107260 0.116197 0.008366 0.016129
4 0.424410 0.210132 0.008664 0.015448
3 0.430983 0.210132 0.008664 0.015448
4 0.134001 0.812699 0.008664 0.016129
4 0.144607 0.803385 0.008366 0.016129
4 0.093666 0.210018 0.008664 0.016129
5 0.098297 0.203885 0.008366 0.016129
4 0.133104 0.207065 0.008664 0.016129
4 0.143711 0.198660 0.008366 0.016129
4 0.093666 0.737279 0.008664 0.016129
4 0.106364 0.732281 0.008366 0.016129
4 0.093367 0.548501 0.008664 0.016129
4 0.100239 0.543503 0.008664 0.016129
5 0.107260 0.543957 0.008366 0.016129
3 0.558709 0.771354 0.008366 0.016129
4 0.106065 0.291686 0.008366 0.015902