10 0.751197 0.947135 0.006882 0.002956
7 0.730850 0.944179 0.011670 0.020691
7 0.500449 0.939859 0.012867 0.012960
6 0.879862 0.940541 0.010473 0.019782
6 0.692250 0.939632 0.009874 0.017963
6 0.799372 0.939177 0.009874 0.017963
6 0.662926 0.938722 0.009874 0.017963
6 0.576152 0.938267 0.008677 0.017963
6 0.456762 0.937358 0.009276 0.017963
6 0.427439 0.937358 0.008079 0.017963
6 0.279025 0.938040 0.009276 0.018417
6 0.341263 0.936903 0.009276 0.017963
6 0.233543 0.936221 0.010473 0.018417
6 0.206014 0.936221 0.009276 0.018417
6 0.635996 0.935766 0.007481 0.023874
10 0.860114 0.906435 0.008079 0.003411
10 0.344853 0.899386 0.006882 0.002956
10 0.070168 0.878922 0.006882 0.004775
8 0.773339 0.850045 0.009276 0.009777
10 0.751197 0.848681 0.006882 0.004320
10 0.635099 0.846180 0.006882 0.002956
7 0.731747 0.845498 0.009874 0.019782
7 0.499551 0.841860 0.012268 0.014325
7 0.361311 0.840950 0.012268 0.014325
7 0.327798 0.840723 0.012268 0.013870
7 0.297277 0.839586 0.012268 0.020691
7 0.253291 0.840950 0.011670 0.034334
7 0.221873 0.843906 0.012268 0.020236
7 0.192549 0.840950 0.012268 0.014325
6 0.881658 0.842087 0.010473 0.017508
6 0.800269 0.840950 0.010473 0.019782
6 0.663824 0.840268 0.009276 0.017508
6 0.428037 0.840496 0.010473 0.018872
6 0.692849 0.839814 0.009874 0.018417
6 0.577050 0.840041 0.010473 0.018872
6 0.460054 0.839814 0.009874 0.020236
10 0.754788 0.804798 0.006882 0.004775
10 0.579144 0.803661 0.006284 0.003411
9 0.864004 0.803888 0.008677 0.029332
9 0.448384 0.800250 0.004488 0.022055
9 0.413974 0.796839 0.006284 0.024329
10 0.694644 0.746589 0.008677 0.003865
10 0.580341 0.746589 0.006284 0.004775
10 0.501346 0.743861 0.007481 0.004775
9 0.771843 0.748181 0.009874 0.041610
9 0.667714 0.743179 0.008677 0.031605
10 0.342160 0.737040 0.006284 0.002046
10 0.665919 0.736585 0.007481 0.002956
9 0.307750 0.739086 0.004488 0.022510
6 0.309545 0.686789 0.009276 0.017963
10 0.736236 0.679968 0.006882 0.003411
9 0.339467 0.685653 0.004488 0.023874
9 0.768552 0.674056 0.004488 0.045248
9 0.499252 0.679513 0.010473 0.043429
6 0.556403 0.628126 0.009874 0.019782
6 0.323309 0.627444 0.009276 0.019327
6 0.603381 0.627217 0.009276 0.019782
6 0.777229 0.626762 0.009874 0.018872
6 0.667115 0.626762 0.009874 0.018872
6 0.522890 0.626535 0.009874 0.018417
6 0.745512 0.625625 0.009874 0.018417
6 0.438809 0.626080 0.005685 0.019327
6 0.176391 0.625625 0.009874 0.017508
6 0.894823 0.625171 0.009276 0.018417
6 0.378067 0.625625 0.007481 0.018417
6 0.291891 0.625398 0.009874 0.017963
6 0.220975 0.625398 0.009276 0.017963
6 0.828396 0.625398 0.009276 0.018872
8 0.411281 0.577422 0.010473 0.007503
7 0.293986 0.578558 0.009276 0.009777
6 0.861011 0.578104 0.009874 0.019782
6 0.220975 0.579468 0.009276 0.019782
7 0.343058 0.523533 0.011670 0.013415
7 0.877768 0.523079 0.011071 0.015234
7 0.844255 0.523761 0.012268 0.014779
7 0.795183 0.523079 0.012268 0.013415
7 0.762867 0.523079 0.011071 0.013415
7 0.684470 0.523533 0.012268 0.014325
7 0.621035 0.523079 0.012268 0.013415
7 0.573758 0.523079 0.012268 0.013415
7 0.540844 0.523306 0.012268 0.013870
7 0.505835 0.523079 0.011670 0.014325
7 0.459455 0.523306 0.012268 0.013870
7 0.425344 0.526944 0.012268 0.022055
7 0.393627 0.522169 0.012268 0.019782
7 0.308947 0.523306 0.011670 0.013870
7 0.911879 0.523079 0.012268 0.015234
7 0.730551 0.522851 0.012268 0.013870
7 0.653052 0.523079 0.011670 0.014325
6 0.221873 0.522397 0.009874 0.019327
9 0.894225 0.523079 0.011670 0.026148
9 0.223668 0.475557 0.009874 0.031151
8 0.223968 0.419395 0.008079 0.017963
6 0.860413 0.415302 0.007481 0.018872
6 0.203321 0.414848 0.009874 0.017963
9 0.634800 0.415302 0.009874 0.022510
6 0.635398 0.366417 0.008677 0.018417
6 0.203621 0.365507 0.009276 0.020236
6 0.802962 0.297067 0.009874 0.017053
6 0.695242 0.297749 0.009874 0.019327
6 0.718881 0.297294 0.010473 0.018417
6 0.374177 0.297294 0.005685 0.020236
6 0.313136 0.296385 0.008079 0.018417
6 0.231448 0.297294 0.009874 0.019327
6 0.755087 0.297067 0.009874 0.018872
6 0.574057 0.296839 0.005685 0.020236
6 0.508229 0.297067 0.009276 0.019782
6 0.179084 0.296839 0.008079 0.019327
6 0.532765 0.297067 0.006882 0.019782
6 0.429234 0.295930 0.005685 0.018417
6 0.339168 0.295930 0.009874 0.018417
6 0.624626 0.295930 0.009874 0.018417
6 0.207510 0.294793 0.009874 0.021601
9 0.373878 0.245680 0.009874 0.023420
6 0.179982 0.237040 0.009874 0.020691
10 0.810742 0.190200 0.006284 0.005230
9 0.176990 0.192929 0.009874 0.032515
9 0.204518 0.189973 0.009874 0.032970
9 0.755984 0.190200 0.010473 0.034334
6 0.286804 0.189291 0.012867 0.037972
8 0.375075 0.139268 0.008677 0.009777
8 0.922950 0.033993 0.006882 0.013870
11 0.770347 0.949409 0.009276 0.005684
12 0.752095 0.949295 0.008677 0.005457
11 0.849342 0.947021 0.009276 0.006367
11 0.547576 0.945884 0.008378 0.005912
12 0.524387 0.945657 0.008677 0.006367
11 0.397367 0.945202 0.008378 0.006367
11 0.633453 0.943611 0.008378 0.005002
11 0.311341 0.939404 0.009276 0.006594
17 0.177139 0.938495 0.008977 0.006594
11 0.394075 0.907799 0.004788 0.004320
17 0.400808 0.880741 0.009874 0.006594
11 0.802962 0.885175 0.009276 0.006367
12 0.359665 0.884038 0.007780 0.005912
17 0.851287 0.882447 0.010174 0.007276
17 0.579144 0.881764 0.009874 0.005912
12 0.069420 0.880969 0.005386 0.004775
12 0.342759 0.881196 0.009276 0.005684
17 0.501646 0.881537 0.010473 0.007276
17 0.734740 0.879263 0.009874 0.007276
17 0.633902 0.878581 0.010473 0.006821
11 0.310144 0.877899 0.008677 0.006367
11 0.909635 0.874375 0.007780 0.005684
11 0.280371 0.874375 0.007780 0.005684
17 0.176840 0.873693 0.010174 0.007049
11 0.774237 0.850387 0.009276 0.004093
12 0.751646 0.850273 0.008977 0.005684
11 0.852035 0.847772 0.008677 0.006139
11 0.549671 0.847090 0.008378 0.006594
12 0.526182 0.846635 0.009276 0.006594
11 0.398863 0.846521 0.009575 0.006367
11 0.633603 0.844361 0.009874 0.004775
12 0.176242 0.840382 0.008977 0.006821
12 0.343806 0.835834 0.009575 0.006821
12 0.235937 0.835380 0.008079 0.005912
12 0.310293 0.830946 0.008378 0.006139
12 0.207810 0.830832 0.008677 0.005912
12 0.281867 0.821623 0.008977 0.006594
11 0.912029 0.807412 0.008977 0.005912
11 0.912926 0.800932 0.005984 0.005230
11 0.803262 0.806958 0.006882 0.005002
17 0.804608 0.799909 0.007780 0.005002
11 0.852484 0.804684 0.008378 0.005457
11 0.852035 0.798204 0.007481 0.004320
11 0.734740 0.804570 0.008079 0.005230
11 0.735039 0.797749 0.008079 0.004775
11 0.399461 0.803320 0.007181 0.005457
11 0.399013 0.796385 0.007481 0.005230
11 0.882555 0.801728 0.008079 0.005002
11 0.883453 0.794907 0.006882 0.005002
11 0.772442 0.801273 0.008079 0.005002
11 0.772741 0.795020 0.009276 0.006139
11 0.550569 0.800477 0.007780 0.004775
11 0.551017 0.793543 0.007481 0.003183
11 0.696290 0.800364 0.008977 0.005912
17 0.696290 0.806276 0.008977 0.005912
11 0.579443 0.799909 0.008079 0.005912
11 0.579443 0.805821 0.008079 0.005912
11 0.460652 0.799568 0.008079 0.006139
11 0.460652 0.805707 0.008079 0.006139
11 0.791592 0.800591 0.007481 0.009095
17 0.568223 0.799113 0.005984 0.006594
12 0.754788 0.799227 0.009276 0.008186
17 0.647965 0.802296 0.008677 0.004775
18 0.647965 0.797522 0.008677 0.004775
11 0.635548 0.797635 0.008977 0.005912
17 0.635548 0.803547 0.008977 0.005912
13 0.448534 0.796953 0.004788 0.003638
17 0.530820 0.797181 0.012567 0.005002
17 0.530820 0.802183 0.012567 0.005002
13 0.501795 0.796726 0.007181 0.005002
11 0.502843 0.804116 0.008079 0.005684
11 0.410084 0.796612 0.005685 0.004775
17 0.282466 0.798431 0.010174 0.008868
11 0.665171 0.794907 0.008378 0.005912
11 0.665171 0.800819 0.008378 0.005912
11 0.429533 0.793884 0.009874 0.005684
11 0.429533 0.799568 0.009874 0.005684
12 0.111311 0.792519 0.005386 0.004775
17 0.176242 0.792974 0.010174 0.006594
17 0.176242 0.799568 0.010174 0.006594
11 0.912627 0.751137 0.007181 0.005684
11 0.913226 0.744316 0.008977 0.005684
11 0.095153 0.749659 0.005386 0.005457
12 0.170557 0.749545 0.004788 0.007049
17 0.176541 0.730218 0.009575 0.007503
11 0.501047 0.746930 0.008079 0.005002
11 0.501945 0.740450 0.008677 0.005230
12 0.398863 0.746817 0.006583 0.004775
11 0.400060 0.740678 0.008378 0.005684
11 0.772442 0.744770 0.007481 0.004775
11 0.773190 0.738745 0.008977 0.005457
11 0.623279 0.744657 0.006583 0.004548
12 0.624028 0.738859 0.007481 0.005684
11 0.804159 0.744316 0.008677 0.005684
17 0.804608 0.750455 0.008977 0.006139
11 0.429982 0.743861 0.008378 0.004775
11 0.429832 0.737835 0.008079 0.005457
11 0.695990 0.743975 0.009575 0.005912
11 0.695990 0.749886 0.009575 0.005912
11 0.579294 0.744088 0.008977 0.006139
11 0.578995 0.750341 0.007181 0.005457
11 0.460054 0.743065 0.008677 0.005002
11 0.459455 0.750341 0.007481 0.005002
11 0.340963 0.743292 0.008079 0.005457
12 0.343357 0.735221 0.008677 0.005684
11 0.852783 0.747271 0.007780 0.005684
12 0.735637 0.741473 0.009276 0.005457
12 0.735637 0.746930 0.009276 0.005457
11 0.634500 0.741473 0.008079 0.005457
11 0.634500 0.746930 0.008079 0.005457
11 0.843208 0.739313 0.007181 0.004775
17 0.843208 0.744429 0.007181 0.005002
11 0.852783 0.741587 0.007780 0.005684
11 0.882855 0.739200 0.008677 0.005457
11 0.882855 0.744657 0.008677 0.005457
11 0.666517 0.738972 0.008677 0.005457
11 0.666517 0.744429 0.008677 0.005457
12 0.724865 0.738290 0.007481 0.004548
12 0.492071 0.738176 0.005685 0.004320
11 0.549072 0.738176 0.009575 0.005230
11 0.549072 0.743406 0.009575 0.005230
12 0.388989 0.738063 0.007780 0.005002
12 0.360712 0.738290 0.009276 0.005457
11 0.311341 0.732378 0.008079 0.005457
11 0.282017 0.730218 0.008079 0.006594
17 0.175494 0.702251 0.009276 0.006139
11 0.175793 0.683834 0.009874 0.007503
12 0.279922 0.696794 0.006882 0.004320
12 0.279773 0.678604 0.008378 0.006139
12 0.818671 0.684970 0.008378 0.005230
12 0.818522 0.665871 0.008677 0.007049
12 0.593357 0.684857 0.007181 0.005912
12 0.593208 0.665985 0.008079 0.007276
11 0.735039 0.681901 0.008079 0.004548
12 0.734141 0.663483 0.008079 0.005912
12 0.078247 0.682242 0.005087 0.005684
17 0.853232 0.682128 0.009874 0.006821
12 0.853232 0.663370 0.011071 0.007503
11 0.500449 0.681901 0.007481 0.006367
12 0.499850 0.663256 0.008079 0.005457
17 0.635996 0.681219 0.008677 0.005912
17 0.636744 0.662460 0.011370 0.007503
17 0.400658 0.681219 0.009575 0.006821
12 0.400359 0.663142 0.010772 0.007049
11 0.773489 0.679627 0.008977 0.005457
12 0.772292 0.661551 0.008378 0.006594
11 0.549372 0.679400 0.009575 0.005912
12 0.549072 0.659845 0.009575 0.006821
11 0.343208 0.678718 0.007780 0.006367
11 0.202124 0.641883 0.008677 0.006367
13 0.077947 0.637904 0.004488 0.003865
11 0.376421 0.630969 0.005984 0.004548
11 0.490425 0.628467 0.009575 0.005912
11 0.714393 0.628354 0.008677 0.006139
11 0.636894 0.628354 0.009276 0.006594
11 0.407092 0.628240 0.008677 0.006367
11 0.258677 0.628240 0.009276 0.006367
11 0.861909 0.628013 0.009276 0.006821
12 0.176691 0.594475 0.009276 0.006139
11 0.203621 0.594020 0.009276 0.006139
18 0.294883 0.577308 0.005685 0.003638
17 0.714393 0.576057 0.009874 0.007503
11 0.893776 0.568213 0.008977 0.006367
11 0.830192 0.568213 0.008079 0.006367
12 0.684022 0.565371 0.008977 0.006139
12 0.667265 0.563211 0.008977 0.007276
11 0.635996 0.560482 0.008677 0.006367
11 0.603381 0.556389 0.009276 0.007276
17 0.491472 0.555252 0.010473 0.007731
11 0.204219 0.537062 0.009276 0.005912
11 0.179084 0.537290 0.009276 0.006367
12 0.490425 0.523988 0.008378 0.006139
11 0.713196 0.523647 0.008677 0.006367
11 0.258827 0.523647 0.008977 0.006367
12 0.555655 0.518986 0.007181 0.006139
12 0.777229 0.518417 0.006882 0.005912
12 0.667115 0.518417 0.007481 0.005912
12 0.440006 0.518645 0.009276 0.006367
12 0.326302 0.518531 0.009874 0.006139
12 0.894375 0.515121 0.007780 0.005684
12 0.407391 0.513302 0.008677 0.006594
13 0.293686 0.513302 0.009874 0.006594
12 0.745961 0.510687 0.008977 0.005912
12 0.635996 0.510687 0.008677 0.005912
12 0.861610 0.510232 0.008677 0.005912
13 0.523639 0.510573 0.008977 0.006594
12 0.605326 0.505230 0.009575 0.006821
12 0.829144 0.504320 0.009575 0.007731
12 0.378965 0.504093 0.009276 0.007276
17 0.260772 0.483060 0.011071 0.007049
17 0.260024 0.471351 0.010174 0.007276
17 0.827349 0.482265 0.009575 0.006367
17 0.828546 0.471578 0.009575 0.009095
17 0.602633 0.482833 0.011370 0.007503
17 0.602932 0.468395 0.009575 0.005912
17 0.492071 0.482606 0.010473 0.007049
17 0.492071 0.468622 0.009276 0.005457
17 0.713196 0.482151 0.011071 0.007049
17 0.712747 0.468167 0.007780 0.006367
17 0.377917 0.482492 0.011370 0.007731
11 0.377169 0.471351 0.010473 0.007276
13 0.105326 0.474307 0.005386 0.004093
11 0.203022 0.474079 0.006882 0.005002
11 0.203621 0.467713 0.008079 0.004548
12 0.112956 0.472146 0.007481 0.007958
11 0.224566 0.476580 0.009276 0.005912
11 0.224566 0.470668 0.009276 0.005912
11 0.177738 0.470555 0.009575 0.005684
11 0.177738 0.476239 0.009575 0.005684
11 0.224716 0.424511 0.008378 0.004548
11 0.177887 0.424852 0.009276 0.005230
17 0.713046 0.423943 0.010772 0.006139
11 0.892579 0.415643 0.007780 0.005912
17 0.828845 0.415416 0.008977 0.006367
12 0.683722 0.413483 0.008378 0.005230
12 0.667714 0.410869 0.007481 0.006367
11 0.636146 0.408822 0.007780 0.005912
13 0.492819 0.407231 0.010174 0.007276
11 0.603531 0.406207 0.008378 0.006139
17 0.378516 0.406207 0.010772 0.007049
12 0.261969 0.406321 0.011071 0.007276
17 0.236685 0.404388 0.008378 0.004320
11 0.178785 0.375171 0.008677 0.005002
17 0.492669 0.375284 0.009276 0.006139
11 0.492220 0.357322 0.010772 0.007503
12 0.907989 0.369372 0.006882 0.005230
12 0.908139 0.350387 0.008977 0.006367
11 0.667265 0.367099 0.007780 0.006139
12 0.667265 0.348568 0.008977 0.007276
11 0.604129 0.367212 0.009575 0.006367
12 0.603680 0.348113 0.008677 0.006367
12 0.892280 0.366644 0.007780 0.006139
12 0.891981 0.347090 0.008977 0.005230
12 0.458259 0.364711 0.008677 0.005912
12 0.456912 0.345725 0.008378 0.006139
11 0.859515 0.364143 0.008079 0.005684
12 0.858618 0.345271 0.008079 0.006139
12 0.440156 0.362210 0.007181 0.005457
12 0.440754 0.343111 0.008378 0.005457
12 0.713944 0.362324 0.008977 0.006594
12 0.713046 0.341974 0.010772 0.007731
12 0.827947 0.361528 0.008378 0.005912
12 0.826152 0.342656 0.009575 0.006367
11 0.408588 0.359823 0.007481 0.004320
12 0.407989 0.340609 0.008677 0.006821
11 0.378217 0.357208 0.008977 0.006367
12 0.376272 0.337767 0.008677 0.006594
11 0.224865 0.357208 0.009276 0.006367
17 0.261221 0.356980 0.009575 0.006821
12 0.260473 0.337540 0.010473 0.008868
11 0.909785 0.311278 0.009276 0.005457
11 0.858468 0.311050 0.008378 0.005002
11 0.399312 0.304116 0.006882 0.005684
11 0.598444 0.301955 0.005984 0.003183
11 0.484291 0.301728 0.006882 0.004548
11 0.673250 0.301046 0.007780 0.005002
11 0.780521 0.300705 0.008079 0.005684
11 0.286206 0.298772 0.006882 0.005912
11 0.757181 0.261255 0.009276 0.006367
11 0.597546 0.261596 0.010772 0.007958
17 0.781867 0.260914 0.010772 0.007503
17 0.674596 0.260800 0.010473 0.007276
11 0.910981 0.252046 0.009276 0.006139
17 0.858318 0.252501 0.010473 0.007049
11 0.400209 0.246248 0.009874 0.008186
11 0.178636 0.243179 0.008378 0.004775
11 0.572412 0.242610 0.008378 0.004548
17 0.483393 0.242724 0.009874 0.006594
17 0.206762 0.243065 0.009575 0.007276
12 0.375224 0.240337 0.006583 0.005457
12 0.287403 0.241019 0.010473 0.008640
11 0.339916 0.196680 0.008378 0.006367
11 0.428037 0.195430 0.007481 0.006594
11 0.428336 0.189177 0.008677 0.005912
11 0.624177 0.195089 0.007780 0.006367
11 0.178187 0.194179 0.006882 0.005002
11 0.178037 0.187244 0.006583 0.003865
11 0.912328 0.194179 0.007780 0.005912
11 0.912178 0.187813 0.008677 0.005912
11 0.285907 0.193383 0.006284 0.005230
11 0.286954 0.186107 0.007181 0.004320
11 0.374776 0.192929 0.006882 0.005230
11 0.375972 0.186221 0.006284 0.004548
11 0.482944 0.192588 0.007181 0.005002
11 0.484889 0.186221 0.008079 0.004548
11 0.672950 0.192360 0.007181 0.005002
11 0.673100 0.185539 0.009874 0.005912
11 0.234740 0.190655 0.007481 0.003411
11 0.233992 0.197021 0.007780 0.006139
11 0.857870 0.190882 0.006583 0.005230
12 0.859665 0.183947 0.006583 0.004093
11 0.695841 0.189291 0.007481 0.005230
11 0.696290 0.182697 0.007780 0.004775
11 0.533662 0.189404 0.009276 0.005912
11 0.533662 0.195316 0.009276 0.005912
11 0.721873 0.188722 0.008677 0.005912
11 0.721873 0.194634 0.008677 0.005912
11 0.809844 0.188154 0.009276 0.006594
12 0.809994 0.194975 0.007780 0.005684
11 0.573609 0.185994 0.005984 0.005002
11 0.572113 0.192588 0.005984 0.004548
11 0.597995 0.187244 0.008079 0.008868
11 0.757181 0.190996 0.008677 0.005912
11 0.757181 0.185084 0.008677 0.005912
11 0.205715 0.184516 0.008677 0.005684
11 0.205715 0.190200 0.008677 0.005684
11 0.399761 0.189404 0.008378 0.005457
11 0.399761 0.183947 0.008378 0.005457
11 0.312238 0.184061 0.008677 0.006139
11 0.312238 0.190200 0.008677 0.006139
11 0.507929 0.183606 0.008677 0.005684
11 0.507929 0.189291 0.008677 0.005684
11 0.881807 0.184629 0.008378 0.008186
11 0.782466 0.183151 0.008977 0.005684
11 0.782466 0.188836 0.008977 0.005684
11 0.756583 0.147567 0.009276 0.006367
17 0.674297 0.147567 0.009874 0.007276
11 0.821215 0.145748 0.009276 0.006367
11 0.783513 0.143361 0.008677 0.006139
12 0.248205 0.143133 0.008677 0.006594
11 0.440006 0.142224 0.009276 0.006594
11 0.633453 0.141542 0.009575 0.006139
17 0.285308 0.141201 0.009874 0.006367
17 0.484440 0.139495 0.008378 0.004320
11 0.207211 0.138358 0.008079 0.006139
11 0.401107 0.137449 0.008079 0.006139
17 0.860862 0.137221 0.009575 0.006594
11 0.596200 0.136539 0.008677 0.006139
11 0.754638 0.096066 0.008977 0.006139
11 0.821215 0.095498 0.009276 0.006821
11 0.673549 0.095384 0.010772 0.008413
12 0.247307 0.092883 0.006882 0.006139
11 0.784111 0.092542 0.009874 0.006367
12 0.438510 0.092315 0.008677 0.005912
12 0.571514 0.089359 0.005984 0.002729
12 0.389737 0.089814 0.004488 0.003638
12 0.374776 0.090268 0.005685 0.005002
17 0.288001 0.089927 0.005685 0.004320
11 0.632107 0.090950 0.009276 0.006821
17 0.485338 0.089245 0.010174 0.006139
11 0.205566 0.087540 0.008378 0.006367
11 0.400060 0.087085 0.007780 0.005912
17 0.860862 0.086517 0.009575 0.006139
11 0.596200 0.086176 0.008079 0.006367
11 0.922801 0.034902 0.003591 0.005684
1 0.103381 0.131764 0.021843 0.039336
2 0.383752 0.800250 0.020048 0.022965
5 0.389437 0.131082 0.007481 0.009777
3 0.834081 0.802524 0.011071 0.017508
3 0.712597 0.189063 0.007481 0.022965
3 0.192849 0.473056 0.006882 0.017963
4 0.585727 0.084925 0.007481 0.013870
3 0.378665 0.740905 0.011071 0.023420
5 0.141682 0.361414 0.020646 0.024784
3 0.623130 0.089018 0.008079 0.017508
2 0.107271 0.295930 0.011670 0.015689
3 0.900209 0.187244 0.008079 0.020236
4 0.538749 0.680423 0.009276 0.014325
0 0.876272 0.186335 0.017654 0.021146
2 0.103980 0.626990 0.025434 0.021146
2 0.101885 0.522397 0.018851 0.020236
1 0.102783 0.685880 0.021843 0.034334
4 0.428336 0.092201 0.006284 0.013870
5 0.770646 0.089018 0.007481 0.015689
3 0.566278 0.881651 0.008079 0.020236
5 0.770946 0.140632 0.008079 0.014325
3 0.515410 0.846180 0.006882 0.020236
3 0.513615 0.944407 0.008079 0.018417
3 0.616846 0.747044 0.007481 0.012051
3 0.841562 0.662688 0.006882 0.019782
3 0.836176 0.747044 0.006882 0.022055
3 0.836176 0.945998 0.006882 0.017963
4 0.620138 0.844588 0.010473 0.016144
4 0.838869 0.883470 0.007481 0.012051
3 0.789497 0.883242 0.008079 0.017963
3 0.388839 0.881423 0.007481 0.019782
4 0.618642 0.879377 0.009874 0.016598
2 0.099192 0.839359 0.020646 0.020236
3 0.429234 0.142678 0.008079 0.019327
3 0.654847 0.793656 0.006882 0.017053
4 0.806852 0.664734 0.009276 0.014779
3 0.387642 0.845953 0.007481 0.019782
1 0.105177 0.415757 0.021843 0.036153
3 0.387044 0.942815 0.007481 0.018872
4 0.754788 0.745452 0.009276 0.012506
4 0.440604 0.806162 0.009276 0.013870
4 0.539048 0.660186 0.009874 0.016598
2 0.100090 0.891655 0.020048 0.020236
4 0.583932 0.666098 0.012268 0.016598
4 0.684171 0.802296 0.009276 0.014325
4 0.784111 0.806617 0.006882 0.011141
3 0.770946 0.190655 0.008079 0.017053
4 0.619240 0.943724 0.009874 0.016144
3 0.741921 0.948954 0.007481 0.019327
4 0.583034 0.685880 0.009276 0.016144
4 0.741323 0.848454 0.007481 0.012960
5 0.762567 0.789791 0.006882 0.010232
4 0.761071 0.661096 0.009874 0.014779
3 0.623130 0.664052 0.006882 0.017963
3 0.840664 0.681560 0.007481 0.020236
2 0.100389 0.937358 0.018253 0.019782
4 0.760772 0.679741 0.009276 0.013870
3 0.217086 0.197476 0.007481 0.017963
3 0.388241 0.681332 0.007481 0.019782
3 0.623728 0.681787 0.008079 0.020691
3 0.389437 0.663597 0.007481 0.015234
5 0.124776 0.940427 0.007780 0.014552
3 0.146320 0.940655 0.012567 0.024102
3 0.146020 0.178263 0.008378 0.021828
3 0.132855 0.178945 0.017953 0.023192
5 0.127469 0.129377 0.007181 0.013188
3 0.146619 0.239200 0.008378 0.017281
5 0.133154 0.235107 0.008977 0.010914
5 0.137941 0.469077 0.007780 0.011369
0 0.132555 0.457481 0.008977 0.013643
1 0.105326 0.369714 0.020347 0.033652
3 0.516756 0.198727 0.006583 0.012733
3 0.523040 0.187131 0.007181 0.018645
5 0.127768 0.300364 0.007780 0.014097
5 0.127768 0.412005 0.007780 0.016371
3 0.134051 0.409050 0.008378 0.020464
3 0.145422 0.077535 0.008378 0.020464
5 0.142729 0.781492 0.007780 0.013188
3 0.134949 0.522510 0.012567 0.024557
3 0.135847 0.630514 0.009575 0.015916
3 0.146020 0.629832 0.013166 0.024557
1 0.095452 0.787403 0.007780 0.023192
0 0.142729 0.840155 0.007780 0.009550
3 0.483543 0.746476 0.005984 0.018645
5 0.126272 0.894270 0.007181 0.014097
5 0.144524 0.890405 0.007780 0.015462
4 0.623878 0.797408 0.007780 0.013188
0 0.866846 0.744429 0.007780 0.011824
4 0.145123 0.131764 0.007780 0.017053
3 0.152304 0.132901 0.007780 0.017053
3 0.133154 0.124943 0.007780 0.017053
3 0.139138 0.128809 0.007780 0.017053
3 0.410832 0.196339 0.007780 0.017053
4 0.723519 0.798317 0.007780 0.016371
3 0.799820 0.186107 0.007780 0.017053
3 0.497307 0.189745 0.007780 0.017053
3 0.096050 0.464188 0.007780 0.017053
3 0.134949 0.300932 0.007780 0.017053
5 0.143327 0.298886 0.007780 0.017053
5 0.151706 0.303888 0.007780 0.017053
3 0.686415 0.186335 0.007780 0.017053
4 0.410533 0.799113 0.007780 0.017053
3 0.418013 0.792292 0.007780 0.017053
3 0.615799 0.187472 0.007780 0.017053
3 0.136744 0.414166 0.007780 0.017053
5 0.144524 0.411664 0.007780 0.017053
5 0.152304 0.416667 0.007780 0.017053
3 0.685518 0.744088 0.007780 0.017053
3 0.132555 0.076512 0.007780 0.017053
3 0.137941 0.078786 0.007780 0.017053
3 0.131358 0.784561 0.007780 0.017053
3 0.136744 0.787744 0.007780 0.017053
3 0.143327 0.734311 0.007780 0.017053
5 0.149910 0.734993 0.007780 0.017053
4 0.124776 0.729991 0.007780 0.017053
3 0.130760 0.731128 0.007780 0.017053
4 0.136744 0.732265 0.007780 0.017053
3 0.194494 0.190200 0.007780 0.017053
4 0.530820 0.742724 0.007780 0.017053
4 0.537403 0.738176 0.007780 0.017053
5 0.543986 0.738176 0.007780 0.017053
4 0.125075 0.684061 0.007780 0.017053
4 0.133154 0.686562 0.007780 0.017053
5 0.141233 0.683151 0.007780 0.017053
5 0.149312 0.688608 0.007780 0.017053
3 0.302214 0.190655 0.007780 0.017053
4 0.095153 0.082424 0.007780 0.017053
4 0.102334 0.078331 0.007780 0.017053
5 0.109814 0.079013 0.007780 0.017053
3 0.587672 0.189291 0.007780 0.017053
4 0.125972 0.839814 0.007780 0.017053
4 0.136146 0.841405 0.007780 0.017053
3 0.131957 0.895066 0.007780 0.017053
5 0.137343 0.895066 0.007780 0.017053
4 0.095153 0.735448 0.007780 0.017053
4 0.102035 0.730900 0.007780 0.017053
5 0.109216 0.730900 0.007780 0.017053
4 0.560742 0.807185 0.007780 0.015916
3 0.874626 0.741360 0.007780 0.014779
3 0.484141 0.801842 0.007780 0.017053
4 0.491622 0.797749 0.007780 0.017053
4 0.104129 0.237153 0.007780 0.016371
5 0.108618 0.237153 0.007780 0.016371
3 0.716936 0.744770 0.007780 0.017053
4 0.646918 0.744088 0.007780 0.017053
3 0.654997 0.739541 0.007780 0.017053
5 0.894674 0.747271 0.007780 0.017053
4 0.904548 0.745452 0.007780 0.017053
5 0.558348 0.747726 0.007780 0.017053
4 0.568223 0.744088 0.007780 0.017053