7 0.790245 0.943724 0.011969 0.012960
7 0.571813 0.943952 0.011969 0.013415
7 0.345901 0.943724 0.012567 0.012960
6 0.893477 0.943270 0.008977 0.018417
6 0.214542 0.941678 0.009575 0.017963
6 0.677738 0.941678 0.009575 0.017963
6 0.466188 0.941223 0.007780 0.017963
9 0.591562 0.944179 0.009575 0.024784
9 0.519449 0.943952 0.010174 0.025239
9 0.416517 0.943724 0.008977 0.024784
6 0.215739 0.901887 0.009575 0.017508
10 0.166667 0.871533 0.007181 0.002729
10 0.163974 0.857435 0.007780 0.004548
10 0.445841 0.854934 0.006583 0.002274
10 0.236086 0.849250 0.007181 0.002729
10 0.356373 0.837881 0.007181 0.002729
10 0.586176 0.836176 0.007181 0.002501
10 0.175045 0.836971 0.008378 0.004548
10 0.693896 0.824011 0.009575 0.002274
7 0.629563 0.813438 0.012567 0.012506
7 0.850090 0.812983 0.011969 0.013415
8 0.332735 0.810027 0.010174 0.006594
8 0.199880 0.810255 0.011370 0.007049
8 0.554758 0.810027 0.012567 0.007503
8 0.449731 0.809800 0.010772 0.007049
8 0.697187 0.813893 0.012567 0.023420
7 0.648713 0.772055 0.012567 0.012506
9 0.304608 0.774898 0.012567 0.018190
7 0.163674 0.772510 0.011969 0.013415
10 0.629563 0.767394 0.007780 0.002729
7 0.745063 0.771601 0.012567 0.013415
6 0.679533 0.771146 0.008378 0.017963
9 0.804907 0.771828 0.012567 0.022965
9 0.520347 0.776489 0.008378 0.015007
9 0.767205 0.773874 0.010174 0.027967
9 0.500000 0.718622 0.010772 0.009322
7 0.214542 0.716803 0.011969 0.012960
7 0.686715 0.716576 0.011969 0.012506
7 0.429384 0.716803 0.011969 0.012960
7 0.895272 0.713392 0.008977 0.007958
10 0.856972 0.712142 0.010174 0.003183
10 0.764213 0.712142 0.010174 0.003183
8 0.915919 0.719304 0.011969 0.020691
6 0.800120 0.714075 0.008977 0.017508
6 0.315978 0.714757 0.008977 0.017053
6 0.552364 0.714302 0.008977 0.017963
9 0.276182 0.714757 0.008378 0.019782
10 0.632555 0.680082 0.017355 0.003638
8 0.499102 0.673147 0.012567 0.007503
8 0.196290 0.672692 0.012567 0.006594
8 0.570916 0.674056 0.011370 0.019327
10 0.569120 0.667349 0.006583 0.004548
8 0.705566 0.673829 0.012567 0.019782
8 0.648713 0.673829 0.011370 0.019782
10 0.276481 0.631878 0.007780 0.004548
9 0.819270 0.627558 0.007780 0.017735
10 0.374626 0.631651 0.007780 0.005002
9 0.429084 0.627103 0.007780 0.020464
9 0.162478 0.629832 0.009575 0.029559
9 0.570916 0.625853 0.008977 0.034334
9 0.652005 0.626535 0.009575 0.037517
10 0.387493 0.610050 0.009575 0.001819
7 0.399162 0.625398 0.008977 0.036153
7 0.518552 0.581514 0.011969 0.012506
9 0.882406 0.577422 0.009575 0.007049
9 0.315380 0.585380 0.008977 0.022055
9 0.213645 0.581628 0.008977 0.022738
6 0.552065 0.580605 0.005984 0.018872
10 0.277379 0.571169 0.005984 0.002274
10 0.218432 0.537972 0.010174 0.004093
7 0.519449 0.538085 0.010174 0.012960
10 0.879114 0.534106 0.008977 0.004548
10 0.786355 0.534334 0.008977 0.005002
8 0.669060 0.534447 0.008977 0.007503
6 0.552364 0.537631 0.008977 0.018417
9 0.158588 0.526148 0.004189 0.026376
7 0.541891 0.485334 0.004788 0.007503
9 0.327947 0.484652 0.010174 0.007958
7 0.721724 0.479650 0.006583 0.007958
7 0.768701 0.482606 0.010772 0.002501
7 0.307899 0.482151 0.011969 0.012960
6 0.651107 0.481696 0.010174 0.018417
6 0.875224 0.481014 0.009575 0.017963
6 0.415619 0.481241 0.007181 0.018417
6 0.203172 0.480332 0.008378 0.017508
10 0.267205 0.447704 0.005984 0.004548
7 0.595153 0.443270 0.011969 0.013415
9 0.327050 0.444407 0.009575 0.025693
9 0.685218 0.442815 0.010174 0.005230
10 0.555356 0.436562 0.006583 0.005002
6 0.875524 0.440996 0.010174 0.018872
8 0.734291 0.440086 0.011370 0.017053
9 0.753740 0.441451 0.011969 0.021601
8 0.670257 0.438495 0.012567 0.014779
6 0.415320 0.440769 0.010174 0.019327
9 0.716637 0.441337 0.008378 0.021373
10 0.686116 0.432697 0.007181 0.002729
9 0.634650 0.444634 0.011969 0.027967
10 0.513764 0.414052 0.005984 0.002729
10 0.854877 0.410414 0.010772 0.002729
10 0.765709 0.409845 0.007181 0.002046
10 0.841113 0.410414 0.015560 0.003638
10 0.830341 0.409277 0.009575 0.005002
9 0.556254 0.405639 0.008378 0.015462
10 0.490425 0.396089 0.005984 0.003183
9 0.900359 0.395066 0.009575 0.027513
10 0.841712 0.387221 0.005984 0.002729
9 0.416517 0.378809 0.010174 0.017735
10 0.293238 0.374147 0.006583 0.002501
10 0.322861 0.373806 0.015560 0.002274
10 0.276182 0.373806 0.005984 0.002274
10 0.392280 0.371760 0.008378 0.002729
9 0.496110 0.386426 0.008977 0.035243
7 0.625673 0.377103 0.005984 0.017508
10 0.611909 0.370396 0.011969 0.001819
10 0.652005 0.371078 0.045482 0.005002
9 0.455416 0.352092 0.007780 0.008413
9 0.401257 0.347203 0.007181 0.018190
8 0.508378 0.345043 0.011969 0.014325
9 0.434470 0.346407 0.010174 0.008868
8 0.897367 0.349363 0.013166 0.024784
10 0.854877 0.339700 0.005984 0.003183
7 0.823758 0.343906 0.011969 0.012960
7 0.619390 0.343906 0.012567 0.012960
7 0.367145 0.344134 0.013166 0.013415
8 0.756433 0.340723 0.012567 0.007503
8 0.289946 0.340496 0.010772 0.007958
6 0.652603 0.344134 0.005984 0.018872
10 0.094255 0.303547 0.005984 0.002729
7 0.621185 0.303661 0.011370 0.013415
7 0.368342 0.303433 0.011969 0.012960
7 0.824057 0.303206 0.011370 0.013415
10 0.754339 0.299682 0.008378 0.005002
10 0.292938 0.299682 0.008378 0.005002
10 0.190305 0.299682 0.011370 0.005002
6 0.652005 0.302069 0.009575 0.017508
8 0.434770 0.299568 0.011969 0.023420
10 0.432376 0.290814 0.005984 0.004548
8 0.896469 0.296157 0.012567 0.019327
8 0.505984 0.299341 0.013166 0.025693
9 0.513166 0.253297 0.009575 0.017735
7 0.442250 0.250910 0.012567 0.012506
7 0.890485 0.250000 0.011370 0.012506
7 0.647516 0.250682 0.011370 0.012960
6 0.311191 0.248408 0.008977 0.017508
6 0.163674 0.248408 0.009575 0.017508
6 0.754339 0.249090 0.005984 0.018872
10 0.840215 0.215553 0.006583 0.003183
10 0.831239 0.215553 0.007780 0.004093
7 0.698085 0.211573 0.011969 0.013870
7 0.441053 0.211119 0.011370 0.012960
8 0.635847 0.207708 0.009575 0.007958
6 0.162478 0.210437 0.009575 0.017053
6 0.313285 0.210209 0.009575 0.018417
6 0.552663 0.209300 0.009575 0.018417
9 0.915320 0.204184 0.005984 0.021828
8 0.906344 0.204070 0.009575 0.019782
8 0.850389 0.204297 0.012567 0.019327
10 0.714243 0.186221 0.014363 0.001819
10 0.422202 0.186903 0.007181 0.003183
10 0.440754 0.185880 0.008378 0.002501
10 0.187911 0.173033 0.010174 0.002729
10 0.513166 0.170532 0.008378 0.005002
10 0.331239 0.170077 0.007181 0.005002
9 0.257032 0.172124 0.009575 0.030014
9 0.754638 0.175080 0.008977 0.018190
9 0.464093 0.164848 0.009575 0.020919
10 0.626870 0.165530 0.007181 0.004093
9 0.725314 0.155525 0.008977 0.017735
10 0.889587 0.158026 0.009575 0.002729
10 0.765111 0.147112 0.005984 0.001819
9 0.394973 0.164166 0.011370 0.031378
10 0.737582 0.146658 0.005984 0.002729
7 0.894674 0.149955 0.006583 0.010687
10 0.882705 0.144725 0.006583 0.001592
10 0.748354 0.145748 0.010772 0.004548
10 0.204967 0.131196 0.007181 0.002729
10 0.388689 0.129377 0.007181 0.004548
7 0.726212 0.114484 0.011969 0.012506
8 0.461101 0.119714 0.011969 0.022965
9 0.443148 0.118236 0.009575 0.020919
9 0.383603 0.119714 0.006583 0.025693
9 0.293238 0.120623 0.010174 0.026603
7 0.260922 0.113802 0.011370 0.012960
8 0.872531 0.110391 0.012567 0.007049
6 0.754339 0.112665 0.007181 0.016144
7 0.724716 0.071510 0.012567 0.012960
9 0.188211 0.068327 0.008378 0.009322
6 0.754039 0.069918 0.010174 0.018872
6 0.459904 0.060823 0.005984 0.012506
8 0.331538 0.059686 0.011370 0.012051
9 0.510473 0.057640 0.004189 0.030696
8 0.085577 0.034902 0.007780 0.013415
11 0.162926 0.938950 0.010473 0.006594
12 0.363854 0.938495 0.007780 0.006594
11 0.289797 0.938722 0.009276 0.007049
11 0.418462 0.936221 0.006882 0.004775
12 0.592908 0.936221 0.007481 0.005684
11 0.520497 0.936221 0.008677 0.006594
12 0.809844 0.933947 0.009276 0.006594
11 0.745661 0.933606 0.008977 0.006821
11 0.629114 0.933492 0.009874 0.006594
11 0.853531 0.931332 0.009276 0.005912
13 0.070168 0.924966 0.004488 0.005002
12 0.070766 0.913256 0.005685 0.011141
17 0.086026 0.917804 0.005087 0.005230
12 0.520497 0.913142 0.011071 0.007731
17 0.746709 0.911210 0.011071 0.006594
17 0.630610 0.910982 0.011071 0.007049
17 0.855027 0.909732 0.011071 0.007276
11 0.163375 0.900182 0.008378 0.005457
17 0.292340 0.897908 0.011370 0.007276
17 0.419958 0.895066 0.009874 0.006139
12 0.573459 0.865734 0.010473 0.006594
12 0.571065 0.857549 0.006882 0.005684
12 0.521095 0.865507 0.010473 0.007049
12 0.519749 0.857322 0.007181 0.006139
12 0.466038 0.865280 0.009874 0.006594
12 0.465141 0.857094 0.009276 0.005684
17 0.419360 0.865280 0.011071 0.006594
11 0.418163 0.856867 0.007481 0.005230
13 0.430580 0.835266 0.009575 0.002956
18 0.733543 0.862551 0.007481 0.006594
12 0.217235 0.860732 0.006583 0.004775
12 0.217983 0.854138 0.008079 0.006139
12 0.345601 0.860505 0.006583 0.005230
12 0.345601 0.853456 0.008378 0.004775
12 0.163674 0.860277 0.007181 0.005684
12 0.164123 0.853911 0.008079 0.005684
13 0.070766 0.865052 0.005685 0.016144
12 0.592908 0.858004 0.008677 0.005684
12 0.591861 0.846862 0.007780 0.004320
12 0.547427 0.858004 0.008677 0.005684
18 0.544135 0.847090 0.005087 0.004775
12 0.274835 0.857208 0.008079 0.005002
12 0.274835 0.862210 0.008079 0.005002
12 0.446140 0.857208 0.008378 0.005912
12 0.444494 0.847544 0.008677 0.003865
13 0.457510 0.835380 0.011370 0.003183
12 0.314034 0.855048 0.006284 0.005230
12 0.307151 0.851864 0.006882 0.004320
12 0.629563 0.854252 0.011370 0.006367
12 0.629563 0.860618 0.011370 0.006367
12 0.372681 0.854366 0.008677 0.006594
12 0.364901 0.851637 0.008677 0.005684
12 0.291442 0.854138 0.008378 0.006139
12 0.290395 0.860505 0.006882 0.005230
12 0.246110 0.854138 0.008079 0.006139
12 0.237133 0.851751 0.009276 0.005912
12 0.192549 0.854366 0.008677 0.006594
12 0.183124 0.851864 0.008977 0.006139
12 0.747307 0.852547 0.011071 0.004775
12 0.747307 0.857322 0.011071 0.004775
12 0.747307 0.862096 0.011071 0.004775
12 0.853980 0.851978 0.012567 0.006367
12 0.853980 0.858345 0.012567 0.006367
12 0.679234 0.849704 0.011370 0.006367
12 0.679234 0.856071 0.011370 0.006367
12 0.789497 0.847772 0.011670 0.004775
12 0.789497 0.852547 0.011670 0.004775
12 0.789497 0.857322 0.011670 0.004775
12 0.895272 0.847203 0.010772 0.005912
12 0.895272 0.853115 0.010772 0.005912
18 0.482047 0.835607 0.004788 0.003638
12 0.484291 0.857322 0.008079 0.006139
12 0.483393 0.847658 0.007481 0.004093
12 0.704369 0.818895 0.004189 0.003865
18 0.450928 0.809686 0.005984 0.002729
13 0.713794 0.803661 0.008677 0.006139
12 0.678785 0.803661 0.008677 0.006139
12 0.659934 0.803774 0.008079 0.006367
17 0.747307 0.803888 0.011071 0.007503
13 0.919060 0.801387 0.008677 0.006139
12 0.893327 0.801387 0.008677 0.006139
12 0.875075 0.801046 0.009276 0.006367
18 0.238480 0.785584 0.008378 0.002729
13 0.225613 0.785584 0.008977 0.002729
11 0.247307 0.785016 0.004488 0.004320
13 0.253740 0.767735 0.008977 0.006139
11 0.317175 0.781151 0.007780 0.003865
13 0.326002 0.767622 0.008079 0.005912
11 0.371484 0.783311 0.009874 0.008640
12 0.380910 0.767508 0.008977 0.005684
11 0.812687 0.780696 0.008378 0.003865
13 0.821065 0.763984 0.008977 0.005912
12 0.592759 0.777399 0.007780 0.006367
12 0.573459 0.772283 0.010473 0.006139
12 0.559695 0.771714 0.008079 0.008640
12 0.629114 0.769668 0.009276 0.005457
13 0.289048 0.767622 0.008378 0.005912
12 0.219180 0.767849 0.008677 0.006367
12 0.198085 0.767849 0.008378 0.006367
13 0.545482 0.767281 0.008977 0.006139
12 0.345452 0.767281 0.009276 0.007049
12 0.853531 0.767508 0.011670 0.008413
18 0.532765 0.765007 0.005087 0.003865
12 0.521544 0.765007 0.006583 0.005230
13 0.768402 0.764325 0.008378 0.005684
12 0.785607 0.764097 0.008677 0.006139
12 0.421155 0.764552 0.011071 0.007049
11 0.165320 0.730900 0.009276 0.006139
12 0.239228 0.730218 0.009874 0.006594
11 0.374626 0.727490 0.008378 0.006594
12 0.456164 0.726808 0.009276 0.007958
11 0.499551 0.719191 0.008677 0.004093
13 0.706463 0.716689 0.007780 0.005912
17 0.624327 0.717030 0.009276 0.006594
11 0.855326 0.714870 0.006882 0.004093
12 0.915919 0.714643 0.008977 0.005457
11 0.764063 0.714529 0.009874 0.005230
11 0.277528 0.709186 0.008079 0.005457
12 0.375224 0.686562 0.011370 0.007503
12 0.717834 0.679968 0.007181 0.003411
13 0.726361 0.662233 0.009874 0.006139
11 0.661730 0.678149 0.005685 0.006594
13 0.669060 0.662347 0.009575 0.005457
11 0.581538 0.678035 0.008677 0.007731
13 0.591412 0.662801 0.009276 0.006367
13 0.915919 0.672237 0.008977 0.006139
13 0.897516 0.667235 0.007481 0.005230
17 0.277229 0.668372 0.010473 0.007503
12 0.554010 0.663029 0.008677 0.005912
12 0.534111 0.663142 0.010772 0.006139
13 0.689856 0.662460 0.008677 0.005684
13 0.878067 0.662005 0.009276 0.005684
12 0.626122 0.662460 0.009276 0.006594
12 0.855027 0.659050 0.009874 0.006139
17 0.761520 0.659163 0.010772 0.007276
13 0.856673 0.638586 0.009575 0.006139
13 0.855625 0.632560 0.008677 0.005002
13 0.897516 0.634266 0.008677 0.004775
13 0.897516 0.639040 0.008677 0.004775
18 0.688510 0.635175 0.009575 0.006594
12 0.688659 0.627103 0.008677 0.005912
12 0.624028 0.635402 0.009276 0.007049
12 0.623279 0.627672 0.008378 0.005230
12 0.820168 0.632788 0.008977 0.004548
12 0.819868 0.623920 0.007780 0.005912
13 0.800269 0.633242 0.010473 0.005457
13 0.800269 0.638699 0.010473 0.005457
13 0.758079 0.632447 0.005087 0.004775
12 0.759276 0.639268 0.008677 0.005684
12 0.374776 0.633129 0.009276 0.006139
12 0.374626 0.625171 0.010174 0.006594
12 0.317175 0.633129 0.008378 0.006139
12 0.317175 0.624943 0.008378 0.006139
17 0.329443 0.608458 0.013166 0.002274
12 0.276631 0.633129 0.009276 0.006139
12 0.275733 0.624943 0.009874 0.006139
13 0.916218 0.632674 0.008977 0.006139
13 0.915769 0.624488 0.009276 0.006139
12 0.875972 0.632674 0.009874 0.006139
12 0.876571 0.624034 0.007481 0.006139
13 0.778875 0.632788 0.010772 0.006367
13 0.778875 0.624488 0.009575 0.006139
18 0.553112 0.632674 0.009276 0.006139
12 0.552962 0.625057 0.008977 0.006367
12 0.498654 0.632674 0.008079 0.006139
12 0.498504 0.624602 0.008378 0.005457
12 0.239677 0.631082 0.007181 0.004775
12 0.240126 0.624488 0.009276 0.004320
17 0.102932 0.630286 0.004189 0.005002
12 0.429832 0.627331 0.009276 0.005457
12 0.429832 0.632788 0.009276 0.005457
12 0.403202 0.625966 0.006284 0.004548
12 0.395871 0.622556 0.009575 0.005912
12 0.337373 0.626080 0.007481 0.004775
12 0.337971 0.619827 0.008677 0.005912
12 0.572262 0.625512 0.008079 0.005457
12 0.573309 0.619031 0.008378 0.005230
12 0.519898 0.625512 0.007481 0.005457
12 0.520048 0.619486 0.008977 0.005230
12 0.222472 0.625398 0.009874 0.007049
12 0.213794 0.622442 0.009276 0.004775
12 0.190305 0.625398 0.007780 0.007049
12 0.182376 0.621987 0.008677 0.004775
12 0.163824 0.624829 0.009874 0.005912
12 0.163824 0.630741 0.009874 0.005912
12 0.457361 0.622669 0.009276 0.005230
17 0.457361 0.627899 0.009276 0.005230
12 0.707062 0.627444 0.008977 0.005230
12 0.707062 0.622215 0.008977 0.005230
12 0.653052 0.622101 0.008079 0.005457
12 0.653052 0.627558 0.008079 0.005457
12 0.296828 0.625398 0.008977 0.005684
17 0.308049 0.608686 0.011071 0.002729
12 0.296828 0.619714 0.008977 0.005684
12 0.087822 0.596862 0.005087 0.004548
11 0.187313 0.593565 0.006583 0.006139
12 0.193746 0.579468 0.007481 0.005684
12 0.375972 0.586971 0.009276 0.006594
13 0.175194 0.584698 0.005087 0.004320
13 0.430281 0.581969 0.008378 0.005684
12 0.086326 0.581287 0.005087 0.005230
13 0.415470 0.579127 0.005685 0.004548
12 0.498354 0.579468 0.008677 0.006139
12 0.316727 0.579241 0.006882 0.005684
12 0.214841 0.579127 0.007780 0.006367
12 0.163674 0.579127 0.008977 0.006367
12 0.238929 0.576512 0.009874 0.006594
11 0.276631 0.574125 0.008079 0.005457
13 0.177289 0.526035 0.005685 0.004775
11 0.375673 0.525466 0.009874 0.006367
12 0.429234 0.519554 0.008677 0.007276
12 0.497606 0.517735 0.008977 0.006367
11 0.314931 0.517849 0.009874 0.006594
13 0.193447 0.517849 0.009276 0.006594
12 0.162478 0.517622 0.008977 0.006139
13 0.210952 0.517167 0.008378 0.006139
12 0.238929 0.515121 0.008079 0.007503
11 0.273339 0.511937 0.008677 0.006594
12 0.327199 0.485334 0.008677 0.004320
13 0.163824 0.485448 0.008677 0.005457
11 0.259575 0.485107 0.009276 0.005684
13 0.069569 0.486016 0.005685 0.012051
12 0.070168 0.475784 0.004488 0.007958
11 0.069569 0.461460 0.005685 0.017963
13 0.069569 0.439404 0.005685 0.022055
13 0.069569 0.409163 0.005685 0.020236
12 0.069569 0.393361 0.005685 0.007276
12 0.069868 0.368577 0.005087 0.003638
12 0.070766 0.298090 0.005685 0.010005
11 0.489078 0.482606 0.009276 0.006139
12 0.559695 0.482378 0.008079 0.006594
12 0.367893 0.482378 0.009874 0.006594
12 0.476960 0.479195 0.005984 0.002956
13 0.789797 0.479764 0.008677 0.005002
11 0.719479 0.479877 0.009874 0.005230
18 0.595751 0.479877 0.008378 0.005230
12 0.826302 0.477149 0.009874 0.006139
11 0.085129 0.456571 0.005685 0.004093
13 0.665021 0.452706 0.015260 0.003638
12 0.678187 0.448613 0.005685 0.003638
12 0.686415 0.435198 0.008977 0.005912
13 0.369090 0.442474 0.009874 0.006821
13 0.564333 0.439745 0.004189 0.003638
18 0.522741 0.439291 0.004788 0.003183
12 0.328396 0.439518 0.007481 0.004548
13 0.635099 0.436107 0.006882 0.004093
12 0.654847 0.435880 0.008079 0.004548
13 0.755685 0.435653 0.007481 0.005002
12 0.310443 0.435653 0.007481 0.005912
12 0.718881 0.435312 0.006882 0.006139
11 0.826750 0.432356 0.008977 0.006594
13 0.790096 0.429854 0.009276 0.007049
12 0.283513 0.429513 0.009276 0.006367
12 0.770796 0.427126 0.008378 0.006139
12 0.258677 0.427126 0.009276 0.007049
17 0.164123 0.426671 0.010473 0.007958
11 0.363106 0.419281 0.003890 0.004093
12 0.368791 0.402228 0.009276 0.006367
12 0.370138 0.393929 0.008378 0.006139
18 0.660383 0.410186 0.008378 0.002274
18 0.632855 0.410186 0.017953 0.002274
18 0.609665 0.410186 0.007481 0.002274
12 0.315081 0.410186 0.009575 0.002274
12 0.328097 0.393588 0.009276 0.005457
12 0.328097 0.399045 0.009276 0.005457
12 0.294434 0.410186 0.014961 0.002274
12 0.308498 0.385744 0.008378 0.006139
12 0.308947 0.394156 0.009276 0.005684
18 0.488779 0.402456 0.008677 0.005912
12 0.489078 0.394497 0.009276 0.005457
12 0.433573 0.402456 0.007780 0.006367
12 0.434919 0.394384 0.007481 0.004320
11 0.093208 0.400068 0.003890 0.003865
12 0.102184 0.395748 0.005087 0.005230
12 0.621484 0.395180 0.008977 0.005002
12 0.619988 0.381878 0.009575 0.006594
12 0.597397 0.395293 0.009276 0.005230
12 0.597397 0.400523 0.009276 0.005230
12 0.796230 0.395066 0.007181 0.005684
12 0.788001 0.392451 0.008677 0.006821
12 0.721125 0.395066 0.008378 0.005684
12 0.712747 0.392337 0.008378 0.006594
12 0.672202 0.399955 0.009276 0.005457
12 0.672202 0.394497 0.009276 0.005457
12 0.653202 0.394839 0.008378 0.006139
12 0.655296 0.381878 0.009575 0.006594
12 0.387941 0.394270 0.009276 0.005457
12 0.559695 0.394270 0.008079 0.005912
12 0.558049 0.402797 0.006583 0.006594
12 0.417864 0.394497 0.009276 0.006367
12 0.417265 0.384152 0.009276 0.005684
12 0.186864 0.394270 0.008079 0.005912
12 0.186565 0.386198 0.009874 0.006139
12 0.259425 0.393588 0.009575 0.005457
12 0.259425 0.399045 0.009575 0.005457
12 0.224117 0.393474 0.008977 0.005230
12 0.224117 0.398704 0.008977 0.005230
12 0.162627 0.393702 0.009276 0.005684
12 0.162627 0.399386 0.009276 0.005684
13 0.902902 0.392110 0.007481 0.006139
13 0.901706 0.398022 0.006284 0.005230
12 0.883453 0.392110 0.006882 0.006139
12 0.874626 0.389609 0.007780 0.003411
12 0.851436 0.392224 0.007481 0.006367
12 0.843058 0.389950 0.008677 0.004548
12 0.826302 0.391996 0.008677 0.005912
12 0.826302 0.397908 0.008677 0.005912
13 0.771544 0.392337 0.009276 0.006594
12 0.770646 0.381992 0.009874 0.006821
12 0.737133 0.392451 0.009276 0.006821
12 0.737133 0.382106 0.009874 0.006139
12 0.283214 0.386085 0.009276 0.006821
12 0.283363 0.394497 0.008378 0.006367
18 0.204967 0.385971 0.009575 0.006594
12 0.204219 0.394043 0.007481 0.005457
12 0.507181 0.384607 0.009575 0.004775
12 0.506882 0.397340 0.008977 0.006594
11 0.173698 0.386312 0.005685 0.009095
12 0.543387 0.384266 0.008977 0.005912
12 0.542041 0.397112 0.008677 0.007049
18 0.084979 0.359368 0.006583 0.006139
11 0.909336 0.356412 0.008378 0.008413
11 0.918612 0.341746 0.007780 0.005457
12 0.400808 0.353001 0.008677 0.004320
13 0.524985 0.352092 0.009276 0.005230
12 0.489677 0.352319 0.010473 0.005684
13 0.453172 0.352319 0.009276 0.005684
12 0.419060 0.351751 0.007481 0.005457
12 0.595452 0.349591 0.008977 0.006594
12 0.504339 0.347090 0.005087 0.005230
12 0.560293 0.346862 0.009276 0.005684
12 0.545332 0.344134 0.010473 0.006594
12 0.855625 0.341860 0.008079 0.005684
12 0.875374 0.341746 0.008677 0.005912
11 0.394375 0.322078 0.004189 0.004320
12 0.400958 0.293315 0.008378 0.006821
18 0.085727 0.317531 0.004488 0.003411
12 0.087971 0.301842 0.007780 0.006594
13 0.445691 0.307299 0.007481 0.006594
13 0.453022 0.293429 0.008378 0.006139
18 0.755386 0.299909 0.005087 0.003638
18 0.190754 0.299682 0.007481 0.003183
18 0.116248 0.296839 0.006882 0.003865
12 0.094853 0.296839 0.005984 0.006139
12 0.141382 0.295134 0.008079 0.005002
18 0.141382 0.300136 0.008079 0.005002
13 0.524087 0.293201 0.008677 0.005684
12 0.488181 0.293315 0.009874 0.006821
12 0.416816 0.293315 0.008977 0.006821
12 0.596798 0.290359 0.009874 0.005457
12 0.559994 0.287972 0.008677 0.006139
13 0.916517 0.283311 0.008378 0.005912
12 0.854728 0.282970 0.009276 0.006139
12 0.542639 0.283993 0.009874 0.008186
12 0.874925 0.282628 0.009575 0.006367
13 0.259425 0.264325 0.009575 0.006139
11 0.465290 0.261141 0.009575 0.006139
13 0.385847 0.261141 0.009874 0.007049
12 0.205715 0.261028 0.009874 0.006821
11 0.611161 0.258640 0.009276 0.003865
12 0.661879 0.258981 0.008977 0.005002
11 0.513914 0.258413 0.008677 0.004320
12 0.907391 0.255230 0.008079 0.005230
17 0.698983 0.255912 0.008977 0.006594
13 0.142130 0.253979 0.007181 0.003183
11 0.829144 0.255457 0.008378 0.006594
13 0.551167 0.253183 0.004788 0.004775
13 0.118941 0.242951 0.007481 0.003411
11 0.259425 0.224307 0.009575 0.006139
12 0.464093 0.221919 0.009575 0.006821
11 0.383752 0.221805 0.009276 0.006594
11 0.204219 0.221692 0.009276 0.006367
11 0.515560 0.218736 0.009575 0.005912
18 0.126721 0.216576 0.005087 0.003411
11 0.784710 0.213734 0.006882 0.005912
12 0.793537 0.198386 0.009575 0.006139
12 0.141382 0.208618 0.008079 0.004775
18 0.902753 0.203843 0.004788 0.004320
12 0.756583 0.198386 0.009276 0.006139
12 0.740275 0.198499 0.009575 0.006367
13 0.920257 0.198158 0.007481 0.006594
12 0.890784 0.198045 0.009575 0.006367
13 0.870736 0.198158 0.009575 0.006594
12 0.828097 0.198158 0.009874 0.006594
18 0.173848 0.188267 0.009575 0.002274
12 0.415171 0.186335 0.011670 0.003865
17 0.412178 0.165871 0.006284 0.005230
12 0.404698 0.162460 0.008079 0.006139
17 0.415619 0.148249 0.008378 0.002274
12 0.400808 0.187244 0.009874 0.003865
11 0.566577 0.185653 0.006284 0.004320
12 0.574057 0.167917 0.009276 0.006139
12 0.574057 0.174056 0.009276 0.006139
18 0.542490 0.184629 0.009575 0.002274
12 0.832585 0.174284 0.004488 0.003411
12 0.825853 0.169964 0.006583 0.004775
11 0.206912 0.175648 0.008677 0.006139
12 0.206014 0.164848 0.009276 0.005457
11 0.186565 0.175534 0.008677 0.006821
12 0.185518 0.165302 0.008977 0.004548
12 0.165619 0.175648 0.008677 0.007049
12 0.164722 0.167462 0.009276 0.006139
12 0.781119 0.173715 0.005685 0.005002
12 0.773489 0.170418 0.008378 0.004775
12 0.912178 0.173261 0.006882 0.005912
12 0.903950 0.170418 0.008378 0.005684
13 0.330940 0.173147 0.007780 0.005684
13 0.331837 0.166894 0.008977 0.005002
12 0.697038 0.170987 0.008677 0.005912
12 0.704518 0.173261 0.008677 0.005912
12 0.385996 0.169964 0.008977 0.004775
12 0.385847 0.177012 0.007481 0.005684
12 0.446439 0.166894 0.005386 0.002729
12 0.441502 0.162460 0.008677 0.006139
12 0.662627 0.167690 0.008079 0.005684
12 0.662627 0.173374 0.008079 0.005684
12 0.609964 0.167690 0.009874 0.005684
12 0.609964 0.173374 0.009874 0.005684
11 0.514063 0.167690 0.009575 0.005684
11 0.514063 0.173374 0.009575 0.005684
12 0.098594 0.170532 0.008677 0.005912
11 0.103980 0.167804 0.008677 0.005912
12 0.105625 0.155070 0.003591 0.004093
13 0.258677 0.167235 0.009276 0.005684
13 0.258677 0.172920 0.009276 0.005684
12 0.465141 0.165189 0.009276 0.005230
12 0.465141 0.170418 0.009276 0.005230
12 0.646320 0.162688 0.008977 0.005684
12 0.646320 0.168372 0.008977 0.005684
12 0.627169 0.162801 0.009575 0.005912
12 0.627169 0.168713 0.009575 0.005912
12 0.554758 0.168258 0.010174 0.005912
12 0.554758 0.162347 0.010174 0.005912
12 0.314183 0.162119 0.008977 0.005457
12 0.314183 0.167576 0.008977 0.005457
12 0.277528 0.162119 0.008677 0.005457
12 0.277528 0.167576 0.008677 0.005457
12 0.535757 0.162005 0.009276 0.006139
12 0.535757 0.168145 0.009276 0.006139
18 0.888839 0.160641 0.009276 0.005230
12 0.888989 0.170418 0.007181 0.005684
12 0.853381 0.160300 0.008977 0.004548
12 0.853082 0.170418 0.007780 0.005684
12 0.754488 0.160186 0.008677 0.005230
12 0.755685 0.170418 0.007481 0.005684
12 0.726062 0.160528 0.009276 0.005912
12 0.725763 0.170646 0.007481 0.006139
11 0.521095 0.149386 0.004488 0.003638
11 0.205715 0.129263 0.009874 0.006139
12 0.185667 0.129263 0.009276 0.006139
12 0.165470 0.129491 0.009575 0.006594
12 0.346200 0.127672 0.006583 0.005684
12 0.352035 0.111642 0.006882 0.006367
12 0.413375 0.126080 0.006284 0.006139
11 0.470527 0.126421 0.009874 0.008640
12 0.480401 0.112210 0.007481 0.005684
12 0.698235 0.121987 0.009874 0.006139
12 0.662627 0.121987 0.005685 0.006139
12 0.647965 0.117212 0.008677 0.005684
12 0.096200 0.115848 0.004488 0.003865
12 0.101287 0.105161 0.004488 0.004320
12 0.444794 0.112665 0.006882 0.003865
12 0.627169 0.112096 0.006583 0.005457
12 0.293686 0.112096 0.005087 0.005457
12 0.092609 0.111301 0.006284 0.003865
18 0.089019 0.128126 0.005087 0.002956
12 0.422651 0.111869 0.008079 0.005912
12 0.386445 0.111869 0.007481 0.005912
12 0.314034 0.111528 0.008677 0.006139
12 0.609665 0.109482 0.008677 0.006594
17 0.515410 0.109482 0.010473 0.007503
18 0.090963 0.084698 0.007780 0.006139
12 0.093357 0.067872 0.008378 0.007049
11 0.194494 0.082310 0.010174 0.004093
12 0.205865 0.068213 0.008378 0.005912
12 0.188211 0.068440 0.008977 0.005912
18 0.632107 0.074125 0.006882 0.005002
12 0.627768 0.051501 0.010772 0.006139
12 0.130910 0.070600 0.005087 0.004320
18 0.143776 0.068554 0.008079 0.004775
12 0.143028 0.062642 0.005386 0.004775
12 0.473070 0.067417 0.005386 0.003411
12 0.481149 0.050819 0.008977 0.006594
18 0.458707 0.063779 0.004788 0.003865
12 0.461400 0.058890 0.004189 0.003638
12 0.696738 0.061619 0.008079 0.006367
12 0.664273 0.061733 0.008378 0.006594
18 0.120736 0.057867 0.008677 0.005230
18 0.120736 0.063097 0.008677 0.005230
13 0.646469 0.056389 0.009276 0.006821
12 0.442849 0.050591 0.008378 0.006139
13 0.352334 0.050250 0.009276 0.006367
13 0.424746 0.049682 0.008677 0.006139
12 0.315978 0.049682 0.009575 0.006139
13 0.167415 0.049909 0.008677 0.006594
12 0.385548 0.049454 0.008079 0.006594
12 0.296080 0.049454 0.008677 0.006594
13 0.222172 0.049454 0.010473 0.006594
12 0.610862 0.048204 0.008677 0.007731
17 0.515111 0.047408 0.009874 0.007049
12 0.085577 0.035016 0.004189 0.007731
1 0.093806 0.900296 0.021843 0.035698
3 0.714692 0.159732 0.008079 0.019782
0 0.095003 0.810482 0.023040 0.032515
4 0.842759 0.160414 0.009276 0.016598
4 0.225464 0.515348 0.009874 0.014325
4 0.153052 0.174511 0.009874 0.014779
1 0.092908 0.438495 0.021245 0.032515
2 0.094405 0.480559 0.015859 0.017508
2 0.095003 0.209754 0.019449 0.018872
4 0.371783 0.175648 0.011670 0.016144
3 0.502244 0.049682 0.006882 0.015234
3 0.502244 0.108572 0.006882 0.012960
4 0.132107 0.289336 0.009874 0.013415
4 0.411879 0.518759 0.010473 0.016598
4 0.296679 0.435539 0.009874 0.015689
1 0.089019 0.161551 0.007481 0.023420
4 0.533962 0.767508 0.009276 0.016598
4 0.226062 0.576512 0.009874 0.016598
2 0.096798 0.941223 0.011071 0.015689
2 0.097098 0.674056 0.012867 0.016144
1 0.094105 0.579241 0.022442 0.034789
3 0.357421 0.483970 0.006882 0.017053
2 0.098594 0.248863 0.011071 0.012506
0 0.732346 0.933038 0.013465 0.015689
4 0.534261 0.857322 0.009874 0.016144
4 0.402902 0.856639 0.012867 0.017508
2 0.094704 0.716121 0.017654 0.018417
4 0.118043 0.333674 0.010473 0.016598
4 0.144823 0.108686 0.008378 0.014552
4 0.121484 0.104366 0.008378 0.014097
4 0.140934 0.944293 0.008977 0.015916
4 0.132855 0.934288 0.008378 0.013188
4 0.124177 0.580946 0.008977 0.013188
4 0.116697 0.570487 0.008378 0.014097
4 0.117295 0.383811 0.009575 0.014552
3 0.152902 0.859254 0.006583 0.019554
4 0.140934 0.851978 0.008977 0.015916
4 0.142130 0.717144 0.008977 0.015462
4 0.140934 0.622556 0.008977 0.015462
4 0.119988 0.154388 0.008977 0.015007
4 0.140934 0.677353 0.008977 0.015007
4 0.140036 0.810368 0.008378 0.013643
4 0.142430 0.767394 0.009575 0.015007
0 0.141233 0.337199 0.008378 0.010459
4 0.117594 0.845839 0.008977 0.014552
4 0.140036 0.483174 0.008378 0.014097
4 0.117445 0.939177 0.009874 0.016598
5 0.125075 0.943042 0.009575 0.016598
4 0.132406 0.569918 0.009874 0.016598
4 0.140036 0.576057 0.009575 0.016598
4 0.118342 0.203956 0.009874 0.014552
4 0.133453 0.203956 0.009575 0.014552
4 0.124626 0.390973 0.009874 0.016598
4 0.131658 0.381651 0.009575 0.016598
3 0.069719 0.234993 0.005984 0.016598
3 0.069719 0.250682 0.005984 0.016598
4 0.118642 0.714984 0.009874 0.016598
4 0.125673 0.719986 0.009575 0.016598
4 0.118043 0.617667 0.009874 0.016598
4 0.131658 0.616758 0.009575 0.016598
4 0.640784 0.627444 0.009874 0.016598
5 0.128217 0.159504 0.009874 0.016598
5 0.143028 0.155412 0.009575 0.016598
4 0.083782 0.387563 0.009575 0.016598
4 0.118043 0.674056 0.009874 0.016598
4 0.132256 0.669964 0.009575 0.016598
3 0.177588 0.590041 0.009874 0.016371
4 0.114452 0.433492 0.009874 0.016598
4 0.123878 0.439177 0.009575 0.016598
3 0.133004 0.432583 0.009874 0.016598
4 0.138839 0.436448 0.009575 0.016598
3 0.119240 0.807071 0.009874 0.016598
5 0.125075 0.807071 0.009575 0.016598
4 0.443896 0.627899 0.009874 0.016598
4 0.119240 0.765007 0.009874 0.016598
4 0.127020 0.769327 0.009874 0.016598
4 0.134650 0.760914 0.009575 0.016598
4 0.271095 0.387335 0.009575 0.016598
5 0.090215 0.114029 0.009874 0.016598
4 0.125823 0.340496 0.009874 0.016598
4 0.133453 0.331628 0.009575 0.016598
4 0.417564 0.627558 0.009874 0.015007
5 0.125224 0.851637 0.009874 0.016598
4 0.132855 0.844588 0.009575 0.016598
4 0.086026 0.344588 0.009874 0.016598
3 0.098743 0.343452 0.009575 0.016598
4 0.458259 0.680650 0.009874 0.016598
5 0.466188 0.679286 0.009575 0.016598
3 0.117445 0.480332 0.009874 0.016598
4 0.131658 0.475330 0.009575 0.016598
4 0.715589 0.218395 0.009874 0.016598
4 0.722322 0.217258 0.009575 0.016598
4 0.115949 0.531719 0.009874 0.016598
5 0.127319 0.530355 0.009874 0.016598
4 0.138839 0.532401 0.009575 0.016598
4 0.089617 0.773192 0.009874 0.016598
5 0.102334 0.769554 0.009575 0.016598
4 0.087223 0.538995 0.009874 0.016598
5 0.100539 0.534902 0.009575 0.016598