8 0.220197 0.933667 0.006573 0.018174
8 0.779803 0.944003 0.010756 0.022944
9 0.695548 0.940936 0.011951 0.018628
7 0.352853 0.936279 0.012549 0.012949
7 0.196893 0.936052 0.012549 0.013403
7 0.500149 0.929691 0.008366 0.018401
9 0.463101 0.944684 0.011951 0.035666
6 0.798327 0.937869 0.007171 0.019764
9 0.747535 0.937756 0.009561 0.022263
6 0.292202 0.935143 0.009561 0.017946
9 0.714969 0.931622 0.013744 0.036347
10 0.425157 0.903453 0.011951 0.004543
8 0.221094 0.889596 0.010158 0.018174
8 0.779205 0.899250 0.010158 0.021581
9 0.693756 0.897092 0.008963 0.018174
9 0.658500 0.897774 0.008963 0.021354
9 0.623245 0.897774 0.008963 0.021354
9 0.502540 0.885507 0.008963 0.017719
6 0.796833 0.895388 0.004780 0.018401
7 0.353451 0.892208 0.011951 0.012040
7 0.198685 0.891981 0.011951 0.013403
6 0.290409 0.891299 0.008963 0.017492
9 0.537048 0.896979 0.013445 0.032940
7 0.511204 0.884939 0.013146 0.018855
9 0.712877 0.887324 0.011353 0.036801
10 0.713176 0.846661 0.005976 0.002272
7 0.354347 0.845184 0.012549 0.015220
6 0.796833 0.846547 0.009561 0.018855
7 0.196295 0.843594 0.011951 0.012949
10 0.651927 0.835756 0.006573 0.002272
6 0.291903 0.837915 0.009561 0.017946
9 0.747535 0.839164 0.010158 0.042708
9 0.170601 0.834734 0.010756 0.029759
10 0.853899 0.816220 0.006573 0.002272
10 0.641470 0.812131 0.005976 0.003180
10 0.205856 0.807360 0.005976 0.001817
7 0.354347 0.798160 0.012549 0.012949
6 0.796833 0.799977 0.005976 0.018401
10 0.621751 0.791686 0.005976 0.001817
6 0.292800 0.796343 0.008963 0.018401
9 0.463998 0.797478 0.011951 0.027488
10 0.371079 0.789982 0.007768 0.005225
9 0.778309 0.792708 0.010756 0.031122
10 0.410816 0.761018 0.009561 0.002272
7 0.354347 0.752953 0.012549 0.013403
6 0.794742 0.754543 0.008963 0.018401
9 0.710487 0.757269 0.008963 0.025670
6 0.290708 0.752045 0.008366 0.017946
9 0.463998 0.753408 0.011951 0.023853
10 0.430236 0.759655 0.005976 0.001817
10 0.423962 0.743526 0.005976 0.002726
9 0.196295 0.726829 0.010756 0.026579
9 0.211533 0.735688 0.010158 0.035211
10 0.406035 0.724443 0.007171 0.002726
9 0.229160 0.735234 0.009561 0.036120
7 0.875560 0.697524 0.011055 0.018855
7 0.920376 0.699568 0.012250 0.014312
7 0.765163 0.698887 0.012549 0.013403
7 0.813415 0.698660 0.012250 0.013857
7 0.701374 0.698887 0.012847 0.013403
7 0.650881 0.698433 0.013445 0.013403
10 0.393039 0.693548 0.008067 0.002726
10 0.595160 0.686506 0.007171 0.002272
10 0.537795 0.671059 0.015536 0.004998
10 0.394383 0.658110 0.005976 0.003635
7 0.874216 0.660950 0.011951 0.013857
7 0.919630 0.660950 0.011951 0.014312
10 0.899612 0.656633 0.007768 0.003408
7 0.813564 0.660495 0.012549 0.012949
7 0.766955 0.660041 0.012549 0.012949
7 0.650732 0.659814 0.011951 0.012494
7 0.698237 0.659587 0.012549 0.012949
10 0.393188 0.654248 0.008366 0.003180
10 0.375261 0.654021 0.005976 0.002726
10 0.673140 0.650386 0.006573 0.003180
9 0.462803 0.658678 0.004183 0.023398
10 0.468479 0.618355 0.007171 0.002272
7 0.875710 0.620059 0.012549 0.012949
7 0.813863 0.619605 0.011951 0.012949
7 0.919331 0.619605 0.012549 0.014312
7 0.763669 0.619378 0.013146 0.013403
7 0.699134 0.619150 0.011951 0.012949
7 0.651628 0.619150 0.012549 0.013857
9 0.739767 0.613925 0.005976 0.023398
9 0.853600 0.615743 0.011353 0.031577
10 0.785778 0.601545 0.005976 0.002726
10 0.638183 0.586324 0.005976 0.002272
10 0.556618 0.583144 0.010158 0.004543
10 0.899910 0.579736 0.007171 0.001817
10 0.593666 0.569060 0.006573 0.002726
9 0.410218 0.578033 0.011353 0.023853
10 0.763968 0.565879 0.006573 0.004998
10 0.570959 0.564289 0.007768 0.003180
9 0.550344 0.572694 0.008366 0.022263
10 0.374963 0.563721 0.007768 0.002953
9 0.698536 0.568492 0.010756 0.033394
10 0.175680 0.534757 0.013146 0.001817
10 0.542575 0.534075 0.013146 0.002726
10 0.359128 0.533962 0.011951 0.002499
10 0.859725 0.533848 0.017628 0.002726
10 0.541082 0.532031 0.008963 0.002272
10 0.751419 0.531690 0.008963 0.002045
10 0.659098 0.533167 0.019122 0.004998
10 0.358231 0.531236 0.008963 0.002499
9 0.645952 0.519309 0.004780 0.027715
9 0.692262 0.518741 0.011353 0.032031
9 0.807589 0.515902 0.004183 0.032712
9 0.849866 0.515902 0.008067 0.034530
7 0.194503 0.474898 0.011951 0.017038
8 0.784882 0.474330 0.013146 0.028169
10 0.769644 0.471831 0.006573 0.002272
9 0.754108 0.478646 0.008963 0.018174
7 0.350463 0.476715 0.011951 0.013403
7 0.235435 0.476715 0.012549 0.013403
6 0.293696 0.476034 0.009561 0.018401
10 0.679713 0.467060 0.007171 0.002726
7 0.235733 0.436960 0.011951 0.012949
7 0.194801 0.435370 0.012549 0.017946
7 0.350164 0.436733 0.012549 0.013403
8 0.785778 0.432985 0.013744 0.027260
9 0.769047 0.438210 0.010158 0.019082
6 0.293098 0.436052 0.009561 0.018401
10 0.679713 0.425943 0.007171 0.002272
10 0.806991 0.422990 0.005976 0.003635
10 0.739468 0.415720 0.005976 0.004543
10 0.609800 0.413676 0.007171 0.001817
10 0.596056 0.413676 0.017927 0.001817
10 0.604422 0.410950 0.008366 0.001817
10 0.591575 0.411177 0.007768 0.002272
10 0.897221 0.406974 0.009561 0.002045
10 0.489393 0.397092 0.008963 0.003180
10 0.880789 0.395275 0.006573 0.002726
10 0.907977 0.395048 0.005976 0.002726
7 0.236331 0.397206 0.011951 0.013403
7 0.196295 0.397206 0.011951 0.013403
7 0.406035 0.396524 0.011951 0.013403
7 0.833284 0.395616 0.011951 0.012949
7 0.785778 0.395388 0.012549 0.013403
6 0.292501 0.396297 0.009561 0.017946
6 0.351359 0.394707 0.010158 0.017492
10 0.538691 0.360291 0.005976 0.002272
10 0.529728 0.361427 0.007171 0.004543
7 0.191814 0.347910 0.011353 0.012949
7 0.235733 0.347683 0.011951 0.013403
7 0.406035 0.346774 0.011951 0.012949
9 0.585599 0.350182 0.004183 0.021581
10 0.656409 0.341663 0.005976 0.002726
7 0.786077 0.345638 0.011951 0.012949
7 0.832985 0.345184 0.012549 0.012949
6 0.351658 0.347001 0.008366 0.018401
6 0.291903 0.346774 0.009561 0.017946
10 0.768449 0.336211 0.006573 0.002726
10 0.741858 0.306679 0.005976 0.002726
10 0.539886 0.307133 0.022707 0.004089
7 0.191216 0.308610 0.011353 0.013403
7 0.234240 0.308155 0.011353 0.013403
7 0.404093 0.307701 0.012250 0.012949
7 0.783537 0.305884 0.012250 0.013403
7 0.831341 0.305202 0.012250 0.012949
6 0.350911 0.307701 0.009860 0.017946
6 0.291306 0.307020 0.009561 0.017492
10 0.370481 0.262040 0.011951 0.002953
10 0.598148 0.259882 0.005976 0.004089
7 0.194801 0.257497 0.011951 0.012949
6 0.175978 0.255225 0.008963 0.017492
8 0.887063 0.252499 0.011353 0.011131
8 0.431431 0.253748 0.009561 0.018628
10 0.788169 0.246252 0.008366 0.001817
8 0.451449 0.253748 0.010158 0.018628
10 0.415297 0.262494 0.006573 0.001590
10 0.701823 0.246025 0.010158 0.004089
10 0.629519 0.244094 0.006573 0.002045
10 0.904093 0.245457 0.008366 0.005225
9 0.828802 0.250227 0.013146 0.031122
10 0.357335 0.220354 0.007171 0.001817
10 0.365701 0.218878 0.007171 0.004771
10 0.551539 0.217628 0.005976 0.003180
9 0.597251 0.210359 0.007768 0.017719
7 0.194801 0.215016 0.010756 0.013403
6 0.176277 0.214789 0.009561 0.018401
7 0.884374 0.208882 0.011951 0.010223
10 0.450254 0.204225 0.006573 0.002726
10 0.340006 0.179010 0.010756 0.002726
10 0.416791 0.177647 0.011353 0.004998
10 0.517180 0.171172 0.018524 0.002045
10 0.642665 0.171286 0.012549 0.004543
10 0.806095 0.163562 0.008366 0.001817
7 0.242904 0.168446 0.011353 0.012949
8 0.186137 0.165266 0.012549 0.006588
7 0.883777 0.164130 0.011951 0.014312
7 0.920227 0.163448 0.011951 0.017038
9 0.595459 0.163448 0.013744 0.024307
9 0.632805 0.161517 0.005976 0.020900
9 0.651031 0.160154 0.008963 0.022717
9 0.720347 0.154816 0.010158 0.025670
9 0.811473 0.155498 0.007171 0.022490
9 0.708993 0.154248 0.007768 0.024534
10 0.515088 0.128578 0.007171 0.004089
10 0.713475 0.126079 0.007171 0.004089
9 0.296086 0.122217 0.008963 0.020445
8 0.548551 0.119264 0.008366 0.018628
10 0.509411 0.112449 0.008963 0.002726
9 0.593666 0.118810 0.010158 0.018628
7 0.880789 0.114380 0.010756 0.013857
7 0.919032 0.113812 0.011951 0.014993
9 0.899910 0.119264 0.009561 0.025897
9 0.709889 0.115289 0.008366 0.022944
10 0.422916 0.105634 0.006274 0.002726
9 0.798626 0.106883 0.007768 0.008860
10 0.517777 0.084848 0.008366 0.002045
10 0.700030 0.082235 0.014341 0.002726
10 0.687481 0.081781 0.008366 0.003635
10 0.282940 0.080418 0.009561 0.001817
10 0.284434 0.077806 0.013744 0.002045
7 0.917239 0.072126 0.008963 0.014312
9 0.449059 0.076102 0.008366 0.021354
9 0.429638 0.076102 0.008963 0.021354
9 0.594264 0.076670 0.010756 0.024307
10 0.698237 0.063153 0.007171 0.004543
9 0.170302 0.064857 0.004183 0.032940
10 0.252166 0.078601 0.009561 0.002272
8 0.074096 0.037824 0.006573 0.012949
12 0.829250 0.956043 0.009262 0.006588
11 0.897072 0.956383 0.012250 0.007724
11 0.854646 0.955588 0.008664 0.006588
12 0.537347 0.954225 0.008664 0.006134
12 0.559307 0.953885 0.008963 0.006361
12 0.519122 0.953090 0.008067 0.005679
11 0.528234 0.931054 0.005976 0.003408
12 0.599492 0.951954 0.008664 0.007042
13 0.937257 0.948205 0.004780 0.006815
13 0.937108 0.939800 0.003884 0.005452
13 0.937855 0.928782 0.004183 0.008860
12 0.937705 0.911517 0.003884 0.003862
12 0.937705 0.899591 0.004482 0.004543
13 0.936958 0.891527 0.005378 0.005225
12 0.937257 0.874943 0.004780 0.017038
12 0.937705 0.855407 0.004482 0.009768
12 0.937705 0.839050 0.004482 0.010677
12 0.937108 0.814857 0.004482 0.006361
13 0.935763 0.783507 0.003585 0.006815
12 0.936212 0.773171 0.003884 0.005679
11 0.329698 0.941731 0.009262 0.006134
11 0.269047 0.941504 0.009860 0.006588
12 0.236480 0.941504 0.010457 0.006588
12 0.221094 0.938551 0.009561 0.005225
11 0.780550 0.936733 0.008664 0.005225
12 0.695100 0.936279 0.007469 0.005225
12 0.658500 0.935597 0.009561 0.004771
12 0.624141 0.935484 0.010158 0.004543
12 0.640723 0.935597 0.009860 0.005679
12 0.501942 0.934916 0.009561 0.004316
13 0.462056 0.934689 0.005079 0.004771
12 0.442038 0.934121 0.006872 0.005452
12 0.425306 0.933894 0.006872 0.004998
13 0.748880 0.931054 0.007469 0.004771
12 0.171646 0.930713 0.008664 0.006815
12 0.731401 0.926738 0.007768 0.006134
13 0.713923 0.918673 0.008067 0.006361
12 0.408425 0.915834 0.009561 0.006588
12 0.372423 0.915834 0.008664 0.006588
11 0.853899 0.912199 0.008366 0.007042
11 0.853451 0.901295 0.008067 0.006134
11 0.828653 0.911972 0.009262 0.006588
11 0.828951 0.901068 0.006872 0.005679
13 0.896773 0.912085 0.011652 0.007269
13 0.896176 0.900500 0.011055 0.008632
12 0.599791 0.909814 0.009262 0.006361
12 0.560950 0.909700 0.009262 0.006134
13 0.537347 0.909473 0.008664 0.006588
12 0.519869 0.908791 0.009561 0.007042
11 0.327457 0.897660 0.008963 0.006134
11 0.269047 0.897433 0.009262 0.006588
12 0.237078 0.897433 0.009860 0.006588
12 0.221542 0.894593 0.008664 0.005452
11 0.780699 0.892890 0.008366 0.005679
12 0.695399 0.891981 0.006274 0.004771
12 0.659396 0.891981 0.006573 0.004771
12 0.641171 0.891754 0.007768 0.006134
12 0.624739 0.891640 0.007171 0.005906
13 0.502988 0.890731 0.008664 0.004089
13 0.509113 0.879714 0.004183 0.004316
13 0.463101 0.890504 0.007171 0.005452
12 0.442934 0.890391 0.008067 0.005679
12 0.423364 0.890164 0.007768 0.005225
12 0.748431 0.887097 0.007768 0.004998
12 0.170750 0.887665 0.008664 0.006134
12 0.731102 0.882099 0.008963 0.005906
12 0.713027 0.873694 0.008067 0.006361
12 0.371079 0.871763 0.008366 0.006588
12 0.405438 0.871081 0.008366 0.006134
12 0.828802 0.862108 0.008963 0.006361
11 0.854347 0.861654 0.008664 0.006815
12 0.640723 0.859609 0.009262 0.006361
12 0.640424 0.853135 0.008664 0.005225
12 0.599343 0.859269 0.008963 0.006134
12 0.521213 0.858587 0.009262 0.005225
12 0.530475 0.840981 0.008067 0.003180
12 0.562145 0.858928 0.009860 0.006361
12 0.538691 0.858814 0.009561 0.007042
18 0.826710 0.855293 0.005976 0.004543
12 0.895877 0.854384 0.011652 0.004543
12 0.895877 0.858928 0.011652 0.004543
12 0.895877 0.863471 0.011652 0.004543
12 0.624888 0.854384 0.009860 0.005906
12 0.624888 0.860291 0.009860 0.005906
12 0.659546 0.853589 0.009860 0.005225
13 0.657753 0.848364 0.005079 0.005679
12 0.711981 0.849273 0.008963 0.005679
18 0.712130 0.840981 0.008664 0.006361
12 0.695847 0.848251 0.007768 0.005452
12 0.695847 0.853703 0.007768 0.005452
12 0.729459 0.841890 0.007469 0.005452
12 0.730206 0.835984 0.007768 0.005452
12 0.500896 0.839732 0.008067 0.007042
12 0.463549 0.839505 0.009860 0.006588
12 0.441888 0.839505 0.009561 0.006588
12 0.426053 0.839278 0.009561 0.006134
11 0.780550 0.836552 0.006872 0.005679
11 0.328503 0.836324 0.006274 0.005225
12 0.327906 0.818378 0.008664 0.006588
12 0.327756 0.798501 0.007171 0.005906
12 0.328204 0.782372 0.009262 0.006361
12 0.221243 0.835984 0.006872 0.005452
12 0.221542 0.820309 0.009860 0.006815
11 0.268001 0.833598 0.007171 0.006134
12 0.268151 0.820650 0.009860 0.007497
12 0.238124 0.833371 0.008366 0.006588
12 0.237825 0.819968 0.009561 0.007042
12 0.748880 0.829396 0.006872 0.003180
12 0.748282 0.835756 0.006274 0.007269
12 0.171049 0.824852 0.009262 0.005906
12 0.171049 0.830759 0.009262 0.005906
11 0.780550 0.823149 0.009262 0.007042
12 0.372423 0.821445 0.008067 0.006815
12 0.407230 0.821218 0.008366 0.007269
17 0.897221 0.820082 0.010756 0.007724
11 0.854646 0.819400 0.009262 0.006815
11 0.829250 0.819514 0.008664 0.007042
11 0.601135 0.810313 0.009561 0.006361
12 0.608455 0.791004 0.004482 0.004089
12 0.641769 0.810086 0.010158 0.006361
12 0.622647 0.809973 0.010158 0.006588
12 0.562295 0.809973 0.010158 0.006588
12 0.539438 0.809746 0.009860 0.006134
13 0.519271 0.809746 0.009561 0.006134
12 0.441739 0.809064 0.009262 0.006588
12 0.423812 0.808837 0.010457 0.006134
12 0.695249 0.805429 0.008963 0.006134
12 0.658500 0.805429 0.008963 0.006134
12 0.795488 0.803498 0.004482 0.003635
12 0.713176 0.799750 0.008963 0.006588
11 0.267852 0.797592 0.006872 0.005906
12 0.268001 0.780327 0.009561 0.006815
12 0.237227 0.797706 0.007768 0.006134
12 0.236779 0.780214 0.009262 0.006588
12 0.730206 0.792708 0.006573 0.004316
18 0.500149 0.792254 0.006573 0.003408
12 0.407230 0.791345 0.008366 0.004316
12 0.370630 0.791118 0.005677 0.004316
13 0.463998 0.791118 0.008366 0.006134
12 0.140872 0.789414 0.005079 0.004998
12 0.748431 0.787710 0.009561 0.006134
12 0.221243 0.782372 0.009262 0.006361
13 0.199283 0.782258 0.009561 0.006134
12 0.171347 0.782258 0.007469 0.006134
11 0.779653 0.781577 0.009860 0.005679
11 0.779653 0.787256 0.009860 0.005679
11 0.853301 0.780100 0.008963 0.007269
11 0.852256 0.766015 0.009262 0.006361
11 0.827308 0.779305 0.008963 0.006588
11 0.826262 0.765675 0.009860 0.006588
17 0.896624 0.779759 0.010756 0.007951
17 0.896176 0.766015 0.012250 0.008178
18 0.696146 0.768287 0.008963 0.006361
12 0.693457 0.754543 0.008963 0.007042
12 0.601434 0.765448 0.009561 0.006588
12 0.560950 0.764766 0.009860 0.006134
12 0.538243 0.764425 0.009860 0.006361
12 0.519420 0.764312 0.009262 0.006134
12 0.638333 0.759995 0.009262 0.006134
12 0.623394 0.759995 0.009262 0.006588
12 0.631461 0.742731 0.006274 0.003408
12 0.657006 0.754203 0.009561 0.006361
12 0.710636 0.748183 0.005677 0.004316
13 0.935166 0.750341 0.005378 0.009087
11 0.328204 0.747728 0.008067 0.006134
12 0.328204 0.728646 0.009262 0.006134
12 0.502540 0.746025 0.007768 0.003635
12 0.442635 0.746365 0.007469 0.004771
12 0.464147 0.745797 0.007469 0.005452
12 0.422916 0.745684 0.008664 0.005225
13 0.729609 0.741027 0.005378 0.003635
12 0.746639 0.736711 0.008963 0.006815
11 0.780550 0.728760 0.009262 0.006361
12 0.405288 0.727169 0.008664 0.006361
12 0.370929 0.727169 0.008664 0.006361
12 0.219151 0.723080 0.008664 0.006815
12 0.197341 0.723308 0.009262 0.007269
12 0.169854 0.723080 0.009262 0.007724
18 0.236480 0.721831 0.008664 0.006134
11 0.363310 0.709337 0.009561 0.002499
12 0.373618 0.695934 0.008664 0.005679
12 0.738124 0.704566 0.009262 0.006134
12 0.786824 0.701386 0.008664 0.004316
12 0.854347 0.699568 0.009262 0.006134
12 0.900956 0.697070 0.008664 0.006134
12 0.573648 0.696161 0.008366 0.005225
12 0.553331 0.696388 0.007768 0.005679
12 0.393337 0.695934 0.007469 0.005679
13 0.532865 0.693776 0.009262 0.006815
12 0.499552 0.693662 0.008366 0.006588
12 0.322079 0.693321 0.009561 0.006361
12 0.356140 0.693321 0.008963 0.006815
12 0.673439 0.691163 0.008366 0.005225
11 0.290409 0.690822 0.007171 0.004998
11 0.468031 0.691050 0.008664 0.005906
12 0.593815 0.689119 0.008664 0.006588
12 0.632208 0.688778 0.009561 0.006361
12 0.443980 0.688551 0.009561 0.006361
12 0.410965 0.688437 0.008664 0.006134
12 0.264864 0.688210 0.008664 0.006134
18 0.266955 0.721831 0.008664 0.006134
12 0.229011 0.688210 0.008664 0.006134
13 0.169854 0.685484 0.009860 0.006134
12 0.737227 0.665607 0.009262 0.006361
12 0.785181 0.663108 0.009561 0.005906
12 0.852555 0.660950 0.008664 0.006134
12 0.900209 0.658451 0.007768 0.005225
12 0.572602 0.657883 0.007469 0.004998
12 0.552286 0.657769 0.008664 0.005679
12 0.392889 0.656520 0.008366 0.005906
12 0.373917 0.656406 0.008067 0.005679
12 0.531969 0.654589 0.008664 0.006588
12 0.499701 0.654475 0.008664 0.006361
12 0.356289 0.653907 0.009860 0.006588
12 0.322079 0.653680 0.008963 0.006134
12 0.672543 0.652204 0.007171 0.004998
11 0.290559 0.651636 0.007469 0.005679
11 0.466238 0.651636 0.007469 0.006134
12 0.593218 0.649705 0.009262 0.005906
13 0.630415 0.649705 0.008963 0.006361
12 0.443382 0.648910 0.009561 0.006134
12 0.265611 0.648682 0.009561 0.006134
12 0.228115 0.648682 0.008067 0.006134
12 0.411114 0.648682 0.009561 0.006588
13 0.169854 0.645502 0.009860 0.006134
12 0.570959 0.627669 0.006573 0.003635
12 0.571108 0.608701 0.010457 0.006588
12 0.551091 0.627101 0.007469 0.004316
12 0.550792 0.608587 0.008067 0.006361
12 0.373618 0.626193 0.006872 0.005225
12 0.373469 0.608019 0.007171 0.006134
11 0.092023 0.625852 0.004780 0.004998
12 0.391694 0.625965 0.006573 0.005679
12 0.391993 0.608019 0.008963 0.006134
12 0.498805 0.624148 0.006872 0.005679
12 0.499253 0.605861 0.008963 0.006361
12 0.531820 0.624035 0.006573 0.006361
12 0.532417 0.605861 0.009561 0.006361
12 0.355990 0.623467 0.008067 0.005679
12 0.355094 0.605520 0.009860 0.006134
12 0.322528 0.623353 0.008067 0.006361
12 0.322528 0.605747 0.009262 0.006588
11 0.099791 0.623353 0.006573 0.009087
11 0.467434 0.621308 0.008664 0.005452
12 0.466687 0.603135 0.009561 0.006361
12 0.264864 0.620741 0.008664 0.005679
11 0.290708 0.620513 0.007768 0.006134
12 0.290260 0.602567 0.009262 0.006588
13 0.170750 0.620400 0.011055 0.006815
12 0.442635 0.618469 0.009262 0.006134
12 0.441440 0.600068 0.008664 0.006588
12 0.409621 0.618355 0.007171 0.005906
12 0.408874 0.599159 0.008664 0.006588
12 0.593068 0.613812 0.007768 0.005906
12 0.592919 0.600068 0.008664 0.006588
12 0.631461 0.613698 0.008067 0.006134
13 0.630863 0.600182 0.009262 0.006815
12 0.853451 0.612108 0.006274 0.004771
12 0.853152 0.604612 0.008067 0.006134
12 0.673439 0.611427 0.007768 0.004771
12 0.673290 0.603476 0.009262 0.005679
13 0.738721 0.606429 0.009860 0.005225
13 0.738721 0.611654 0.009860 0.005225
12 0.785480 0.603476 0.007768 0.005679
12 0.785480 0.609155 0.007768 0.005679
13 0.214670 0.601999 0.009860 0.007269
12 0.899910 0.598364 0.008366 0.005906
12 0.899910 0.604271 0.008366 0.005906
18 0.362115 0.584053 0.007171 0.003180
11 0.805199 0.583371 0.005378 0.002726
11 0.812817 0.564289 0.008067 0.006361
12 0.455483 0.571558 0.005079 0.003180
12 0.198387 0.572808 0.009561 0.006134
12 0.169555 0.572921 0.009262 0.006361
12 0.592919 0.571445 0.008664 0.005679
12 0.630565 0.571445 0.008664 0.006134
12 0.442635 0.570763 0.009262 0.005225
12 0.410816 0.570423 0.008963 0.005452
12 0.264715 0.570650 0.008366 0.006361
11 0.214371 0.570536 0.009262 0.006134
12 0.672991 0.568832 0.008664 0.006361
12 0.531969 0.568492 0.008664 0.006134
12 0.498207 0.568378 0.009262 0.005906
11 0.468031 0.568492 0.009860 0.006134
12 0.651180 0.568492 0.010457 0.006588
12 0.785928 0.567129 0.007469 0.004771
12 0.355393 0.568037 0.010457 0.006588
11 0.291156 0.567810 0.009860 0.006134
12 0.736032 0.566788 0.006274 0.004998
12 0.699134 0.566447 0.008963 0.004316
12 0.321333 0.567697 0.009262 0.006815
12 0.764864 0.566901 0.008366 0.006134
12 0.571557 0.566333 0.008366 0.005452
12 0.551389 0.565993 0.006872 0.005679
12 0.392142 0.565652 0.008664 0.005906
12 0.375859 0.565538 0.007171 0.006134
12 0.850911 0.564289 0.008963 0.006361
12 0.873768 0.561904 0.009860 0.006134
12 0.898267 0.561677 0.008664 0.006134
12 0.918136 0.556906 0.008366 0.006588
13 0.198237 0.514880 0.009262 0.006588
12 0.170750 0.514539 0.009262 0.005906
12 0.592023 0.513289 0.009262 0.006588
12 0.409770 0.512267 0.009262 0.006361
12 0.629967 0.512267 0.009860 0.006815
12 0.440843 0.511813 0.008067 0.006361
12 0.265312 0.511699 0.008963 0.006588
11 0.213475 0.511472 0.009262 0.006134
12 0.499851 0.509995 0.008963 0.006361
12 0.673140 0.509882 0.008963 0.006588
12 0.651180 0.509995 0.009262 0.006815
12 0.354497 0.509882 0.009860 0.006588
12 0.321333 0.509655 0.009262 0.006134
12 0.531820 0.509882 0.008963 0.007042
11 0.467135 0.509768 0.009262 0.006815
11 0.290260 0.508519 0.009262 0.006588
12 0.786525 0.507951 0.008664 0.006361
12 0.764267 0.507610 0.009561 0.006588
12 0.734837 0.507497 0.009262 0.006361
12 0.700030 0.507383 0.008366 0.006134
12 0.571108 0.507383 0.009262 0.006588
12 0.551987 0.507269 0.009262 0.006361
12 0.391993 0.507156 0.008963 0.006134
12 0.375112 0.507383 0.008664 0.006588
12 0.851808 0.504430 0.008366 0.006588
12 0.811324 0.504657 0.009262 0.007042
18 0.872124 0.502385 0.009561 0.006134
18 0.897221 0.501931 0.009561 0.006588
12 0.917687 0.499659 0.008664 0.006588
11 0.328951 0.481940 0.009561 0.006134
11 0.268748 0.479441 0.008664 0.005679
12 0.217956 0.476942 0.009860 0.006134
12 0.754855 0.474443 0.008067 0.004771
12 0.175530 0.474557 0.007469 0.005452
12 0.769495 0.474443 0.007469 0.005679
12 0.706005 0.471831 0.007768 0.005906
12 0.738273 0.471717 0.008963 0.006588
12 0.680311 0.469332 0.008366 0.005906
12 0.504631 0.466720 0.008366 0.006134
13 0.808635 0.466493 0.008067 0.006134
12 0.659994 0.466606 0.008963 0.006361
13 0.634449 0.466493 0.009262 0.006134
12 0.378100 0.466379 0.008664 0.006361
12 0.923812 0.465811 0.007768 0.006134
12 0.529878 0.463994 0.009860 0.006134
12 0.407081 0.463539 0.009262 0.005225
12 0.836719 0.463426 0.009262 0.005452
11 0.329101 0.441731 0.009262 0.006588
11 0.268898 0.439687 0.008963 0.006134
12 0.219151 0.436960 0.009860 0.007042
12 0.176277 0.434916 0.007768 0.005679
12 0.770242 0.433099 0.008366 0.005225
12 0.753959 0.433099 0.008664 0.005679
12 0.739319 0.430600 0.009262 0.006134
12 0.706603 0.430486 0.008366 0.006815
11 0.680012 0.428328 0.007768 0.006134
12 0.379146 0.426397 0.008963 0.006361
12 0.632208 0.425943 0.007768 0.005906
13 0.503585 0.425716 0.008664 0.006815
12 0.806842 0.425148 0.006872 0.006134
12 0.659396 0.425488 0.010158 0.006815
12 0.923065 0.424466 0.008664 0.006134
13 0.531073 0.423671 0.009860 0.006361
12 0.407828 0.423785 0.010158 0.006588
11 0.835674 0.422422 0.009561 0.006134
12 0.768001 0.403680 0.008067 0.005906
12 0.766507 0.385393 0.008664 0.006588
12 0.753511 0.403794 0.007768 0.006134
12 0.752316 0.385393 0.008963 0.006588
17 0.096654 0.402885 0.004482 0.004771
12 0.706155 0.401068 0.008664 0.006134
12 0.705258 0.383348 0.009262 0.006134
12 0.737526 0.400954 0.008067 0.006815
12 0.736929 0.383348 0.009262 0.006134
13 0.425306 0.399478 0.007469 0.005225
18 0.617568 0.399250 0.009561 0.005679
13 0.587840 0.399478 0.008664 0.006134
13 0.555572 0.399137 0.008664 0.005452
13 0.528384 0.399364 0.008067 0.005906
13 0.487451 0.399250 0.008664 0.005679
13 0.457873 0.399364 0.008067 0.005906
11 0.656857 0.398910 0.009262 0.005452
11 0.680161 0.398796 0.008067 0.006134
12 0.679265 0.380622 0.009860 0.006134
12 0.850463 0.398001 0.007469 0.005452
13 0.907529 0.397660 0.007469 0.005225
13 0.880341 0.397660 0.008067 0.005679
12 0.176128 0.392208 0.008664 0.006588
12 0.175232 0.377896 0.009262 0.006134
12 0.217658 0.389936 0.006872 0.005679
12 0.217359 0.373126 0.008664 0.006588
11 0.163878 0.394934 0.008067 0.005225
12 0.163878 0.389709 0.008067 0.005225
13 0.570810 0.381531 0.010457 0.006588
13 0.542725 0.381418 0.009262 0.006361
12 0.632805 0.381190 0.008366 0.006361
13 0.603675 0.381190 0.009860 0.006815
13 0.502390 0.381077 0.008664 0.006588
13 0.474305 0.381077 0.008664 0.006588
13 0.441739 0.381077 0.009262 0.006588
13 0.923962 0.379941 0.008067 0.006134
13 0.893188 0.379600 0.008664 0.006361
13 0.865850 0.379373 0.008963 0.006361
11 0.268151 0.372672 0.008664 0.005679
11 0.328204 0.371649 0.009262 0.006361
12 0.440992 0.349727 0.008963 0.005679
12 0.864804 0.348705 0.010457 0.005906
11 0.327308 0.347342 0.006274 0.005906
11 0.327607 0.332008 0.009262 0.006134
12 0.217658 0.347456 0.008067 0.006134
12 0.217209 0.332235 0.008963 0.006588
12 0.174634 0.347569 0.006872 0.006361
12 0.174783 0.334848 0.009561 0.006361
11 0.458620 0.347001 0.010158 0.006588
13 0.569615 0.346774 0.009262 0.007042
12 0.527637 0.346547 0.010158 0.006588
11 0.881237 0.345411 0.008664 0.006588
11 0.268151 0.345070 0.006274 0.005906
11 0.268599 0.332576 0.008963 0.006361
12 0.656558 0.344048 0.008664 0.005679
11 0.589035 0.344048 0.007469 0.006134
12 0.706304 0.341095 0.010158 0.006134
11 0.681207 0.341209 0.010158 0.006361
12 0.735584 0.340868 0.009561 0.006588
12 0.768599 0.338710 0.008067 0.005906
12 0.751867 0.338823 0.008067 0.006134
18 0.561249 0.302703 0.006274 0.003408
12 0.440245 0.293162 0.009262 0.006134
12 0.174783 0.291118 0.009561 0.006134
12 0.863012 0.290663 0.008664 0.006134
12 0.218703 0.290663 0.009561 0.006134
12 0.571108 0.289527 0.009262 0.006134
11 0.457574 0.289755 0.009262 0.006588
12 0.527786 0.289527 0.008664 0.007042
11 0.268748 0.288051 0.009262 0.006361
11 0.587093 0.286801 0.010158 0.006134
12 0.656558 0.286347 0.008067 0.005679
11 0.879146 0.287029 0.009860 0.007951
11 0.326262 0.284871 0.009561 0.006361
12 0.734389 0.283621 0.008963 0.006588
12 0.703615 0.283621 0.008366 0.006588
11 0.677024 0.283621 0.008963 0.006588
12 0.766806 0.281122 0.009860 0.006134
12 0.751569 0.280895 0.009262 0.006588
12 0.154019 0.266015 0.005677 0.004543
12 0.156259 0.250682 0.005976 0.005225
18 0.463699 0.263517 0.005378 0.004089
12 0.864804 0.264198 0.009860 0.006815
12 0.746639 0.262381 0.008963 0.005906
12 0.838811 0.261586 0.009262 0.005225
12 0.476696 0.261699 0.009262 0.005906
12 0.567822 0.261018 0.009860 0.006361
12 0.534957 0.261131 0.009860 0.006588
12 0.731849 0.260223 0.009262 0.006134
12 0.713325 0.262721 0.009262 0.005679
12 0.727069 0.245570 0.011055 0.002272
12 0.689125 0.260223 0.009860 0.006134
12 0.657305 0.260450 0.009561 0.006588
12 0.623693 0.260677 0.010457 0.007042
12 0.819988 0.259314 0.008664 0.006134
12 0.776964 0.259541 0.009860 0.006588
17 0.785778 0.244889 0.008963 0.002726
12 0.520914 0.258632 0.008067 0.005225
18 0.520914 0.263857 0.008067 0.005225
12 0.509113 0.258860 0.009561 0.005679
12 0.552883 0.258405 0.009860 0.005679
12 0.597998 0.258065 0.009262 0.005452
12 0.640574 0.257951 0.009561 0.006134
12 0.432477 0.249773 0.008067 0.004316
12 0.451897 0.248978 0.008067 0.005906
12 0.904392 0.248523 0.008366 0.005906
12 0.799522 0.244662 0.010158 0.002272
12 0.803555 0.261926 0.009262 0.005906
11 0.810875 0.244889 0.005976 0.002726
12 0.349119 0.244775 0.009860 0.006134
12 0.213475 0.245002 0.009860 0.006588
12 0.366746 0.244662 0.009262 0.006361
12 0.415596 0.244094 0.010158 0.006134
12 0.382880 0.241595 0.009262 0.006588
12 0.332686 0.237279 0.009262 0.006588
17 0.247236 0.237619 0.010457 0.007269
12 0.862713 0.221149 0.009262 0.006134
12 0.713774 0.219900 0.008963 0.005452
12 0.800269 0.218878 0.008664 0.005225
18 0.796833 0.201045 0.008366 0.002272
12 0.746489 0.219559 0.008664 0.006588
12 0.835973 0.218651 0.009561 0.005679
12 0.476098 0.218651 0.009262 0.006134
12 0.566776 0.218310 0.010158 0.006361
12 0.534957 0.218423 0.009860 0.006588
12 0.622050 0.217969 0.009561 0.006588
12 0.731849 0.217515 0.009262 0.006134
12 0.688527 0.217515 0.009860 0.006134
12 0.657903 0.217742 0.009561 0.006588
12 0.776815 0.216720 0.009561 0.006361
12 0.551240 0.215925 0.008963 0.005225
12 0.510308 0.215697 0.008366 0.004771
12 0.817897 0.216379 0.009262 0.006588
12 0.597699 0.215584 0.008664 0.005452
12 0.641022 0.215357 0.008664 0.005452
13 0.153421 0.207746 0.011652 0.004771
18 0.153421 0.212517 0.011652 0.004771
12 0.432029 0.206383 0.008366 0.005225
12 0.451897 0.206156 0.008664 0.005679
12 0.903048 0.205475 0.009860 0.006134
12 0.212130 0.202522 0.008963 0.006134
12 0.349417 0.201954 0.009262 0.005906
12 0.364954 0.201840 0.009262 0.006588
11 0.413056 0.201386 0.009860 0.006134
12 0.381237 0.198887 0.009561 0.006588
12 0.330296 0.195025 0.009262 0.006588
17 0.245444 0.194343 0.010457 0.007042
11 0.087392 0.177647 0.005079 0.004089
11 0.095160 0.175034 0.006274 0.009314
12 0.262773 0.163448 0.008067 0.006134
12 0.262175 0.145729 0.009262 0.007042
12 0.348222 0.162994 0.006872 0.006134
12 0.347924 0.144707 0.009860 0.007724
12 0.297729 0.163108 0.007469 0.006361
12 0.297580 0.145388 0.009561 0.007269
12 0.280699 0.163221 0.008067 0.006588
12 0.279504 0.145275 0.009262 0.007951
12 0.365103 0.162881 0.007171 0.006361
12 0.364356 0.144366 0.009262 0.007497
12 0.331043 0.162994 0.008366 0.007042
12 0.330146 0.145388 0.009561 0.007269
12 0.413953 0.162540 0.009262 0.006588
12 0.412758 0.144025 0.009262 0.007724
13 0.381088 0.162540 0.008067 0.006588
12 0.380639 0.144480 0.008963 0.006815
12 0.450105 0.162085 0.008067 0.006588
12 0.449806 0.144366 0.009262 0.007497
12 0.430834 0.162085 0.008366 0.006588
12 0.430087 0.144480 0.009262 0.006815
12 0.155512 0.161858 0.006274 0.006588
11 0.507171 0.156974 0.009262 0.006361
13 0.902002 0.156179 0.006573 0.005679
13 0.902002 0.146411 0.008963 0.007042
12 0.550045 0.156633 0.009561 0.006588
12 0.595160 0.156179 0.008963 0.006588
12 0.638930 0.155952 0.009860 0.006588
12 0.533612 0.154362 0.008963 0.005679
13 0.476696 0.154248 0.010457 0.006361
12 0.620108 0.153453 0.008067 0.005679
12 0.566926 0.153794 0.008664 0.006361
12 0.657454 0.153226 0.008664 0.006588
12 0.727816 0.150273 0.008963 0.006134
12 0.688676 0.149818 0.008366 0.006134
12 0.776964 0.149478 0.008664 0.006361
12 0.816403 0.149137 0.009860 0.006588
12 0.862713 0.148682 0.009262 0.006588
12 0.710636 0.147433 0.008664 0.006815
12 0.743800 0.147092 0.009262 0.007042
12 0.834180 0.146524 0.008366 0.006815
12 0.799074 0.146751 0.008664 0.007269
12 0.152674 0.128464 0.004780 0.003408
12 0.149985 0.121763 0.004183 0.003635
12 0.155064 0.118015 0.004780 0.003408
12 0.155811 0.112108 0.005677 0.004316
12 0.430385 0.128237 0.009860 0.006134
12 0.450105 0.127669 0.009860 0.006815
12 0.349268 0.123921 0.010158 0.006134
12 0.365103 0.123353 0.009561 0.006361
12 0.412907 0.123012 0.009561 0.006588
12 0.382731 0.120627 0.008963 0.005452
12 0.332088 0.118696 0.010457 0.006588
12 0.279803 0.118810 0.009860 0.006815
12 0.263370 0.118810 0.009262 0.006815
12 0.296833 0.116424 0.008067 0.005679
12 0.508515 0.114948 0.008366 0.005906
12 0.550194 0.114380 0.006872 0.005679
12 0.594413 0.114493 0.009262 0.006361
12 0.637735 0.114039 0.008067 0.005906
12 0.475650 0.112562 0.009561 0.006588
12 0.243651 0.111881 0.008067 0.005679
12 0.177323 0.111881 0.009262 0.005679
12 0.566776 0.111881 0.008963 0.006134
12 0.533015 0.112108 0.009561 0.006588
12 0.901404 0.110972 0.007768 0.004771
12 0.901105 0.103476 0.008963 0.006588
12 0.618614 0.111654 0.008664 0.006588
12 0.655662 0.111313 0.008664 0.006361
12 0.727368 0.110859 0.009860 0.006361
12 0.688527 0.111086 0.009860 0.006815
12 0.776666 0.110291 0.010457 0.006134
12 0.814909 0.109836 0.009262 0.006134
12 0.863012 0.109155 0.009860 0.006588
12 0.711383 0.108701 0.007768 0.005679
12 0.745444 0.108019 0.008366 0.005679
12 0.798476 0.107224 0.008664 0.005452
12 0.834180 0.106883 0.008366 0.006588
18 0.623095 0.085529 0.004482 0.003862
13 0.154317 0.072808 0.005677 0.004316
12 0.450702 0.069968 0.006872 0.005906
12 0.430834 0.070082 0.007171 0.006134
12 0.508664 0.069627 0.008067 0.006134
12 0.549148 0.069060 0.007768 0.005452
12 0.594264 0.068946 0.005976 0.005679
12 0.637586 0.068605 0.007768 0.006361
12 0.565432 0.067015 0.008067 0.006361
12 0.475052 0.067129 0.009561 0.006588
12 0.530624 0.066674 0.008366 0.006588
12 0.616821 0.066106 0.009262 0.006361
12 0.654168 0.065425 0.009262 0.006361
12 0.347475 0.065538 0.008963 0.006588
12 0.412907 0.065084 0.009561 0.006134
12 0.363460 0.065198 0.009262 0.006361
12 0.744099 0.064970 0.009262 0.006361
12 0.710487 0.065084 0.009561 0.006588
12 0.795638 0.063607 0.009561 0.006361
12 0.833433 0.063267 0.008664 0.006588
12 0.727368 0.062358 0.009262 0.005679
12 0.685241 0.062812 0.009860 0.006588
12 0.379295 0.061904 0.008664 0.006134
12 0.774275 0.061677 0.009860 0.006134
13 0.862414 0.060313 0.009262 0.006134
12 0.816253 0.060768 0.010158 0.007042
12 0.279504 0.060995 0.008664 0.007497
12 0.330146 0.060427 0.008963 0.007269
12 0.261876 0.060768 0.009262 0.007951
12 0.297431 0.058269 0.008664 0.006588
12 0.901703 0.056906 0.008963 0.006134
11 0.175530 0.054066 0.010457 0.007269
12 0.241560 0.053271 0.009262 0.006588
11 0.073947 0.040209 0.003884 0.005452
0 0.088886 0.396751 0.023006 0.023398
3 0.278757 0.508292 0.007171 0.018855
0 0.093068 0.842912 0.024201 0.024307
1 0.085300 0.117787 0.022408 0.035211
4 0.110397 0.210132 0.009262 0.015902
4 0.133403 0.075988 0.009262 0.014766
4 0.202719 0.291118 0.009860 0.016129
3 0.678070 0.259768 0.006872 0.019764
4 0.788318 0.262721 0.009860 0.016583
2 0.086794 0.214562 0.017030 0.017946
3 0.164177 0.376306 0.007469 0.017492
4 0.797281 0.466493 0.009262 0.016129
4 0.788019 0.219559 0.009262 0.016583
3 0.622797 0.466833 0.006872 0.020445
3 0.667762 0.284303 0.007768 0.017946
2 0.087392 0.475806 0.018823 0.018855
1 0.088587 0.347683 0.022408 0.038846
1 0.085300 0.080532 0.023006 0.039755
4 0.491634 0.426511 0.009860 0.016583
4 0.164476 0.473080 0.009262 0.012949
3 0.206304 0.437642 0.006872 0.020218
4 0.659546 0.602794 0.009262 0.015220
4 0.307141 0.509428 0.008963 0.016583
4 0.486256 0.509428 0.009262 0.017038
1 0.065581 0.176624 0.003287 0.009314
2 0.085599 0.256815 0.018225 0.017946
4 0.428593 0.349727 0.009262 0.015675
4 0.558560 0.346093 0.007469 0.013857
4 0.521811 0.219332 0.009860 0.015675
4 0.850314 0.290663 0.009561 0.016129
1 0.928145 0.750909 0.004482 0.009314
4 0.185987 0.514880 0.009860 0.016583
4 0.910517 0.424693 0.009860 0.016583
4 0.610547 0.261131 0.009262 0.015675
3 0.669405 0.342231 0.006872 0.021127
4 0.609352 0.217969 0.009262 0.015675
4 0.464446 0.261586 0.009860 0.016583
4 0.911114 0.466265 0.009860 0.016129
4 0.367643 0.426170 0.009262 0.015902
3 0.216761 0.649137 0.006872 0.018855
4 0.492829 0.466720 0.009860 0.016129
4 0.796385 0.425375 0.009860 0.016583
4 0.366149 0.465925 0.007469 0.015448
4 0.886914 0.658564 0.009860 0.016356
3 0.217658 0.687983 0.007469 0.020218
1 0.089782 0.532712 0.021811 0.029532
2 0.089483 0.934916 0.021213 0.019309
2 0.089184 0.890845 0.018823 0.019309
4 0.164476 0.434916 0.009262 0.015675
3 0.279803 0.568037 0.006274 0.021127
3 0.842097 0.661177 0.007469 0.020218
3 0.842247 0.700023 0.007768 0.019764
3 0.206902 0.477851 0.006872 0.018855
4 0.750075 0.507610 0.008664 0.017492
4 0.555572 0.289300 0.009262 0.015675
2 0.088437 0.696615 0.019122 0.018855
2 0.090081 0.657201 0.018823 0.018628
4 0.886764 0.697183 0.010756 0.016356
3 0.455034 0.507156 0.007171 0.017038
4 0.484165 0.568264 0.009860 0.016583
4 0.185689 0.723194 0.009860 0.015220
3 0.677472 0.216606 0.006872 0.018855
4 0.308784 0.567810 0.009262 0.015220
4 0.186286 0.573262 0.009262 0.016129
3 0.621900 0.427874 0.007469 0.017492
4 0.694801 0.283621 0.012847 0.015675
4 0.463549 0.219332 0.009262 0.014766
4 0.425157 0.292708 0.010158 0.015220
4 0.702271 0.220468 0.009860 0.016583
4 0.114580 0.835756 0.009860 0.016811
4 0.185091 0.781577 0.009860 0.015675
4 0.851658 0.348592 0.009262 0.016583
4 0.888408 0.056792 0.009860 0.016811
4 0.138781 0.395161 0.010457 0.016129
4 0.140574 0.615289 0.009860 0.015675
4 0.113086 0.472285 0.010457 0.016811
4 0.724978 0.665266 0.009860 0.016583
4 0.701076 0.263630 0.008664 0.013857
4 0.203316 0.347229 0.009262 0.015675
4 0.692710 0.341095 0.009262 0.016129
4 0.750971 0.566220 0.009262 0.016583
4 0.124589 0.749432 0.008963 0.016356
4 0.141321 0.746706 0.008963 0.015448
4 0.115327 0.741822 0.009561 0.015675
4 0.132955 0.738528 0.010158 0.016356
4 0.123394 0.661517 0.008366 0.014993
4 0.114132 0.653226 0.008963 0.015675
4 0.138333 0.342799 0.008963 0.013630
4 0.129071 0.333712 0.008366 0.012721
4 0.136540 0.258519 0.008366 0.013176
4 0.126681 0.159927 0.008963 0.013176
4 0.108754 0.161404 0.008963 0.016129
4 0.136241 0.168560 0.008963 0.013176
4 0.141022 0.936393 0.008963 0.015902
4 0.132059 0.927760 0.008963 0.015902
4 0.123842 0.896184 0.008664 0.014539
4 0.113833 0.887210 0.008963 0.015675
4 0.118614 0.218083 0.008366 0.014993
4 0.136241 0.215811 0.008963 0.015902
4 0.127577 0.207633 0.009561 0.014993
4 0.135345 0.116311 0.008366 0.013176
4 0.126681 0.106997 0.008963 0.015448
4 0.142516 0.840754 0.008963 0.015448
4 0.111742 0.389823 0.008366 0.014993
4 0.139827 0.436847 0.009561 0.015448
4 0.130266 0.429350 0.009561 0.015902
4 0.111443 0.252499 0.008366 0.015675
4 0.137885 0.303726 0.008664 0.015448
0 0.129519 0.294184 0.008664 0.012721
4 0.140723 0.567015 0.008366 0.015902
4 0.131162 0.559518 0.008366 0.014539
4 0.120406 0.346433 0.008963 0.012721
4 0.112788 0.298841 0.008664 0.012040
4 0.123693 0.938437 0.008963 0.015448
4 0.115028 0.929918 0.008366 0.013857
4 0.141619 0.527942 0.008963 0.015902
4 0.132656 0.519991 0.008963 0.015448
4 0.141619 0.792140 0.008366 0.015448
0 0.132357 0.784189 0.008963 0.010450
4 0.122199 0.530554 0.008366 0.015675
4 0.113535 0.523512 0.008963 0.015220
4 0.122199 0.479328 0.008963 0.014993
4 0.139528 0.476374 0.008963 0.014539
4 0.130565 0.469332 0.010158 0.014993
4 0.141022 0.892095 0.009561 0.015448
4 0.131760 0.883916 0.008963 0.015448
4 0.108157 0.069627 0.008366 0.013403
4 0.124888 0.067697 0.008366 0.014993
4 0.117717 0.117560 0.008963 0.015675
4 0.109650 0.110291 0.009561 0.014766
4 0.124888 0.795320 0.008366 0.016356
4 0.115626 0.788051 0.008963 0.014539
4 0.114132 0.609950 0.008963 0.015448
4 0.130863 0.605861 0.008963 0.013630
4 0.115178 0.692299 0.009860 0.015675
4 0.121601 0.440027 0.008963 0.015448
4 0.112638 0.432190 0.008963 0.015220
4 0.081715 0.309405 0.009262 0.016356
4 0.091724 0.303953 0.008963 0.016356
3 0.081117 0.437074 0.009262 0.016356
5 0.091724 0.435030 0.008963 0.016356
5 0.084703 0.614266 0.009262 0.016356
4 0.132208 0.650841 0.009262 0.016356
4 0.140424 0.657656 0.008963 0.016356
3 0.092471 0.758178 0.009262 0.013403
5 0.098297 0.758178 0.008963 0.013403
4 0.085898 0.751477 0.009262 0.016356
4 0.097102 0.747842 0.008963 0.016356
4 0.124141 0.842572 0.009262 0.016356
4 0.132955 0.833485 0.008963 0.016356
4 0.120556 0.396411 0.009262 0.016356
4 0.129370 0.387778 0.008963 0.016356
5 0.119659 0.259200 0.009262 0.016356
4 0.126681 0.250568 0.008963 0.016356
4 0.720795 0.705134 0.009262 0.016356
4 0.725725 0.705134 0.008963 0.016356
4 0.084105 0.572921 0.009262 0.016356
4 0.095608 0.569287 0.008963 0.016356
4 0.086197 0.798728 0.009262 0.016356
5 0.099492 0.794184 0.008963 0.016356
4 0.123245 0.700136 0.009262 0.016356
4 0.131909 0.689914 0.009262 0.016356
4 0.140723 0.697183 0.008963 0.016356
5 0.929190 0.780781 0.004183 0.016356
3 0.929190 0.830759 0.004183 0.016356