10 0.718480 0.948843 0.006855 0.003857
10 0.696721 0.948843 0.006259 0.003857
8 0.220715 0.937500 0.010432 0.007940
6 0.844858 0.937500 0.009240 0.019737
6 0.822206 0.938407 0.008048 0.024274
6 0.630253 0.938407 0.005663 0.024274
10 0.513413 0.904832 0.006855 0.002949
10 0.512817 0.901883 0.006855 0.002495
10 0.384948 0.895417 0.007452 0.002269
7 0.210730 0.892128 0.012519 0.014292
10 0.346498 0.881352 0.006259 0.002722
9 0.393592 0.884188 0.008644 0.022913
9 0.306259 0.849025 0.006855 0.031987
10 0.431744 0.845622 0.008644 0.004764
9 0.194486 0.849932 0.011028 0.035163
9 0.470492 0.844941 0.009836 0.031987
8 0.348882 0.847550 0.011028 0.025862
10 0.697019 0.797527 0.008048 0.003403
8 0.220417 0.790721 0.011028 0.007486
8 0.350373 0.790154 0.012221 0.007260
8 0.480030 0.789587 0.010432 0.007486
10 0.218331 0.757600 0.008048 0.002949
10 0.745007 0.754877 0.008644 0.005218
10 0.273025 0.734687 0.007154 0.002949
9 0.612072 0.745123 0.011028 0.026089
10 0.659911 0.734006 0.008346 0.002495
7 0.735171 0.678652 0.012221 0.014292
10 0.852608 0.674229 0.012221 0.005445
6 0.760805 0.675930 0.009836 0.018376
10 0.181967 0.645304 0.011624 0.005218
7 0.736364 0.633961 0.012817 0.013838
6 0.759911 0.632600 0.008644 0.020644
10 0.198063 0.624660 0.006855 0.003857
10 0.658271 0.624093 0.008048 0.003176
10 0.641133 0.575771 0.005961 0.001815
7 0.734724 0.579061 0.012519 0.013838
6 0.759911 0.578267 0.009836 0.020871
9 0.632340 0.563634 0.009240 0.026089
9 0.166170 0.568172 0.004471 0.025181
10 0.193294 0.513271 0.006259 0.003403
10 0.328614 0.512364 0.012221 0.002042
10 0.214754 0.512137 0.006259 0.002949
8 0.353651 0.519170 0.013413 0.019737
10 0.225484 0.511910 0.008644 0.004310
9 0.205514 0.511456 0.009240 0.008848
10 0.215350 0.509415 0.006259 0.002042
10 0.228763 0.505104 0.006855 0.004310
9 0.897317 0.518262 0.011028 0.046506
10 0.171535 0.471075 0.006259 0.002495
7 0.736066 0.465631 0.012221 0.013838
8 0.856185 0.461887 0.010432 0.008167
6 0.762593 0.464950 0.009240 0.019283
10 0.134873 0.415948 0.007452 0.004310
7 0.867213 0.415041 0.012817 0.015200
10 0.815052 0.410277 0.006259 0.003403
9 0.871982 0.352654 0.009240 0.025635
8 0.744113 0.352881 0.012221 0.025181
9 0.654247 0.352995 0.010730 0.025408
8 0.321759 0.349705 0.014009 0.018829
7 0.219374 0.346756 0.012519 0.013385
10 0.627571 0.313861 0.006259 0.002042
10 0.638897 0.311139 0.007452 0.002949
10 0.626677 0.311139 0.015201 0.002949
10 0.246051 0.284256 0.007452 0.004991
10 0.350969 0.280853 0.007452 0.003176
10 0.342325 0.280853 0.009240 0.003176
10 0.316095 0.252609 0.025335 0.005218
10 0.335768 0.250794 0.008644 0.002495
10 0.192101 0.247164 0.008644 0.004764
9 0.549776 0.242514 0.006259 0.029038
10 0.173621 0.232418 0.007452 0.003403
10 0.745902 0.231057 0.006259 0.002949
10 0.232042 0.208598 0.007452 0.002042
10 0.252012 0.202700 0.010432 0.004310
10 0.184948 0.200885 0.012221 0.002042
9 0.255887 0.200885 0.009836 0.007486
10 0.226677 0.197709 0.006259 0.003857
10 0.304769 0.198162 0.016990 0.005218
10 0.808346 0.188181 0.008346 0.002042
10 0.637854 0.187727 0.006557 0.002042
10 0.609091 0.187273 0.006259 0.002949
9 0.802832 0.195440 0.009836 0.020191
8 0.859613 0.190563 0.011326 0.018149
8 0.765872 0.190903 0.012221 0.019283
8 0.681371 0.193172 0.014307 0.024274
8 0.553800 0.192604 0.014307 0.024501
10 0.236215 0.182282 0.006855 0.002949
10 0.892548 0.179560 0.006855 0.003403
9 0.704769 0.193398 0.012817 0.035617
9 0.575559 0.193058 0.008942 0.024047
10 0.792399 0.177972 0.009240 0.004310
10 0.436513 0.177745 0.008048 0.003857
10 0.331297 0.156647 0.011028 0.002042
10 0.452310 0.147799 0.009836 0.004310
10 0.873472 0.143262 0.006855 0.003403
9 0.266319 0.136456 0.008644 0.016107
9 0.780775 0.134188 0.008644 0.027450
8 0.340835 0.138385 0.011028 0.019056
10 0.198659 0.148480 0.018778 0.002495
10 0.435618 0.126701 0.008644 0.003403
9 0.149776 0.128289 0.008048 0.026543
10 0.332787 0.090404 0.009836 0.002042
10 0.350671 0.090290 0.012221 0.002269
10 0.841878 0.088362 0.006259 0.002042
8 0.284799 0.087795 0.012817 0.008167
10 0.444858 0.085980 0.007452 0.003176
10 0.821311 0.086774 0.016393 0.005218
10 0.797765 0.084732 0.019374 0.002042
10 0.624292 0.085186 0.011028 0.004764
10 0.330999 0.079968 0.011028 0.004764
9 0.303428 0.070213 0.007750 0.030626
9 0.745604 0.071574 0.011624 0.029719
9 0.175112 0.071574 0.010432 0.030172
10 0.369747 0.062500 0.008644 0.003857
9 0.600149 0.068852 0.014009 0.037432
12 0.752012 0.946801 0.007750 0.003857
11 0.716841 0.947142 0.008942 0.004991
11 0.819076 0.946801 0.007750 0.004764
11 0.695827 0.946915 0.009240 0.005445
12 0.626677 0.946915 0.008048 0.005898
11 0.594784 0.946801 0.008644 0.005672
12 0.568852 0.947028 0.009240 0.006125
14 0.926677 0.946461 0.004769 0.005445
12 0.928614 0.757600 0.003875 0.006579
12 0.308197 0.929787 0.008942 0.005672
11 0.332340 0.929900 0.008942 0.006806
12 0.430999 0.929446 0.008942 0.006352
12 0.363785 0.929333 0.009240 0.006125
11 0.454993 0.929106 0.008048 0.006125
12 0.487630 0.928879 0.008942 0.006579
17 0.888376 0.897686 0.010432 0.005898
17 0.820566 0.897913 0.010134 0.006806
11 0.170492 0.889746 0.009538 0.005898
12 0.237407 0.886797 0.008644 0.006352
17 0.548733 0.885436 0.006557 0.009074
12 0.347094 0.883734 0.007452 0.005672
14 0.394933 0.883394 0.007750 0.005898
14 0.519821 0.882940 0.008346 0.005445
13 0.470939 0.883167 0.008346 0.006806
11 0.308048 0.881466 0.009240 0.006125
11 0.433830 0.880898 0.009240 0.006352
14 0.379285 0.881012 0.009836 0.006579
14 0.503279 0.880672 0.009836 0.006352
17 0.571535 0.879877 0.010432 0.007033
17 0.696721 0.879537 0.010432 0.006806
12 0.242325 0.849251 0.005961 0.003857
13 0.233979 0.845508 0.006557 0.004537
11 0.308048 0.848911 0.006855 0.004537
12 0.107750 0.849025 0.006259 0.007486
17 0.821013 0.846075 0.011028 0.007486
17 0.821162 0.835980 0.010730 0.007260
11 0.611028 0.844374 0.008346 0.004991
11 0.612072 0.839270 0.004471 0.003857
11 0.196125 0.848571 0.009538 0.005672
11 0.196125 0.842899 0.009538 0.005672
12 0.169151 0.842899 0.009240 0.005672
12 0.169151 0.848571 0.009240 0.005672
11 0.432489 0.842446 0.009538 0.005672
11 0.432489 0.848117 0.009538 0.005672
11 0.308644 0.842786 0.009240 0.006806
11 0.570790 0.841878 0.008942 0.005445
11 0.570790 0.847323 0.008942 0.005445
11 0.696125 0.841311 0.009240 0.005672
11 0.696125 0.846983 0.009240 0.005672
11 0.348733 0.845508 0.008346 0.005445
11 0.348733 0.840064 0.008346 0.005445
11 0.734426 0.839156 0.008346 0.004991
11 0.734426 0.844147 0.008346 0.004991
11 0.471684 0.844828 0.009240 0.005445
11 0.471684 0.839383 0.009240 0.005445
11 0.889568 0.836093 0.009836 0.007033
17 0.889121 0.846756 0.009538 0.006579
11 0.610730 0.798321 0.010134 0.006352
11 0.734128 0.798208 0.009538 0.006579
11 0.571237 0.795939 0.009240 0.005218
11 0.696572 0.795145 0.009538 0.005898
17 0.889568 0.789587 0.009240 0.005672
17 0.889568 0.795259 0.009240 0.005672
17 0.821162 0.789474 0.010730 0.005898
17 0.821162 0.795372 0.010730 0.005898
11 0.348286 0.750340 0.009240 0.006579
11 0.472727 0.750113 0.010134 0.006579
11 0.309836 0.747845 0.008644 0.005672
11 0.431595 0.747618 0.008942 0.005672
12 0.210581 0.737750 0.008048 0.005898
14 0.273472 0.737182 0.008048 0.006125
12 0.612519 0.736388 0.008942 0.004991
14 0.659762 0.736162 0.008644 0.004991
12 0.784799 0.735935 0.007750 0.004991
12 0.734575 0.736275 0.008048 0.006125
11 0.169300 0.735821 0.007750 0.005672
14 0.253353 0.735254 0.009538 0.005898
14 0.643815 0.734120 0.009538 0.005898
11 0.569896 0.734233 0.010134 0.006125
11 0.697317 0.733666 0.009240 0.006352
14 0.769747 0.733439 0.008048 0.006352
17 0.889270 0.728108 0.010432 0.007033
17 0.820864 0.728108 0.010134 0.007486
12 0.298361 0.696348 0.009538 0.006125
11 0.200745 0.696234 0.009836 0.006352
12 0.168256 0.696007 0.008644 0.005898
12 0.251714 0.695554 0.008644 0.006352
11 0.354247 0.695213 0.008644 0.006125
11 0.467809 0.694646 0.010432 0.006352
17 0.569747 0.693512 0.011624 0.008167
12 0.704769 0.686252 0.008644 0.005898
17 0.124441 0.672527 0.006259 0.006579
12 0.170343 0.629764 0.009836 0.006806
12 0.197019 0.627269 0.008346 0.006352
13 0.656483 0.626248 0.007452 0.005672
13 0.225931 0.624660 0.007750 0.005672
12 0.704024 0.623866 0.008346 0.006352
12 0.214307 0.623639 0.008346 0.008167
11 0.404173 0.621597 0.008346 0.005898
12 0.253949 0.621597 0.010134 0.006352
11 0.865425 0.620803 0.009240 0.005672
11 0.813115 0.618421 0.008942 0.005898
11 0.297466 0.618421 0.008942 0.006352
11 0.568554 0.613203 0.008644 0.006352
12 0.246498 0.578607 0.005961 0.003857
11 0.253651 0.560345 0.008942 0.007260
12 0.592250 0.577700 0.005961 0.006125
13 0.600596 0.560799 0.008942 0.006806
11 0.075559 0.576906 0.004471 0.006806
11 0.866021 0.566243 0.009240 0.005445
12 0.227571 0.564542 0.009240 0.006125
13 0.656185 0.564542 0.007452 0.006579
11 0.812668 0.563975 0.008644 0.005898
13 0.620268 0.564315 0.007750 0.006579
12 0.704471 0.563975 0.008048 0.006352
11 0.401937 0.561025 0.008644 0.006352
13 0.672727 0.560572 0.008942 0.005898
13 0.639642 0.560912 0.009538 0.007033
11 0.170492 0.560912 0.008942 0.007033
12 0.567362 0.558417 0.009240 0.006579
11 0.298212 0.558190 0.009836 0.006579
17 0.569001 0.530740 0.010134 0.006579
14 0.170343 0.530966 0.010432 0.007033
13 0.332340 0.530059 0.007750 0.005672
13 0.297914 0.530172 0.009240 0.005898
14 0.435618 0.530286 0.009240 0.006579
14 0.403279 0.530059 0.008942 0.006125
14 0.372429 0.530172 0.009240 0.006352
14 0.507303 0.530059 0.008942 0.006579
12 0.468852 0.529832 0.010134 0.006125
14 0.418927 0.527450 0.009240 0.006352
13 0.524441 0.527450 0.009240 0.006806
14 0.451565 0.527450 0.010134 0.006806
14 0.316095 0.527110 0.009240 0.006125
14 0.388525 0.527223 0.009240 0.006806
14 0.228316 0.526770 0.010730 0.008167
12 0.904471 0.522573 0.008644 0.006125
12 0.895976 0.519850 0.007750 0.003403
12 0.895678 0.514065 0.005961 0.004537
11 0.837407 0.522686 0.009240 0.005898
11 0.837407 0.516788 0.009240 0.005898
12 0.812370 0.516674 0.009240 0.005672
12 0.812370 0.522346 0.009240 0.005672
17 0.706557 0.516334 0.010432 0.006352
17 0.706557 0.522686 0.010432 0.006352
12 0.136662 0.514519 0.006259 0.004537
14 0.076751 0.511683 0.004471 0.006125
14 0.169896 0.473571 0.007750 0.005672
11 0.171386 0.460073 0.010134 0.005898
11 0.228912 0.470962 0.008346 0.005898
12 0.228763 0.462341 0.008644 0.004991
12 0.197168 0.470848 0.007452 0.006125
17 0.570045 0.470848 0.011028 0.007486
12 0.569598 0.460640 0.010730 0.007033
12 0.705961 0.463135 0.008048 0.005218
12 0.705961 0.468353 0.008048 0.005218
11 0.403428 0.460299 0.009836 0.006352
12 0.253949 0.460073 0.007750 0.006352
11 0.297914 0.457464 0.008644 0.005672
17 0.299851 0.470168 0.010730 0.007486
11 0.813562 0.412659 0.008048 0.005445
12 0.899106 0.409936 0.009240 0.005898
11 0.764382 0.401996 0.008048 0.005898
12 0.469001 0.401316 0.009836 0.005898
11 0.707899 0.400068 0.009538 0.006125
17 0.569747 0.395871 0.010432 0.008167
11 0.298063 0.388838 0.009538 0.006352
11 0.227571 0.388271 0.009240 0.006579
11 0.171386 0.385662 0.008346 0.006806
12 0.771088 0.363997 0.005961 0.004310
11 0.779136 0.344828 0.008346 0.004991
11 0.402086 0.347436 0.008942 0.005672
12 0.742623 0.344828 0.005663 0.004537
12 0.872876 0.345281 0.007452 0.005898
12 0.654844 0.344941 0.007750 0.005672
12 0.502086 0.345054 0.008644 0.005898
11 0.552608 0.344941 0.008942 0.006125
12 0.171833 0.344828 0.009240 0.005898
11 0.432787 0.342219 0.008346 0.006125
12 0.351118 0.341878 0.008346 0.006352
12 0.281520 0.341878 0.008644 0.006806
12 0.171833 0.318739 0.009240 0.006352
13 0.281222 0.316130 0.008644 0.005672
18 0.137854 0.302064 0.006855 0.003403
12 0.401043 0.302972 0.009240 0.006579
12 0.500894 0.300590 0.008048 0.005898
12 0.197317 0.300136 0.007750 0.005445
13 0.247094 0.299682 0.008942 0.004991
12 0.873621 0.299002 0.008346 0.006352
13 0.351118 0.298094 0.008942 0.005898
11 0.433085 0.297981 0.009538 0.006579
12 0.304769 0.297754 0.009240 0.006125
12 0.745902 0.293897 0.009240 0.006125
12 0.554247 0.293103 0.009836 0.005898
12 0.656632 0.292990 0.009538 0.006125
11 0.781073 0.290835 0.009240 0.005898
12 0.598361 0.287205 0.009240 0.005898
12 0.133830 0.242287 0.005365 0.004537
12 0.597466 0.240245 0.006855 0.005898
13 0.281669 0.235141 0.009538 0.005672
12 0.744113 0.233553 0.007452 0.006125
12 0.656483 0.233326 0.008644 0.006579
12 0.555142 0.232872 0.007452 0.006125
13 0.354247 0.232645 0.009240 0.006579
12 0.219225 0.232872 0.009240 0.007033
12 0.306706 0.232305 0.008942 0.006352
13 0.874367 0.231057 0.009240 0.007486
11 0.780924 0.230603 0.008942 0.007033
12 0.461252 0.229923 0.009240 0.007033
18 0.175112 0.229696 0.009240 0.007033
12 0.503875 0.228108 0.009240 0.006125
11 0.401341 0.227087 0.008644 0.006352
13 0.840089 0.201565 0.008644 0.006125
14 0.626379 0.201452 0.008048 0.005898
12 0.902683 0.201452 0.008644 0.006352
12 0.744113 0.201452 0.008644 0.006352
14 0.811773 0.201225 0.008644 0.006352
14 0.779881 0.201338 0.008644 0.006579
14 0.598510 0.201112 0.008346 0.006125
14 0.873323 0.201225 0.009538 0.006806
14 0.696423 0.201112 0.009836 0.006579
12 0.656185 0.201112 0.009240 0.006579
13 0.531297 0.200998 0.009240 0.006352
13 0.503577 0.200998 0.009836 0.006352
14 0.568256 0.200885 0.009836 0.006579
14 0.889270 0.198843 0.009240 0.006579
13 0.714754 0.198730 0.009538 0.006352
14 0.825931 0.198730 0.008942 0.006806
14 0.795380 0.198730 0.009836 0.006806
12 0.642623 0.198616 0.009538 0.006579
14 0.614903 0.198503 0.008942 0.006352
14 0.517735 0.198049 0.010134 0.005898
14 0.584650 0.198162 0.009240 0.006579
11 0.110879 0.193398 0.004769 0.007033
18 0.139046 0.189655 0.007452 0.004991
12 0.139046 0.184324 0.008048 0.005218
14 0.249329 0.187500 0.008644 0.006579
14 0.220119 0.187160 0.008644 0.006352
13 0.174218 0.187046 0.009240 0.007033
14 0.235917 0.184664 0.007452 0.005898
12 0.198957 0.184891 0.007452 0.006352
14 0.262593 0.184097 0.008346 0.007033
12 0.323547 0.182282 0.007452 0.006125
12 0.109687 0.180808 0.004173 0.004083
12 0.283159 0.179673 0.007750 0.005445
11 0.435022 0.179673 0.007452 0.005898
18 0.148435 0.179220 0.007750 0.004991
12 0.148733 0.174115 0.008346 0.004764
11 0.403428 0.174342 0.009836 0.007033
11 0.403130 0.185005 0.009240 0.005672
12 0.078241 0.164247 0.005663 0.011797
12 0.079136 0.106511 0.005663 0.013838
12 0.873025 0.145531 0.007154 0.006125
12 0.873920 0.132373 0.008942 0.006125
14 0.325335 0.136003 0.009240 0.006125
14 0.354844 0.136003 0.008644 0.006579
12 0.745156 0.139973 0.008942 0.004991
12 0.745156 0.134982 0.008942 0.004991
13 0.283458 0.135889 0.008942 0.006806
12 0.656781 0.139746 0.008644 0.005445
12 0.656781 0.134301 0.008644 0.005445
12 0.308197 0.133507 0.007750 0.003857
12 0.503130 0.134301 0.008942 0.006352
11 0.503130 0.121370 0.008942 0.006806
14 0.369300 0.133507 0.007750 0.004764
14 0.341878 0.134074 0.007154 0.005898
13 0.266915 0.133054 0.006259 0.003857
12 0.220566 0.133394 0.006557 0.004991
11 0.780626 0.137250 0.008942 0.005445
11 0.780626 0.131806 0.008942 0.005445
12 0.463338 0.131579 0.008644 0.006352
12 0.176304 0.130558 0.008644 0.006579
12 0.433830 0.129197 0.008048 0.005672
11 0.403130 0.126134 0.009240 0.006806
14 0.356334 0.067377 0.008048 0.006352
14 0.326528 0.067604 0.009240 0.007260
12 0.839642 0.066810 0.008346 0.006125
13 0.285246 0.067377 0.008942 0.007713
14 0.342176 0.065449 0.008346 0.007033
14 0.369598 0.064428 0.007154 0.005898
12 0.221461 0.064769 0.010134 0.006579
13 0.309538 0.064088 0.008644 0.006579
12 0.780477 0.064201 0.008644 0.007260
12 0.874814 0.063634 0.008942 0.007486
12 0.463636 0.063181 0.008048 0.006579
12 0.745306 0.061593 0.008644 0.006125
12 0.176304 0.061479 0.008048 0.006352
12 0.433979 0.060458 0.008346 0.006125
12 0.656483 0.058757 0.007452 0.007260
13 0.404620 0.057396 0.009240 0.008167
12 0.599553 0.055240 0.009240 0.006579
18 0.504918 0.051611 0.008942 0.006125
0 0.100298 0.516221 0.022951 0.024274
4 0.275261 0.064995 0.009240 0.013838
4 0.451714 0.062954 0.010432 0.017015
1 0.103279 0.132146 0.022355 0.034710
4 0.448733 0.230036 0.010432 0.017241
4 0.387779 0.346983 0.010134 0.015653
1 0.097615 0.794351 0.021759 0.039701
3 0.489419 0.344714 0.007750 0.015200
2 0.100298 0.301384 0.019970 0.019283
2 0.103130 0.344714 0.013115 0.017015
4 0.451118 0.132260 0.009836 0.015880
4 0.733979 0.294351 0.009240 0.016107
1 0.097317 0.744669 0.022355 0.040154
4 0.186736 0.302291 0.009240 0.014292
4 0.644262 0.292990 0.009836 0.016561
4 0.774516 0.639406 0.017586 0.025181
2 0.096423 0.678652 0.018778 0.018829
2 0.095827 0.634415 0.021759 0.020191
1 0.774814 0.583371 0.016990 0.026543
1 0.098510 0.464723 0.022355 0.040154
1 0.098212 0.889632 0.021759 0.035163
2 0.097466 0.577700 0.017884 0.018376
2 0.098212 0.939769 0.019374 0.020191
4 0.390015 0.184778 0.010432 0.016107
4 0.127571 0.508848 0.008942 0.016334
4 0.126080 0.401996 0.008346 0.013158
4 0.135022 0.793103 0.008942 0.014065
4 0.125782 0.784936 0.008346 0.015880
4 0.143964 0.782101 0.008942 0.014292
4 0.732936 0.138838 0.008942 0.015880
4 0.161252 0.344828 0.010134 0.015426
4 0.144709 0.340177 0.009240 0.014292
4 0.143368 0.626701 0.008942 0.015653
0 0.131446 0.125000 0.007750 0.009982
4 0.134277 0.889179 0.009240 0.014292
4 0.124888 0.882260 0.008346 0.014519
4 0.143368 0.879424 0.009538 0.015653
4 0.141282 0.082691 0.008942 0.013838
4 0.134426 0.743308 0.008942 0.016561
4 0.125782 0.734347 0.009538 0.013612
4 0.127869 0.341878 0.008942 0.015426
4 0.126379 0.836207 0.008942 0.014973
5 0.097765 0.186933 0.013115 0.024047
4 0.134426 0.944646 0.008942 0.013158
4 0.126379 0.936252 0.009538 0.015426
4 0.143964 0.934097 0.008942 0.014292
4 0.128018 0.454515 0.009836 0.016107
4 0.146051 0.452926 0.009538 0.016107
4 0.134575 0.682282 0.009836 0.016107
4 0.143368 0.672300 0.009538 0.016107
3 0.128018 0.300250 0.009836 0.016107
4 0.125931 0.632600 0.009836 0.016107
4 0.132340 0.636910 0.009538 0.016107
4 0.097317 0.084505 0.009836 0.016107
5 0.109389 0.079288 0.009538 0.016107
4 0.092548 0.415041 0.009836 0.016107
5 0.105216 0.410730 0.009538 0.016107
3 0.079285 0.081103 0.005961 0.016107
4 0.135171 0.843353 0.009836 0.016107
4 0.143368 0.833825 0.009538 0.016107
4 0.127124 0.573616 0.009836 0.016107
4 0.135171 0.581329 0.009836 0.016107
4 0.143368 0.570894 0.009538 0.016107
4 0.090164 0.248752 0.009836 0.016107
5 0.102832 0.244215 0.009538 0.016107