8 0.865500 0.936221 0.011670 0.007503
7 0.597397 0.939632 0.011670 0.013415
10 0.237133 0.935312 0.010473 0.002956
8 0.741622 0.936221 0.011670 0.007503
10 0.234440 0.933265 0.006284 0.002501
6 0.621335 0.937131 0.009276 0.019327
10 0.172801 0.895748 0.006284 0.002956
8 0.741921 0.883242 0.012268 0.007049
7 0.597397 0.888699 0.011670 0.008868
6 0.622232 0.884379 0.009874 0.019327
10 0.185368 0.875739 0.006284 0.002046
10 0.509126 0.875057 0.008677 0.002501
10 0.511520 0.871874 0.012268 0.002501
10 0.164722 0.871419 0.010473 0.005230
10 0.203321 0.837767 0.008677 0.003411
7 0.597397 0.834129 0.011670 0.013415
8 0.741622 0.830491 0.012867 0.007049
7 0.169808 0.830036 0.007481 0.007958
6 0.621933 0.831401 0.009276 0.017963
10 0.403501 0.825944 0.009276 0.005230
10 0.264961 0.816621 0.008677 0.002046
10 0.248205 0.816394 0.008677 0.002501
10 0.388839 0.817076 0.007481 0.004775
7 0.833782 0.782515 0.011670 0.007503
9 0.879264 0.778422 0.010473 0.026603
10 0.213495 0.773079 0.006284 0.001819
8 0.740425 0.772055 0.011670 0.007503
7 0.596499 0.777967 0.009874 0.008413
6 0.621634 0.773874 0.009874 0.019327
10 0.852633 0.765689 0.007481 0.002956
10 0.775434 0.730218 0.006284 0.004775
10 0.773040 0.723624 0.006284 0.003411
10 0.220676 0.719304 0.015859 0.002046
10 0.522890 0.718395 0.007481 0.002046
10 0.248504 0.716576 0.008079 0.002956
10 0.507929 0.714870 0.013465 0.003638
9 0.779922 0.715894 0.006882 0.022510
9 0.390634 0.728058 0.013465 0.022738
10 0.755087 0.712483 0.007481 0.002956
10 0.535458 0.712256 0.023040 0.005230
10 0.858917 0.646771 0.011670 0.005230
8 0.719180 0.646771 0.011071 0.007049
8 0.580341 0.646771 0.012268 0.007049
10 0.192250 0.646771 0.011670 0.005230
8 0.447487 0.646317 0.012268 0.007049
8 0.312537 0.646317 0.011670 0.007049
10 0.665919 0.602433 0.006284 0.003865
10 0.529473 0.601523 0.008677 0.003865
10 0.451077 0.601296 0.007481 0.003411
7 0.693447 0.596749 0.012268 0.014325
10 0.406792 0.581969 0.007481 0.002046
10 0.552513 0.577194 0.022442 0.004320
10 0.274536 0.548545 0.006284 0.003411
10 0.620138 0.543770 0.009276 0.004775
7 0.173100 0.543543 0.011670 0.013415
10 0.144973 0.539222 0.006882 0.002956
10 0.549820 0.535584 0.006284 0.002046
9 0.331388 0.543543 0.008677 0.025239
9 0.310144 0.542633 0.009276 0.023420
10 0.292490 0.529673 0.013465 0.004775
10 0.233543 0.524670 0.008079 0.003865
10 0.217684 0.524443 0.020646 0.004320
7 0.595901 0.490791 0.008677 0.014325
9 0.459755 0.500796 0.011670 0.034334
7 0.174895 0.486244 0.011670 0.013415
10 0.860712 0.481924 0.011670 0.004775
7 0.693447 0.485334 0.011071 0.002956
6 0.731149 0.483288 0.009874 0.018417
10 0.151257 0.443952 0.013465 0.003411
10 0.749102 0.442360 0.007481 0.002956
10 0.304758 0.442133 0.006882 0.003411
9 0.908588 0.436903 0.008079 0.020236
10 0.909485 0.429172 0.006284 0.002956
10 0.836475 0.423943 0.012268 0.002501
10 0.613256 0.420077 0.025434 0.003865
10 0.212298 0.417349 0.006284 0.002046
10 0.647666 0.356639 0.011670 0.005230
10 0.546230 0.356639 0.011071 0.005230
7 0.440305 0.356639 0.011071 0.007049
7 0.324207 0.356639 0.011071 0.007049
8 0.744614 0.356185 0.011670 0.007049
8 0.859515 0.355957 0.011670 0.007503
10 0.353531 0.324807 0.006284 0.004320
10 0.546529 0.318668 0.006882 0.002956
10 0.539647 0.317303 0.006284 0.002956
7 0.304159 0.313211 0.014063 0.018417
9 0.887343 0.319804 0.005087 0.024329
10 0.779922 0.299795 0.006882 0.002501
9 0.732346 0.305252 0.007481 0.026148
10 0.404399 0.260687 0.006284 0.004320
10 0.456463 0.249318 0.008677 0.005230
10 0.346050 0.249318 0.006882 0.005230
10 0.857421 0.248863 0.012268 0.005230
7 0.737133 0.249318 0.011071 0.007958
6 0.752095 0.251592 0.009874 0.017053
7 0.554608 0.197249 0.009874 0.008413
7 0.737133 0.195202 0.012268 0.013415
7 0.655147 0.195430 0.012268 0.013870
8 0.438211 0.192019 0.011670 0.007049
10 0.324506 0.192019 0.011670 0.005230
8 0.260473 0.194975 0.008079 0.022965
10 0.864901 0.155639 0.012867 0.005230
8 0.769449 0.141996 0.012268 0.017963
9 0.256882 0.143815 0.009276 0.023420
10 0.324806 0.140405 0.012268 0.004775
10 0.425344 0.134038 0.008677 0.002956
10 0.527379 0.078104 0.006882 0.003865
11 0.518552 0.214870 0.009575 0.007276
12 0.476810 0.066053 0.006284 0.022055
5 0.109964 0.543770 0.020646 0.022965
0 0.212298 0.252046 0.023040 0.024329
0 0.090515 0.543315 0.012867 0.023874
0 0.095601 0.771601 0.021843 0.033879
5 0.237133 0.252501 0.008079 0.016144
2 0.916367 0.305935 0.014063 0.013870
2 0.092011 0.648136 0.015859 0.018872
2 0.207510 0.358686 0.018253 0.019327
0 0.096200 0.832083 0.023040 0.023874
5 0.236236 0.312528 0.007481 0.015234
2 0.209306 0.309573 0.019449 0.019327
5 0.115949 0.599932 0.007481 0.013415
3 0.342160 0.502842 0.006284 0.012960
5 0.215889 0.731355 0.007481 0.011596
3 0.822113 0.886198 0.006284 0.011141
3 0.470527 0.505116 0.006882 0.016598
2 0.092609 0.884152 0.019449 0.018872
2 0.092908 0.595384 0.016457 0.018872
4 0.275733 0.317758 0.015859 0.024784
3 0.470227 0.546271 0.007481 0.016144
5 0.118941 0.939404 0.007481 0.012960
3 0.703920 0.712256 0.008079 0.020691
5 0.118941 0.833220 0.008677 0.015234
3 0.517504 0.731355 0.006284 0.019782
4 0.292789 0.603115 0.006882 0.012506
5 0.117445 0.719986 0.008079 0.017053
4 0.211999 0.202933 0.007481 0.015689
5 0.219031 0.202933 0.007181 0.015689
4 0.206014 0.197704 0.007481 0.015689
4 0.212298 0.192929 0.007481 0.015689
4 0.218432 0.191792 0.007181 0.015689
5 0.096948 0.934402 0.007181 0.015689
4 0.206314 0.143588 0.007481 0.015689
4 0.213495 0.140632 0.007481 0.015689
5 0.220826 0.139950 0.007181 0.015689
4 0.088420 0.724307 0.007481 0.015689
4 0.095302 0.720668 0.007481 0.015689
5 0.102334 0.725216 0.007181 0.015689
4 0.087223 0.487381 0.007481 0.015689
4 0.094704 0.483060 0.007481 0.015689
4 0.087822 0.433492 0.007481 0.015689
4 0.095003 0.428945 0.007481 0.015689
5 0.102334 0.418713 0.007181 0.015689