8 0.772591 0.945543 0.012567 0.006594
8 0.483244 0.945089 0.011969 0.006594
8 0.198085 0.945089 0.012567 0.006594
8 0.678037 0.944861 0.012567 0.007049
8 0.578396 0.944861 0.011969 0.007049
8 0.385398 0.944634 0.012567 0.006594
8 0.292938 0.944861 0.011969 0.007049
7 0.687911 0.819577 0.010772 0.012960
7 0.670257 0.819350 0.012567 0.013415
7 0.606523 0.819122 0.011969 0.012960
7 0.549970 0.819122 0.011370 0.012960
7 0.495512 0.819122 0.011370 0.012960
7 0.454518 0.818668 0.011969 0.012960
10 0.383603 0.814916 0.011370 0.005002
8 0.290245 0.814575 0.012567 0.006594
8 0.196290 0.814575 0.012567 0.006594
6 0.782466 0.817758 0.009575 0.018417
10 0.744764 0.808777 0.005984 0.002729
7 0.879713 0.772738 0.011370 0.013870
7 0.840515 0.772510 0.011969 0.012506
7 0.281867 0.772510 0.011370 0.013415
7 0.167265 0.772738 0.011969 0.013870
8 0.481448 0.769100 0.011969 0.006594
7 0.301017 0.772738 0.010174 0.013870
8 0.769599 0.768872 0.012567 0.007049
8 0.675045 0.768872 0.012567 0.007049
8 0.577798 0.769100 0.011969 0.007503
7 0.224417 0.772055 0.011370 0.013415
6 0.396768 0.770464 0.008977 0.018417
8 0.360563 0.765007 0.009575 0.008413
10 0.771394 0.704866 0.012567 0.005002
10 0.675643 0.704866 0.012567 0.005002
10 0.579294 0.704866 0.012567 0.005002
10 0.479354 0.704866 0.012567 0.005002
10 0.385996 0.704866 0.012567 0.005002
8 0.195093 0.704980 0.011370 0.006594
8 0.288151 0.704525 0.011969 0.006594
8 0.769898 0.658595 0.010772 0.006594
8 0.675943 0.658822 0.011969 0.007049
10 0.477858 0.612551 0.011969 0.005002
10 0.287253 0.612551 0.012567 0.005002
8 0.193297 0.612665 0.012567 0.006594
8 0.769898 0.612210 0.011969 0.006594
8 0.674446 0.612210 0.011370 0.006594
8 0.577499 0.612210 0.012567 0.006594
8 0.384500 0.612437 0.011969 0.007049
10 0.769898 0.573897 0.011969 0.005002
8 0.676242 0.574011 0.012567 0.006594
8 0.578396 0.573784 0.011969 0.007049
8 0.479054 0.574011 0.011969 0.006594
10 0.385099 0.573897 0.011969 0.005002
10 0.287253 0.573897 0.011370 0.005002
8 0.870736 0.573784 0.011370 0.007049
8 0.194195 0.573784 0.011969 0.007049
7 0.839617 0.538085 0.010174 0.012960
7 0.785458 0.538313 0.011969 0.012506
7 0.687911 0.538313 0.010772 0.013415
7 0.591263 0.538540 0.011370 0.012960
7 0.549072 0.538540 0.010772 0.012960
7 0.494614 0.538540 0.010772 0.012960
7 0.451825 0.537858 0.008977 0.002501
7 0.378516 0.538313 0.010772 0.012506
7 0.299222 0.540814 0.011370 0.007503
7 0.204369 0.538540 0.010772 0.012960
7 0.164871 0.538313 0.011969 0.012506
7 0.881209 0.538313 0.011969 0.013415
10 0.901556 0.528422 0.007181 0.002274
10 0.358767 0.528422 0.008378 0.003183
10 0.675344 0.477035 0.011969 0.005002
10 0.771993 0.476580 0.012567 0.005002
10 0.579593 0.476580 0.011969 0.005002
10 0.482346 0.476580 0.011370 0.005002
10 0.383004 0.476580 0.011370 0.005002
10 0.869838 0.476126 0.011969 0.005002
7 0.285757 0.477376 0.011969 0.008868
8 0.195093 0.476467 0.011370 0.007049
10 0.217534 0.432697 0.009575 0.001819
7 0.648713 0.434402 0.011370 0.012960
7 0.494614 0.434402 0.011969 0.012960
7 0.706762 0.431446 0.011370 0.007958
7 0.590066 0.433947 0.011370 0.012960
7 0.398265 0.434175 0.011969 0.013415
10 0.867744 0.384266 0.010174 0.005002
8 0.770197 0.384152 0.011370 0.007049
10 0.769599 0.346521 0.011370 0.005002
10 0.675045 0.346521 0.012567 0.005002
10 0.483842 0.346521 0.011969 0.005002
8 0.579294 0.346407 0.012567 0.007049
8 0.384201 0.346180 0.011370 0.006594
8 0.285757 0.346180 0.011969 0.006594
8 0.195990 0.346180 0.011969 0.006594
8 0.870437 0.345953 0.011969 0.007049
7 0.899162 0.303206 0.011969 0.010687
7 0.839318 0.304798 0.011969 0.012960
7 0.781867 0.304570 0.011969 0.013415
10 0.382406 0.301501 0.011370 0.005002
8 0.676242 0.301160 0.012567 0.006594
8 0.579294 0.301160 0.012567 0.006594
8 0.481448 0.301160 0.013166 0.006594
8 0.284261 0.301160 0.010174 0.006594
10 0.195691 0.301046 0.012567 0.005002
8 0.574806 0.243179 0.011969 0.007049
8 0.870736 0.242497 0.012567 0.006594
8 0.771993 0.242497 0.012567 0.006594
8 0.675643 0.242724 0.012567 0.007049
8 0.483842 0.242724 0.011969 0.007049
8 0.385697 0.242497 0.011969 0.006594
8 0.288749 0.242497 0.011969 0.006594
8 0.195392 0.242497 0.011969 0.006594
10 0.877020 0.201455 0.015560 0.003183
10 0.771694 0.113688 0.011969 0.005002
9 0.869838 0.113574 0.011969 0.007049
8 0.673848 0.113802 0.011370 0.007503
8 0.573309 0.113347 0.011370 0.006594
8 0.481149 0.113347 0.011370 0.007503
8 0.386894 0.113347 0.011969 0.006594
10 0.291143 0.112779 0.011969 0.005002
8 0.195392 0.112437 0.011969 0.006594
10 0.476960 0.088449 0.007780 0.004548
10 0.759725 0.073442 0.014363 0.001819
10 0.758528 0.070941 0.013166 0.002274
7 0.862956 0.072647 0.011370 0.013415
17 0.844554 0.951910 0.010473 0.006139
11 0.785009 0.910982 0.008677 0.006139
11 0.743118 0.910755 0.008677 0.005684
17 0.650209 0.910869 0.010772 0.006821
18 0.904997 0.904616 0.005685 0.003411
18 0.747905 0.903593 0.005087 0.003183
11 0.398713 0.905184 0.009276 0.006367
17 0.362059 0.905298 0.010174 0.006594
17 0.263465 0.904729 0.010473 0.007276
17 0.843956 0.903479 0.010473 0.006594
13 0.618492 0.900068 0.008977 0.006139
11 0.552513 0.900182 0.009276 0.006367
13 0.605027 0.897567 0.008977 0.005684
17 0.455715 0.897112 0.010772 0.007503
17 0.168911 0.895521 0.010473 0.007049
17 0.455715 0.876990 0.010772 0.006367
17 0.455566 0.865621 0.010473 0.006367
17 0.551616 0.876876 0.011071 0.007049
17 0.551017 0.865962 0.011071 0.007049
11 0.744614 0.873010 0.011670 0.006594
17 0.744614 0.879604 0.011670 0.006594
17 0.841712 0.872328 0.010772 0.006139
17 0.841712 0.878467 0.010772 0.006139
17 0.649611 0.871533 0.010772 0.004548
17 0.649611 0.876080 0.010772 0.004548
17 0.649611 0.880628 0.010772 0.004548
17 0.167864 0.862551 0.010772 0.005684
17 0.167864 0.868236 0.010772 0.005684
11 0.361161 0.860391 0.008378 0.005002
11 0.361161 0.865393 0.008378 0.005002
11 0.399312 0.860164 0.009276 0.005457
11 0.399312 0.865621 0.009276 0.005457
17 0.263465 0.859368 0.010473 0.005684
17 0.263465 0.865052 0.010473 0.005684
12 0.590515 0.811619 0.008677 0.005684
13 0.475015 0.811619 0.009874 0.005684
12 0.764662 0.809345 0.009874 0.006594
12 0.650359 0.809345 0.009874 0.006594
12 0.569719 0.809231 0.009575 0.006367
12 0.513315 0.808890 0.009276 0.005684
12 0.743716 0.806730 0.009276 0.005912
12 0.706912 0.806844 0.009276 0.006139
12 0.378665 0.767735 0.009874 0.006139
12 0.262567 0.767394 0.009874 0.006367
12 0.205416 0.767508 0.009276 0.006594
12 0.360413 0.765348 0.009276 0.005912
12 0.187163 0.765234 0.009874 0.005684
12 0.321364 0.765007 0.008977 0.006139
12 0.864004 0.759777 0.009874 0.005684
12 0.903202 0.756821 0.008079 0.006139
11 0.397666 0.682242 0.009575 0.007049
17 0.550419 0.681787 0.011071 0.007958
17 0.453770 0.681560 0.010473 0.007503
11 0.204668 0.681219 0.008977 0.006821
11 0.262567 0.680878 0.008677 0.007049
11 0.165919 0.679059 0.009276 0.006139
11 0.360712 0.678263 0.008677 0.006367
11 0.301765 0.677808 0.009276 0.006367
17 0.842460 0.643588 0.010473 0.007958
17 0.842908 0.618008 0.010772 0.005912
17 0.842908 0.623920 0.010772 0.005912
12 0.569569 0.533879 0.009874 0.005912
12 0.763465 0.533538 0.009874 0.006139
12 0.667265 0.533652 0.009575 0.006367
12 0.473818 0.533538 0.009874 0.006139
12 0.417415 0.533538 0.009575 0.006139
12 0.280670 0.533538 0.009575 0.006139
12 0.862807 0.533083 0.009874 0.006139
12 0.320616 0.533311 0.009874 0.006594
12 0.744016 0.531378 0.010473 0.005457
12 0.707510 0.531264 0.009276 0.005230
12 0.649910 0.531378 0.008977 0.005457
12 0.609366 0.531378 0.009276 0.005457
12 0.400209 0.531264 0.009874 0.005230
13 0.803262 0.531037 0.009874 0.005684
12 0.512717 0.531264 0.008677 0.006139
12 0.262717 0.531037 0.010174 0.005684
12 0.224117 0.531151 0.008378 0.005912
12 0.901107 0.530582 0.008677 0.005684
12 0.359366 0.530809 0.008378 0.006139
12 0.610263 0.453274 0.009874 0.006594
12 0.454219 0.453274 0.008977 0.006594
11 0.881059 0.452933 0.009276 0.006367
11 0.782914 0.452819 0.009276 0.006594
12 0.419060 0.452819 0.009276 0.006594
12 0.378665 0.452819 0.008677 0.006594
12 0.299372 0.452819 0.009276 0.006594
12 0.282466 0.452819 0.008977 0.006594
12 0.204817 0.452819 0.009276 0.006594
12 0.188061 0.452819 0.009276 0.006594
17 0.197786 0.434288 0.008378 0.003183
12 0.668163 0.452478 0.008977 0.006367
12 0.568671 0.452592 0.009276 0.007049
12 0.512118 0.450773 0.009874 0.006139
12 0.476212 0.450773 0.009874 0.006139
12 0.320018 0.450773 0.009874 0.006139
12 0.550120 0.450318 0.010473 0.006139
12 0.359216 0.450318 0.009276 0.006139
12 0.261670 0.450318 0.009276 0.006139
12 0.225165 0.450318 0.009276 0.006139
12 0.165919 0.450432 0.009276 0.006367
11 0.841861 0.449409 0.009874 0.006139
11 0.744165 0.449409 0.009575 0.006139
12 0.688510 0.449636 0.009575 0.006594
17 0.649761 0.396317 0.009874 0.004548
17 0.649761 0.400864 0.009874 0.004548
17 0.649761 0.387221 0.009874 0.004548
17 0.649761 0.391769 0.009874 0.004548
17 0.551466 0.387449 0.010772 0.005912
17 0.551466 0.393361 0.010772 0.005912
17 0.551466 0.399272 0.010772 0.005912
17 0.454967 0.387335 0.010473 0.005684
17 0.454967 0.393020 0.010473 0.005684
17 0.454967 0.398704 0.010473 0.005684
17 0.261520 0.387335 0.010174 0.005684
17 0.261520 0.393020 0.010174 0.005684
17 0.261520 0.398704 0.010174 0.005684
17 0.359515 0.386312 0.011071 0.004548
17 0.359515 0.395407 0.011071 0.004548
17 0.359515 0.390859 0.011071 0.004548
17 0.359515 0.399955 0.011071 0.004548
17 0.164572 0.386994 0.011370 0.005912
17 0.164572 0.392906 0.011370 0.005912
17 0.164572 0.398818 0.011370 0.005912
12 0.861610 0.299795 0.009874 0.006139
12 0.803112 0.299795 0.009575 0.006139
12 0.764213 0.300023 0.009575 0.006594
12 0.743866 0.297294 0.008977 0.005684
12 0.880760 0.297067 0.008677 0.006139
12 0.862208 0.220441 0.009874 0.007503
12 0.882256 0.219759 0.009276 0.007958
12 0.901406 0.217258 0.009276 0.006594
12 0.839467 0.217258 0.009874 0.006594
17 0.745212 0.217485 0.010473 0.007049
17 0.649761 0.217144 0.011071 0.007731
17 0.551017 0.214529 0.009874 0.006594
17 0.456463 0.214188 0.009874 0.006821
11 0.362507 0.210664 0.011071 0.007049
17 0.264063 0.208390 0.010473 0.006139
17 0.166367 0.208390 0.010174 0.006139
17 0.454967 0.170646 0.010473 0.007049
17 0.454967 0.160414 0.009276 0.006594
17 0.550718 0.170191 0.010473 0.007049
11 0.550419 0.160186 0.009874 0.007049
17 0.261969 0.164620 0.011071 0.005912
17 0.261969 0.170532 0.011071 0.005912
17 0.165470 0.164393 0.011370 0.006367
17 0.165470 0.170759 0.011370 0.006367
17 0.362208 0.162347 0.010473 0.005912
17 0.362208 0.168258 0.010473 0.005912
17 0.744913 0.161664 0.011071 0.006367
17 0.744913 0.168031 0.011071 0.006367
17 0.650509 0.161664 0.011370 0.006367
17 0.650509 0.168031 0.011370 0.006367
17 0.841562 0.154047 0.010473 0.005684
17 0.841562 0.159732 0.010473 0.005684
17 0.841562 0.165416 0.010473 0.005684
12 0.764961 0.091519 0.009276 0.007049
12 0.785308 0.091178 0.009276 0.007276
12 0.690156 0.091064 0.009276 0.007049
12 0.497008 0.090837 0.009575 0.006594
12 0.475314 0.090723 0.009276 0.006367
12 0.401107 0.090609 0.009276 0.006139
12 0.589916 0.090723 0.008677 0.006821
12 0.671005 0.090837 0.008079 0.007503
12 0.571364 0.090155 0.008677 0.007049
12 0.382256 0.090155 0.008677 0.007049
12 0.303860 0.090155 0.009874 0.007049
12 0.283214 0.090268 0.009276 0.007276
12 0.206314 0.089472 0.008677 0.006594
12 0.186864 0.089586 0.009276 0.006821
12 0.804159 0.088677 0.009874 0.005912
11 0.745212 0.088790 0.009276 0.006139
11 0.752992 0.072419 0.006284 0.003411
12 0.649611 0.088904 0.009575 0.006367
12 0.840515 0.088563 0.008977 0.006594
12 0.709455 0.088336 0.009575 0.006139
12 0.551317 0.088449 0.009276 0.006367
12 0.456912 0.088336 0.009575 0.006139
12 0.363704 0.088336 0.008677 0.006139
12 0.609366 0.087881 0.009276 0.006139
12 0.516008 0.087881 0.009276 0.006139
12 0.421454 0.088108 0.009276 0.006594
12 0.263166 0.087767 0.009874 0.005912
12 0.226960 0.087426 0.009276 0.006139
12 0.323459 0.087085 0.008977 0.006367
12 0.166517 0.086630 0.009276 0.006367
18 0.143477 0.064006 0.006284 0.003865
18 0.143327 0.069236 0.005386 0.003411
12 0.073908 0.063097 0.004189 0.003865
0 0.095003 0.616303 0.023040 0.023420
2 0.092908 0.198613 0.021245 0.019327
1 0.095901 0.073329 0.022442 0.034334
2 0.091712 0.244770 0.020048 0.019782
0 0.097098 0.862551 0.022442 0.023874
0 0.095003 0.153138 0.023040 0.023874
4 0.140485 0.480332 0.008677 0.016144
1 0.093208 0.304798 0.021843 0.039791
4 0.890036 0.757049 0.009276 0.016598
0 0.095601 0.814347 0.021843 0.031151
2 0.094105 0.660869 0.016457 0.017053
0 0.093806 0.346180 0.021843 0.032515
2 0.091712 0.477831 0.016457 0.018417
2 0.093806 0.707253 0.018253 0.017963
1 0.093806 0.577194 0.021843 0.039791
1 0.808947 0.667235 0.017056 0.025239
0 0.094405 0.386653 0.023040 0.024329
1 0.095003 0.115848 0.021843 0.039336
4 0.156044 0.893702 0.008677 0.016144
4 0.156344 0.868008 0.009276 0.015689
4 0.829294 0.159050 0.009874 0.015689
4 0.141682 0.245907 0.009874 0.014779
0 0.123728 0.812074 0.017056 0.019327
4 0.119240 0.762733 0.009276 0.012506
2 0.093208 0.432356 0.018253 0.018417
4 0.140186 0.533993 0.009276 0.014325
4 0.142280 0.709300 0.009874 0.016598
1 0.098294 0.910300 0.022442 0.040246
4 0.125075 0.439063 0.008378 0.013188
4 0.140934 0.434516 0.008977 0.015007
4 0.116697 0.429968 0.008378 0.015007
4 0.133453 0.425421 0.008378 0.013188
4 0.125972 0.114370 0.008977 0.013188
4 0.118492 0.106185 0.008378 0.015007
4 0.141233 0.614143 0.008378 0.011369
4 0.123878 0.203274 0.008378 0.013643
4 0.140335 0.199864 0.007780 0.015007
4 0.116697 0.194407 0.008378 0.015916
4 0.131658 0.191223 0.008378 0.015916
4 0.140934 0.384720 0.008977 0.015462
4 0.128965 0.951569 0.007780 0.015007
4 0.121484 0.942701 0.008378 0.013643
4 0.143028 0.859936 0.008378 0.015462
4 0.142729 0.151205 0.008977 0.015916
4 0.134051 0.141883 0.008378 0.013643
4 0.117893 0.339018 0.008378 0.013188
4 0.143627 0.814006 0.008378 0.012733
4 0.136744 0.804684 0.007780 0.011369
4 0.123279 0.575944 0.008378 0.013188
4 0.115500 0.566394 0.008378 0.014097
4 0.141831 0.662574 0.008378 0.014552
4 0.141532 0.344930 0.007780 0.014097
4 0.133453 0.336517 0.008378 0.013643
4 0.119988 0.900637 0.007780 0.012278
4 0.125673 0.302638 0.008378 0.015916
4 0.116996 0.293543 0.007780 0.014097
4 0.124177 0.248522 0.008977 0.015007
4 0.116697 0.241019 0.008378 0.013643
4 0.142729 0.766485 0.008977 0.013188
4 0.134949 0.757844 0.007780 0.014097
4 0.140634 0.571623 0.008378 0.014552
4 0.132256 0.563438 0.008378 0.013643
4 0.125374 0.153934 0.008977 0.015007
4 0.117893 0.145748 0.008378 0.015916
4 0.141831 0.299454 0.008378 0.015916
4 0.134351 0.291269 0.008977 0.016826
4 0.117594 0.474307 0.007780 0.015462
4 0.119390 0.702592 0.008977 0.012733
4 0.116098 0.528422 0.008378 0.013643
4 0.135697 0.104025 0.009276 0.015689
5 0.141532 0.109027 0.008977 0.015689
4 0.117744 0.608572 0.009276 0.015689
5 0.124776 0.616075 0.008977 0.015689
4 0.117145 0.380059 0.009276 0.015689
5 0.124327 0.385971 0.009276 0.015689
4 0.131358 0.378013 0.008977 0.015689
4 0.136894 0.941223 0.009276 0.015689
4 0.143926 0.948727 0.008977 0.015689
4 0.121335 0.856412 0.009276 0.015689
4 0.128516 0.861187 0.009276 0.015689
4 0.135548 0.851864 0.008977 0.015689
4 0.118642 0.657458 0.009276 0.015689
5 0.125972 0.657458 0.008977 0.015689
4 0.131209 0.471237 0.009276 0.015689
4 0.125524 0.482606 0.009276 0.015689
4 0.096798 0.778422 0.009276 0.013415
5 0.102633 0.778422 0.008977 0.013415
4 0.090215 0.773874 0.009276 0.015689
4 0.100239 0.767963 0.008977 0.015689
4 0.088121 0.539677 0.009276 0.015689
5 0.100838 0.535130 0.008977 0.015689
4 0.103232 0.946680 0.008977 0.015689
4 0.133004 0.699977 0.009276 0.015689
4 0.127319 0.710891 0.009276 0.015689
5 0.125524 0.528763 0.009276 0.015689
4 0.131358 0.525807 0.008977 0.015689