9 0.128469 0.949262 0.006864 0.009762
8 0.690242 0.949262 0.013130 0.029739
10 0.474485 0.937911 0.006565 0.004313
8 0.872277 0.943814 0.013130 0.020204
7 0.608774 0.941317 0.012534 0.013394
7 0.534169 0.941544 0.012534 0.013848
10 0.500746 0.936663 0.007759 0.002724
7 0.779469 0.940863 0.012534 0.014756
6 0.211877 0.937798 0.008953 0.012259
6 0.359147 0.940749 0.009848 0.019523
10 0.548344 0.881158 0.008057 0.002951
8 0.809460 0.877526 0.011041 0.024745
8 0.703820 0.877299 0.012235 0.025653
7 0.601164 0.876050 0.007460 0.017707
7 0.386899 0.876844 0.012235 0.041544
10 0.371531 0.858343 0.008356 0.001816
10 0.268129 0.832123 0.006267 0.002043
10 0.480752 0.832123 0.006565 0.003405
10 0.478066 0.827355 0.005968 0.002951
6 0.361086 0.820885 0.009549 0.019523
7 0.819308 0.802951 0.012235 0.006810
8 0.827663 0.765380 0.008654 0.007491
10 0.400925 0.756073 0.018204 0.004767
7 0.160698 0.758343 0.011638 0.013848
8 0.263056 0.763337 0.009848 0.025199
7 0.309311 0.758116 0.011638 0.014756
10 0.371382 0.754030 0.008057 0.004313
10 0.862877 0.748127 0.007460 0.002951
7 0.872725 0.756981 0.011638 0.020658
10 0.779320 0.746765 0.006267 0.002497
9 0.850045 0.755165 0.010445 0.002951
8 0.706506 0.758797 0.011041 0.030193
10 0.839899 0.704654 0.007460 0.005448
10 0.758132 0.702043 0.008654 0.002043
10 0.758132 0.699546 0.006267 0.002497
7 0.215010 0.702043 0.012235 0.002951
10 0.607132 0.637117 0.012235 0.004313
10 0.161594 0.632123 0.006864 0.003859
10 0.184572 0.628263 0.006267 0.003405
10 0.334975 0.627809 0.006267 0.002951
9 0.621158 0.628944 0.006864 0.023383
6 0.858102 0.622588 0.009251 0.019750
6 0.736646 0.620999 0.009848 0.019750
9 0.758430 0.572645 0.011041 0.023837
9 0.903163 0.572645 0.004476 0.022474
9 0.878991 0.551986 0.007460 0.021112
10 0.757833 0.538820 0.007460 0.002497
9 0.159803 0.508854 0.007460 0.034279
10 0.530886 0.504540 0.008356 0.004313
10 0.453894 0.503632 0.005968 0.004767
10 0.399135 0.503405 0.006267 0.005221
9 0.201731 0.503746 0.007759 0.030420
10 0.319905 0.501135 0.010146 0.004767
7 0.859893 0.501135 0.012832 0.013848
9 0.737392 0.501135 0.009549 0.025199
8 0.861385 0.440976 0.012235 0.007946
6 0.737541 0.444608 0.009251 0.019296
10 0.639958 0.437117 0.007460 0.002951
10 0.607132 0.429398 0.006267 0.002043
10 0.877499 0.399205 0.015816 0.002497
9 0.358400 0.393076 0.010146 0.021566
6 0.737989 0.387401 0.010146 0.020204
10 0.572814 0.379001 0.007460 0.002951
10 0.531632 0.378774 0.007460 0.002497
10 0.456431 0.378320 0.008654 0.002951
10 0.323635 0.378093 0.006864 0.002951
10 0.246046 0.378093 0.006864 0.002951
9 0.814235 0.383087 0.008057 0.024745
9 0.799164 0.387174 0.005968 0.047446
8 0.885258 0.312486 0.012832 0.007946
8 0.791853 0.312826 0.009848 0.009081
8 0.680245 0.312486 0.011041 0.008400
7 0.371680 0.315210 0.012235 0.013848
8 0.577589 0.311805 0.011041 0.007491
7 0.355267 0.311691 0.009251 0.012713
8 0.497911 0.311691 0.012832 0.007719
6 0.400328 0.314075 0.009848 0.018842
10 0.706207 0.267991 0.007460 0.002043
10 0.687108 0.266402 0.017010 0.005221
7 0.605043 0.254370 0.012832 0.014302
9 0.742614 0.254824 0.008654 0.043814
9 0.716055 0.247333 0.011638 0.023383
9 0.658759 0.198524 0.008057 0.031101
9 0.855416 0.198524 0.008654 0.033371
10 0.575798 0.195346 0.008057 0.005221
9 0.637571 0.198297 0.008654 0.033825
10 0.212026 0.194552 0.007460 0.004994
9 0.794241 0.197730 0.011638 0.036776
9 0.228141 0.199546 0.008654 0.029058
9 0.266338 0.194892 0.008654 0.026107
8 0.885557 0.192849 0.011638 0.029285
9 0.297672 0.196481 0.011638 0.026561
10 0.443002 0.187628 0.006267 0.002951
10 0.229036 0.187401 0.006864 0.002951
10 0.479708 0.141544 0.007460 0.003405
10 0.677559 0.133825 0.010445 0.005221
7 0.499403 0.137117 0.012235 0.013621
8 0.577290 0.133825 0.011638 0.008400
10 0.178902 0.128150 0.007460 0.002043
6 0.516711 0.135641 0.009848 0.019296
7 0.685318 0.081612 0.012832 0.013394
9 0.636974 0.083882 0.009251 0.027469
7 0.498508 0.081271 0.012832 0.014529
6 0.516115 0.080704 0.009848 0.018388
10 0.214414 0.070148 0.008057 0.003178
12 0.455834 0.958002 0.009848 0.006356
11 0.162190 0.955846 0.008654 0.005675
11 0.307371 0.955165 0.008356 0.005675
12 0.746494 0.941544 0.009848 0.006129
12 0.702925 0.941657 0.008654 0.006356
18 0.120710 0.940295 0.005670 0.003632
12 0.641600 0.941430 0.010146 0.006356
12 0.499403 0.939274 0.007460 0.006129
12 0.838556 0.939047 0.007162 0.006129
12 0.899881 0.938593 0.009251 0.006129
12 0.575649 0.936436 0.008953 0.006356
12 0.747389 0.903973 0.009848 0.007264
12 0.755745 0.882520 0.007460 0.005221
12 0.755745 0.887741 0.007460 0.005221
12 0.754551 0.873780 0.003879 0.004540
12 0.641600 0.903632 0.008356 0.007037
11 0.649806 0.873212 0.005670 0.007491
13 0.838556 0.901930 0.009549 0.006356
11 0.846911 0.870829 0.005968 0.005448
12 0.457625 0.901362 0.009848 0.006583
11 0.308863 0.899319 0.008953 0.005675
11 0.162340 0.899432 0.008356 0.006356
13 0.575798 0.899092 0.009251 0.006129
18 0.499254 0.897616 0.007759 0.005448
12 0.498806 0.882860 0.008057 0.006356
18 0.128768 0.885925 0.006864 0.003859
18 0.128618 0.891260 0.005968 0.003632
12 0.703521 0.885812 0.009251 0.006356
12 0.704118 0.871283 0.004476 0.005448
12 0.660101 0.885812 0.009549 0.006356
12 0.808863 0.885471 0.009848 0.006129
14 0.809758 0.871623 0.005670 0.005675
12 0.768726 0.885244 0.009549 0.006129
13 0.548642 0.883314 0.008057 0.005448
12 0.479857 0.882860 0.007759 0.004994
12 0.903760 0.882406 0.008654 0.004540
12 0.859445 0.882974 0.009549 0.005675
12 0.520740 0.883201 0.008953 0.006129
13 0.366159 0.881612 0.006565 0.004767
12 0.359743 0.872985 0.009251 0.006129
13 0.365115 0.874574 0.009251 0.006129
13 0.266935 0.881612 0.007460 0.004767
13 0.260967 0.872645 0.007460 0.004994
13 0.217547 0.881725 0.007759 0.004994
13 0.219188 0.876050 0.004476 0.003632
12 0.213071 0.872304 0.008953 0.006129
13 0.416741 0.881385 0.006267 0.004767
12 0.410474 0.872985 0.009251 0.006129
13 0.417338 0.875028 0.009251 0.006129
11 0.335721 0.881385 0.006565 0.004767
11 0.336914 0.875482 0.005372 0.003859
12 0.329155 0.872872 0.007759 0.005448
12 0.188153 0.881498 0.007460 0.004994
14 0.189645 0.874915 0.005073 0.004540
11 0.182334 0.872872 0.008953 0.005902
12 0.623694 0.881385 0.009549 0.006129
12 0.239928 0.880704 0.005968 0.006583
12 0.233811 0.872531 0.008057 0.004767
12 0.595494 0.880363 0.009848 0.006810
12 0.389138 0.878661 0.006565 0.010216
12 0.382423 0.872418 0.008654 0.004994
12 0.479409 0.829966 0.009848 0.006356
12 0.501194 0.827128 0.009848 0.006129
12 0.457475 0.824745 0.009549 0.005902
12 0.520740 0.824745 0.009549 0.006356
13 0.747389 0.824291 0.009251 0.005902
14 0.809907 0.823610 0.008953 0.004994
14 0.783199 0.823950 0.009251 0.006129
13 0.823784 0.821339 0.009251 0.005902
13 0.796329 0.821453 0.009251 0.006129
12 0.578335 0.821680 0.009549 0.006583
13 0.765592 0.821226 0.008654 0.006129
12 0.676664 0.821226 0.008654 0.007037
11 0.310355 0.819410 0.008953 0.005675
12 0.875560 0.818956 0.008953 0.005675
12 0.643539 0.819183 0.009251 0.006129
12 0.841689 0.816005 0.009848 0.006129
12 0.214861 0.809194 0.008953 0.005675
13 0.277678 0.809194 0.009251 0.006129
11 0.160997 0.806243 0.009251 0.006129
14 0.261862 0.806129 0.008654 0.006356
12 0.212474 0.772077 0.008953 0.005448
12 0.183826 0.772077 0.008953 0.005902
11 0.262011 0.771850 0.008953 0.005902
12 0.233512 0.771850 0.009251 0.005902
12 0.458520 0.771737 0.009251 0.006129
13 0.413160 0.771510 0.008057 0.005675
12 0.381677 0.771964 0.009549 0.006583
13 0.360937 0.771623 0.008654 0.005902
12 0.333483 0.771510 0.008654 0.006129
12 0.643688 0.768445 0.009549 0.006356
11 0.651895 0.751078 0.005670 0.008400
12 0.611907 0.766288 0.009251 0.005675
12 0.662638 0.766175 0.009251 0.005902
12 0.841987 0.765494 0.008654 0.005902
11 0.849299 0.750624 0.006565 0.004313
12 0.520889 0.763678 0.009848 0.005902
12 0.577589 0.763451 0.009848 0.006356
13 0.903462 0.762656 0.008654 0.005675
18 0.903909 0.749830 0.004775 0.003632
12 0.863772 0.762997 0.009251 0.006356
12 0.781558 0.762656 0.008953 0.006129
12 0.500149 0.761067 0.008953 0.005675
12 0.748135 0.760499 0.009549 0.005448
12 0.480304 0.758002 0.009848 0.006810
12 0.705461 0.751419 0.004775 0.004540
12 0.705610 0.765948 0.009251 0.005448
11 0.496270 0.704654 0.010146 0.004994
12 0.503581 0.680477 0.008057 0.005675
11 0.163086 0.701816 0.009848 0.006129
12 0.252760 0.701703 0.010146 0.006356
12 0.542375 0.697843 0.006267 0.005902
12 0.551179 0.682293 0.008953 0.007491
13 0.705610 0.688422 0.009251 0.005675
13 0.643241 0.688309 0.009251 0.005902
13 0.677111 0.688195 0.009549 0.006129
12 0.457923 0.688082 0.009848 0.005902
12 0.362728 0.685812 0.008654 0.005902
14 0.905252 0.685812 0.009251 0.006356
12 0.612205 0.685698 0.009251 0.006129
13 0.691883 0.685358 0.008057 0.005902
12 0.661594 0.685585 0.008953 0.006356
13 0.875112 0.685131 0.008654 0.005902
14 0.429573 0.685585 0.009251 0.007264
13 0.842286 0.684790 0.008654 0.007037
13 0.720531 0.684449 0.008654 0.006810
12 0.784542 0.682860 0.008356 0.006356
11 0.308415 0.682633 0.009251 0.006356
14 0.412265 0.682974 0.008654 0.007491
13 0.891376 0.682066 0.008356 0.006129
12 0.578036 0.682520 0.008953 0.007037
13 0.861534 0.681952 0.008953 0.006810
14 0.919427 0.681612 0.008953 0.007037
12 0.749478 0.679682 0.009251 0.006356
12 0.480901 0.676844 0.009251 0.007037
11 0.685318 0.633485 0.009848 0.006583
11 0.814682 0.633485 0.009549 0.007037
11 0.533423 0.630647 0.009251 0.005902
17 0.400627 0.630760 0.010445 0.006583
11 0.184423 0.630306 0.008356 0.005675
12 0.160101 0.630306 0.008654 0.005675
12 0.336318 0.630079 0.008953 0.005675
11 0.304834 0.630079 0.009251 0.005675
12 0.279320 0.630193 0.009549 0.005902
11 0.215160 0.630306 0.009549 0.006583
12 0.627126 0.622701 0.009251 0.006356
12 0.587287 0.622701 0.008953 0.006356
11 0.859147 0.580590 0.005968 0.006583
12 0.860191 0.565607 0.009251 0.006583
12 0.859743 0.552213 0.008356 0.005221
12 0.859743 0.557435 0.008356 0.005221
11 0.899881 0.578661 0.006864 0.004540
12 0.908833 0.565607 0.009848 0.006129
13 0.908833 0.559478 0.009848 0.006129
13 0.908684 0.551986 0.008356 0.004767
17 0.737989 0.579342 0.005968 0.006356
12 0.737839 0.552327 0.009251 0.004994
12 0.737839 0.557321 0.009251 0.004994
11 0.746344 0.541430 0.007162 0.004086
12 0.737989 0.565834 0.009549 0.006583
12 0.769621 0.577526 0.005968 0.003632
12 0.686810 0.576617 0.009848 0.006356
12 0.813787 0.576277 0.009549 0.006129
12 0.839451 0.565948 0.007759 0.005448
12 0.840048 0.558456 0.007162 0.003178
12 0.840645 0.552100 0.008356 0.004994
12 0.589376 0.565721 0.009549 0.005902
12 0.588481 0.555505 0.008953 0.006356
17 0.778723 0.565721 0.009251 0.006356
13 0.778723 0.552554 0.009848 0.004994
13 0.778723 0.557548 0.009848 0.004994
12 0.758430 0.565834 0.008654 0.006583
12 0.758878 0.552213 0.009549 0.004767
12 0.758878 0.556981 0.009549 0.004767
12 0.880334 0.558116 0.008953 0.003859
12 0.880036 0.551873 0.008953 0.004540
12 0.879887 0.565607 0.009251 0.006583
12 0.626977 0.555505 0.009549 0.006356
12 0.628320 0.565948 0.009251 0.006356
11 0.534617 0.555505 0.009848 0.006356
17 0.162190 0.555732 0.009848 0.007264
17 0.400030 0.555165 0.010445 0.007037
17 0.281558 0.555051 0.009848 0.007264
12 0.712623 0.552781 0.008356 0.004994
12 0.712623 0.557775 0.008356 0.004994
12 0.712623 0.566288 0.008953 0.005675
11 0.279469 0.507264 0.007460 0.004767
11 0.280215 0.500908 0.009549 0.006129
12 0.890928 0.503973 0.008654 0.004540
11 0.815279 0.504086 0.008356 0.004767
11 0.161444 0.501249 0.008953 0.005448
11 0.161444 0.506697 0.008953 0.005448
11 0.531632 0.501135 0.009251 0.005675
11 0.531632 0.506810 0.009251 0.005675
11 0.454342 0.501022 0.009848 0.005902
11 0.454342 0.506924 0.009848 0.005902
11 0.399433 0.501022 0.009251 0.005902
11 0.399433 0.506924 0.009251 0.005902
12 0.628021 0.501022 0.009251 0.006356
12 0.628021 0.507378 0.009251 0.006356
12 0.588481 0.500795 0.010146 0.005902
12 0.588481 0.506697 0.010146 0.005902
11 0.320501 0.498751 0.008953 0.005448
11 0.320501 0.504200 0.008953 0.005448
11 0.202029 0.504313 0.009549 0.005675
11 0.202029 0.498638 0.009549 0.005675
11 0.737839 0.493530 0.006864 0.005448
11 0.686661 0.491146 0.010146 0.006129
13 0.644584 0.453348 0.008953 0.005448
11 0.687556 0.450851 0.009549 0.006356
13 0.629215 0.450624 0.009251 0.006356
11 0.321098 0.450511 0.009549 0.006129
11 0.202925 0.450624 0.009549 0.006810
12 0.589227 0.448241 0.009251 0.004767
11 0.164429 0.448354 0.008953 0.005902
11 0.533124 0.448127 0.008654 0.005902
11 0.280961 0.448127 0.009251 0.005902
17 0.403312 0.447900 0.010445 0.006810
18 0.462399 0.400908 0.005073 0.003632
11 0.636825 0.392281 0.008356 0.004994
11 0.645628 0.372872 0.008654 0.006129
11 0.686810 0.383655 0.009848 0.006356
12 0.572963 0.381271 0.006565 0.005675
12 0.400030 0.381271 0.009251 0.006129
13 0.590272 0.380931 0.006565 0.005902
12 0.530886 0.381158 0.008356 0.006356
14 0.494479 0.380817 0.007162 0.006129
12 0.455685 0.380817 0.008356 0.006129
14 0.438973 0.380590 0.008356 0.005675
14 0.365115 0.380817 0.007460 0.006129
12 0.323336 0.380817 0.007460 0.006129
12 0.203671 0.380817 0.009251 0.006129
14 0.245897 0.380704 0.007162 0.006356
14 0.921665 0.378434 0.009251 0.006356
13 0.606535 0.378434 0.009251 0.006356
12 0.558639 0.378320 0.008953 0.006129
13 0.481200 0.378207 0.008057 0.006356
12 0.860788 0.378207 0.009251 0.006810
14 0.352432 0.377980 0.009549 0.006356
11 0.281110 0.377980 0.009549 0.006356
14 0.231274 0.377980 0.009549 0.006356
14 0.424649 0.377980 0.009549 0.006810
11 0.164130 0.377753 0.009549 0.006356
13 0.630110 0.375823 0.008654 0.005675
14 0.909728 0.375596 0.009251 0.006129
11 0.816323 0.375823 0.008654 0.006583
18 0.354223 0.312713 0.009549 0.005675
17 0.165473 0.312259 0.009251 0.006129
17 0.268129 0.312259 0.010445 0.006583
17 0.165473 0.269467 0.011041 0.006810
11 0.559087 0.251646 0.009251 0.006129
17 0.356461 0.251192 0.009848 0.007037
17 0.356162 0.234506 0.010445 0.007719
17 0.267830 0.250965 0.010445 0.006583
14 0.742913 0.249376 0.006864 0.008400
14 0.716801 0.246765 0.007162 0.005902
12 0.674575 0.246765 0.008057 0.005902
11 0.778574 0.244495 0.010146 0.005902
12 0.760221 0.244495 0.008057 0.005902
12 0.898836 0.244495 0.009549 0.006356
11 0.875112 0.244608 0.009848 0.006583
12 0.855566 0.244608 0.006565 0.006583
12 0.807819 0.244495 0.008356 0.006356
14 0.703372 0.244268 0.008953 0.006356
11 0.639063 0.243700 0.009251 0.006583
12 0.444345 0.241544 0.004775 0.003632
11 0.518800 0.241090 0.009251 0.006810
11 0.478066 0.237684 0.008953 0.005902
12 0.165175 0.202611 0.009251 0.006583
11 0.165175 0.189898 0.009251 0.005675
11 0.856013 0.199659 0.005670 0.003859
11 0.856312 0.192054 0.008057 0.004086
12 0.188750 0.200227 0.008654 0.005902
11 0.131453 0.196141 0.005073 0.003632
12 0.604745 0.196027 0.006267 0.003859
12 0.603850 0.189784 0.008057 0.004994
12 0.229633 0.195460 0.008057 0.004540
12 0.229335 0.189330 0.009848 0.004994
18 0.198896 0.195460 0.007460 0.004540
18 0.199194 0.200114 0.007460 0.004767
11 0.761713 0.193076 0.008057 0.005675
11 0.761713 0.198751 0.008057 0.005675
17 0.639511 0.192736 0.008953 0.005448
12 0.639511 0.198184 0.008953 0.005448
11 0.576694 0.192849 0.009251 0.005675
11 0.576694 0.198524 0.009251 0.005675
12 0.558341 0.198524 0.008953 0.005675
12 0.558341 0.192849 0.008953 0.005675
11 0.660848 0.192736 0.008654 0.005902
11 0.660848 0.198638 0.008654 0.005902
13 0.430170 0.192509 0.009251 0.006356
13 0.400627 0.192509 0.008654 0.006356
12 0.212325 0.192168 0.009251 0.005675
12 0.212325 0.197843 0.009251 0.005675
17 0.478215 0.192054 0.009848 0.006356
17 0.478215 0.198411 0.009848 0.006356
12 0.886004 0.190919 0.008356 0.004994
11 0.886004 0.195914 0.008356 0.004994
13 0.682483 0.190238 0.005968 0.004540
12 0.692181 0.198638 0.008057 0.005902
12 0.683378 0.195119 0.007162 0.005675
13 0.443301 0.190238 0.007460 0.005448
11 0.794539 0.195460 0.008654 0.005448
11 0.794539 0.190011 0.008654 0.005448
13 0.414802 0.190011 0.009549 0.005902
12 0.385109 0.190125 0.008654 0.006129
11 0.297822 0.189671 0.008953 0.005675
11 0.297822 0.195346 0.008953 0.005675
12 0.354969 0.187174 0.009251 0.006129
11 0.267830 0.186833 0.008057 0.005448
11 0.267830 0.192281 0.008057 0.005448
17 0.141003 0.184904 0.005670 0.003405
18 0.141600 0.179342 0.006267 0.003632
12 0.167860 0.144495 0.008057 0.005675
11 0.884960 0.142792 0.008654 0.006356
11 0.793196 0.142679 0.008953 0.006583
17 0.269173 0.141884 0.010146 0.006356
17 0.269173 0.148241 0.010146 0.006356
11 0.212474 0.141771 0.008953 0.006583
12 0.189048 0.141657 0.008654 0.006356
11 0.357356 0.141998 0.009848 0.007491
11 0.760668 0.139387 0.007162 0.005448
12 0.480155 0.139614 0.009549 0.005902
18 0.678007 0.134279 0.005968 0.004313
12 0.809161 0.093530 0.009848 0.003178
11 0.315876 0.085585 0.009251 0.006356
12 0.477022 0.083655 0.009251 0.005221
17 0.358550 0.080704 0.009848 0.007491
11 0.638317 0.079228 0.007759 0.005448
12 0.790660 0.074347 0.006267 0.005221
12 0.884512 0.074234 0.006565 0.005448
14 0.831841 0.074234 0.006864 0.005448
11 0.269621 0.073099 0.009251 0.005902
11 0.214712 0.072758 0.008654 0.006583
14 0.910624 0.071396 0.006267 0.005221
11 0.856759 0.071964 0.008953 0.006356
14 0.821247 0.071737 0.008356 0.006810
12 0.076843 0.070715 0.004476 0.004767
11 0.760370 0.071510 0.008953 0.006810
11 0.167860 0.069580 0.008057 0.006583
11 0.577141 0.069012 0.008953 0.005902
11 0.557296 0.066629 0.009251 0.006583
0 0.095942 0.697957 0.021188 0.032009
0 0.101015 0.191714 0.022978 0.023837
3 0.286929 0.191941 0.006864 0.014756
4 0.177708 0.201249 0.009251 0.013848
3 0.616085 0.450057 0.007460 0.021566
4 0.320352 0.771737 0.009848 0.016572
3 0.616682 0.374915 0.006864 0.020204
2 0.094151 0.313394 0.018204 0.019296
3 0.446583 0.769694 0.006864 0.016572
0 0.097135 0.821907 0.022978 0.023837
2 0.098627 0.251646 0.017010 0.019296
0 0.097583 0.500908 0.022680 0.024745
3 0.802895 0.372645 0.006864 0.015664
4 0.630409 0.769467 0.009251 0.015664
4 0.830648 0.685698 0.009251 0.017026
3 0.442554 0.501362 0.007162 0.021112
4 0.137123 0.933371 0.009251 0.013394
4 0.137422 0.877072 0.008654 0.015210
4 0.170845 0.771964 0.009251 0.016572
3 0.800209 0.632350 0.010445 0.022020
4 0.297971 0.819183 0.009251 0.016118
3 0.632199 0.819637 0.006864 0.017026
3 0.863772 0.819183 0.006864 0.017026
3 0.673381 0.492054 0.007460 0.019750
1 0.441510 0.259591 0.017607 0.025199
3 0.672486 0.576050 0.007460 0.019750
4 0.444793 0.957208 0.009251 0.014756
4 0.735004 0.941090 0.009549 0.014302
3 0.800507 0.574007 0.009251 0.017934
3 0.673381 0.448468 0.007460 0.017026
2 0.093256 0.565153 0.021188 0.019750
2 0.095494 0.940182 0.016115 0.018842
2 0.096240 0.884790 0.018204 0.019750
2 0.093853 0.620545 0.019397 0.020658
1 0.096538 0.442338 0.021188 0.033825
4 0.469263 0.882974 0.009848 0.016118
4 0.487616 0.939047 0.010146 0.016572
4 0.445389 0.902043 0.009848 0.015210
3 0.671889 0.631215 0.008057 0.016572
3 0.576246 0.501589 0.007162 0.021112
4 0.736347 0.903859 0.009251 0.017026
4 0.119964 0.560726 0.008356 0.015891
4 0.135482 0.558229 0.008356 0.015437
4 0.136974 0.745743 0.008953 0.014529
4 0.127425 0.699432 0.008356 0.015437
4 0.119666 0.691487 0.008356 0.014075
4 0.136079 0.688082 0.008953 0.015437
0 0.101164 0.130988 0.020889 0.029058
4 0.122352 0.310102 0.008356 0.013167
4 0.129215 0.444041 0.008356 0.014983
4 0.137869 0.431555 0.008953 0.014529
4 0.119367 0.618615 0.007759 0.013621
4 0.123844 0.246765 0.009549 0.013621
0 0.132498 0.076277 0.008356 0.013167
4 0.121456 0.491941 0.008356 0.013621
4 0.120263 0.814302 0.008953 0.015437
3 0.829752 0.559251 0.009251 0.016572
4 0.095643 0.080704 0.009251 0.016572
4 0.107729 0.074574 0.008953 0.016572
5 0.130260 0.381498 0.009251 0.016572
4 0.138765 0.376731 0.008953 0.016572
4 0.128768 0.500454 0.009251 0.016572
4 0.137272 0.493871 0.008953 0.016572
4 0.128768 0.820999 0.009251 0.016572
4 0.135780 0.814869 0.008953 0.016572
3 0.701432 0.556073 0.009251 0.016572
4 0.090570 0.388990 0.009251 0.016572
4 0.103551 0.384449 0.008953 0.016572
4 0.089675 0.758797 0.009251 0.016572
5 0.102358 0.754938 0.008953 0.016572