8 0.235883 0.933780 0.012250 0.007497
6 0.512847 0.936279 0.011652 0.012949
7 0.442336 0.936279 0.011652 0.013857
7 0.598596 0.933553 0.012250 0.008405
8 0.574694 0.936506 0.012250 0.014312
10 0.817897 0.931736 0.012250 0.005225
6 0.350612 0.935825 0.009860 0.017946
6 0.638930 0.934802 0.010457 0.018174
10 0.407380 0.888801 0.008067 0.003408
8 0.188975 0.884030 0.013445 0.017946
8 0.271138 0.883803 0.012847 0.018401
8 0.376606 0.883008 0.013445 0.018628
7 0.599193 0.878351 0.011652 0.009768
8 0.573499 0.882894 0.012847 0.018855
8 0.467732 0.882894 0.014042 0.018855
8 0.512847 0.882213 0.013445 0.019309
8 0.818793 0.875170 0.012250 0.007497
6 0.639229 0.877328 0.009262 0.018628
10 0.791903 0.826102 0.011055 0.002953
10 0.791306 0.823830 0.011055 0.002953
8 0.574993 0.819514 0.013445 0.019309
8 0.657753 0.819514 0.012847 0.018855
8 0.758440 0.816333 0.013445 0.013403
8 0.847475 0.818832 0.013445 0.020218
10 0.167463 0.764312 0.006274 0.004771
10 0.351808 0.762040 0.006872 0.004771
10 0.203316 0.760677 0.007469 0.004771
9 0.306095 0.761586 0.007469 0.031122
10 0.223036 0.755452 0.008664 0.004316
8 0.187481 0.757724 0.012847 0.018855
8 0.468629 0.757269 0.012250 0.018401
8 0.268748 0.761358 0.012847 0.027033
8 0.374813 0.761926 0.013445 0.029078
10 0.405288 0.745002 0.007469 0.004771
10 0.755751 0.699341 0.006274 0.004771
8 0.655811 0.700023 0.013744 0.018855
8 0.206005 0.695025 0.012250 0.009768
8 0.573947 0.698433 0.013744 0.016129
8 0.510756 0.696615 0.013445 0.012494
8 0.846430 0.696161 0.013744 0.012949
8 0.775620 0.700931 0.005976 0.021581
7 0.442635 0.696842 0.012250 0.013857
10 0.807738 0.692526 0.007469 0.003862
9 0.672841 0.700931 0.010756 0.032485
6 0.245294 0.696615 0.008963 0.018401
6 0.351061 0.695479 0.008963 0.017946
9 0.596952 0.695706 0.009561 0.031577
8 0.701076 0.690936 0.006872 0.026124
9 0.613983 0.691845 0.010158 0.035666
7 0.215566 0.625284 0.012250 0.013857
7 0.438452 0.624602 0.012250 0.013857
7 0.659845 0.623921 0.010457 0.013857
10 0.849567 0.620059 0.012250 0.005225
6 0.270840 0.624148 0.009262 0.017946
6 0.687929 0.623239 0.009262 0.018855
6 0.495518 0.622331 0.009262 0.018401
10 0.409172 0.597115 0.007469 0.002499
10 0.212578 0.592572 0.006274 0.002045
10 0.224231 0.593253 0.009262 0.004316
10 0.253809 0.590073 0.006274 0.002499
10 0.295040 0.588028 0.008664 0.003862
10 0.304004 0.586438 0.006274 0.002499
10 0.244846 0.563494 0.007469 0.002953
7 0.659695 0.514425 0.012549 0.010223
9 0.623992 0.525670 0.004482 0.036801
8 0.847774 0.512154 0.012250 0.007497
6 0.688527 0.515561 0.009262 0.017038
10 0.450403 0.463994 0.008067 0.003408
10 0.304302 0.463766 0.007469 0.003408
10 0.230505 0.463994 0.008067 0.003862
10 0.331192 0.463312 0.008664 0.004316
10 0.705557 0.461268 0.006872 0.004771
10 0.477293 0.456270 0.006872 0.002499
8 0.875560 0.459677 0.012250 0.016129
8 0.809232 0.457860 0.013445 0.012494
9 0.825067 0.451045 0.006872 0.018855
10 0.790409 0.453998 0.006872 0.004771
10 0.837915 0.444911 0.007469 0.002045
7 0.734240 0.461268 0.004482 0.023853
9 0.306394 0.457633 0.008067 0.020218
10 0.299821 0.443321 0.009262 0.004316
10 0.252913 0.442867 0.006274 0.003408
10 0.402301 0.442185 0.007469 0.003408
10 0.544517 0.403339 0.007469 0.004771
10 0.320735 0.400159 0.008067 0.002499
8 0.808037 0.404021 0.012250 0.026579
8 0.710636 0.403794 0.013445 0.015220
6 0.642516 0.401976 0.009860 0.012494
9 0.670302 0.388801 0.004482 0.021581
7 0.593517 0.322240 0.012250 0.013403
7 0.386764 0.321558 0.012250 0.013857
10 0.171646 0.317242 0.006274 0.002953
8 0.292949 0.324057 0.013445 0.019309
7 0.202719 0.321558 0.012250 0.014312
6 0.437556 0.320423 0.009860 0.018855
10 0.665223 0.282031 0.010457 0.005225
9 0.559755 0.258405 0.005079 0.014766
10 0.290857 0.248637 0.006274 0.002953
7 0.285480 0.255452 0.008664 0.022944
10 0.383478 0.229328 0.007469 0.002045
10 0.231700 0.230009 0.014640 0.003862
10 0.511951 0.228419 0.006274 0.002045
10 0.413953 0.225693 0.006274 0.002045
10 0.265163 0.220468 0.009860 0.004771
9 0.200627 0.212290 0.005079 0.018401
9 0.580072 0.215243 0.008664 0.025670
10 0.832835 0.209791 0.009860 0.005225
8 0.624589 0.215016 0.012847 0.018855
8 0.742008 0.212063 0.012250 0.026124
10 0.387063 0.206156 0.006274 0.002045
10 0.415148 0.205475 0.006274 0.004316
10 0.260382 0.200704 0.006274 0.003408
10 0.782342 0.194343 0.008067 0.002499
10 0.902151 0.194230 0.011055 0.003635
10 0.884523 0.162313 0.008067 0.003862
10 0.448611 0.160268 0.006274 0.002045
8 0.258291 0.149818 0.004482 0.017038
10 0.575291 0.154589 0.015835 0.005225
10 0.121153 0.135961 0.006274 0.003862
10 0.302808 0.132781 0.019420 0.004771
9 0.268748 0.143458 0.013445 0.029759
10 0.773230 0.092799 0.007171 0.002953
10 0.903645 0.091776 0.018823 0.005452
10 0.892142 0.086097 0.014939 0.002272
10 0.872572 0.080532 0.006274 0.004771
9 0.292949 0.071218 0.009860 0.026124
9 0.308186 0.070309 0.012847 0.024307
9 0.841201 0.067129 0.006872 0.022490
9 0.885719 0.065311 0.009860 0.027942
9 0.566926 0.070309 0.010457 0.034757
12 0.487601 0.949796 0.008963 0.005452
12 0.549148 0.941731 0.008963 0.005679
12 0.487153 0.893230 0.009860 0.005906
12 0.547953 0.885279 0.009561 0.005452
12 0.122348 0.879259 0.005079 0.004316
13 0.393935 0.875625 0.009860 0.006134
12 0.443830 0.872558 0.009262 0.005452
13 0.419630 0.870286 0.009262 0.006361
13 0.207200 0.866765 0.009262 0.006134
12 0.168509 0.866652 0.007768 0.005906
12 0.248282 0.866084 0.009561 0.005679
13 0.289513 0.865856 0.009561 0.006134
13 0.224231 0.865856 0.009262 0.006134
12 0.352106 0.865402 0.009860 0.006134
13 0.308635 0.865516 0.009561 0.006361
17 0.168957 0.839278 0.010457 0.007497
11 0.352555 0.837006 0.008963 0.006588
13 0.485360 0.827578 0.009860 0.006361
12 0.512549 0.822694 0.009860 0.005679
12 0.548103 0.819968 0.008664 0.005679
18 0.502390 0.818492 0.004482 0.003635
18 0.880639 0.815993 0.009262 0.006361
12 0.905288 0.810995 0.009561 0.005906
12 0.778906 0.810995 0.009561 0.006361
12 0.829101 0.808610 0.008366 0.005225
13 0.807141 0.806111 0.009262 0.005679
12 0.598297 0.801795 0.009860 0.005679
12 0.702271 0.801795 0.008664 0.006134
12 0.738572 0.801227 0.008963 0.005906
12 0.676576 0.801340 0.009860 0.006134
12 0.638930 0.801227 0.009262 0.005906
12 0.616821 0.801113 0.008664 0.006134
12 0.393785 0.771695 0.007171 0.005452
13 0.402301 0.766924 0.006274 0.004089
13 0.418733 0.771468 0.008067 0.005906
13 0.418733 0.762267 0.008067 0.005679
12 0.442486 0.764652 0.008366 0.005906
12 0.442486 0.770559 0.008366 0.005906
13 0.289513 0.762949 0.008963 0.005679
12 0.289513 0.768628 0.008963 0.005679
12 0.486406 0.761926 0.009561 0.005906
11 0.493875 0.746592 0.004780 0.003862
12 0.167912 0.760677 0.009561 0.005679
12 0.167912 0.766356 0.009561 0.005679
12 0.246639 0.760223 0.009262 0.005679
12 0.246639 0.765902 0.009262 0.005679
12 0.351658 0.759200 0.008366 0.005452
12 0.351658 0.764652 0.008366 0.005452
12 0.204960 0.758178 0.009561 0.005225
12 0.204960 0.763403 0.009561 0.005225
12 0.306244 0.756929 0.008963 0.005452
12 0.306244 0.762381 0.008963 0.005452
13 0.512847 0.756588 0.008664 0.006134
17 0.549148 0.754543 0.010756 0.007497
18 0.741111 0.754316 0.009860 0.007497
12 0.223334 0.752840 0.009262 0.005452
12 0.223334 0.758292 0.009262 0.005452
12 0.548103 0.705475 0.008664 0.005679
12 0.547953 0.692072 0.009561 0.006134
12 0.547804 0.677874 0.008664 0.006815
18 0.485958 0.705248 0.007469 0.006134
12 0.486555 0.694684 0.008664 0.005906
17 0.485808 0.681622 0.007768 0.006134
18 0.755602 0.699796 0.004780 0.003408
13 0.879146 0.700023 0.009262 0.006134
13 0.884822 0.702522 0.009262 0.006134
12 0.870332 0.698773 0.004780 0.003635
18 0.128473 0.698319 0.006573 0.003635
18 0.861070 0.696502 0.006573 0.003635
18 0.769047 0.697183 0.007768 0.005906
13 0.779205 0.694571 0.007768 0.006134
12 0.168957 0.695252 0.008664 0.005679
12 0.905139 0.694798 0.009262 0.005679
13 0.904392 0.702522 0.008963 0.005679
12 0.070063 0.696729 0.005677 0.013630
11 0.828354 0.691617 0.008067 0.005679
12 0.828354 0.697297 0.008067 0.005679
13 0.700329 0.690027 0.006573 0.004316
12 0.701823 0.684121 0.007171 0.005225
13 0.805497 0.689459 0.009561 0.004998
13 0.805497 0.694457 0.009561 0.004998
13 0.674783 0.689687 0.009262 0.005452
13 0.674783 0.695139 0.009262 0.005452
11 0.135943 0.687756 0.005976 0.003408
12 0.739020 0.686960 0.008664 0.005452
12 0.739020 0.692413 0.008664 0.005452
11 0.639379 0.686733 0.008963 0.005452
12 0.639379 0.692185 0.008963 0.005452
17 0.119211 0.688323 0.007768 0.009087
13 0.598297 0.684348 0.009262 0.005225
13 0.598297 0.689573 0.009262 0.005225
13 0.615028 0.678214 0.009262 0.004771
13 0.615028 0.682985 0.009262 0.004771
11 0.167613 0.636642 0.009561 0.006588
12 0.627278 0.627101 0.008664 0.006134
17 0.135793 0.620400 0.005677 0.003180
18 0.136540 0.614948 0.007171 0.004089
12 0.392590 0.617106 0.008963 0.006134
13 0.069465 0.595525 0.004482 0.006134
18 0.168509 0.594616 0.006573 0.006134
12 0.168210 0.584280 0.008963 0.006361
12 0.392740 0.583712 0.009262 0.006588
11 0.338064 0.582463 0.007469 0.008178
11 0.346131 0.565425 0.009262 0.005906
12 0.292053 0.565879 0.008664 0.005906
12 0.244547 0.565766 0.008067 0.005679
12 0.189872 0.565879 0.008664 0.005906
12 0.515387 0.565538 0.009561 0.005679
12 0.464446 0.565538 0.008664 0.005679
11 0.411114 0.565652 0.007768 0.005906
13 0.567822 0.565311 0.009262 0.006134
17 0.789812 0.557587 0.009860 0.007497
17 0.629220 0.556906 0.010158 0.006588
18 0.101285 0.521013 0.004780 0.004316
11 0.627726 0.511586 0.008366 0.004998
12 0.627726 0.516583 0.008366 0.004998
17 0.169256 0.510677 0.010457 0.006361
17 0.169256 0.517038 0.010457 0.006361
17 0.394234 0.507951 0.010457 0.005906
17 0.394234 0.513857 0.010457 0.005906
12 0.896923 0.467401 0.008366 0.005225
12 0.896474 0.461268 0.008664 0.005679
12 0.827159 0.467060 0.008664 0.005452
12 0.826262 0.456383 0.009262 0.005906
12 0.922318 0.466379 0.006573 0.004543
12 0.920825 0.461154 0.007171 0.004998
11 0.628025 0.464448 0.008366 0.006134
12 0.627278 0.456724 0.009262 0.005225
13 0.569166 0.464562 0.008963 0.006361
14 0.541380 0.464448 0.009561 0.006134
13 0.496415 0.464448 0.009262 0.006134
18 0.464147 0.464562 0.009262 0.006361
13 0.436510 0.464562 0.008963 0.006361
12 0.393039 0.464448 0.009262 0.006134
11 0.858978 0.464107 0.008963 0.005906
12 0.858381 0.456383 0.008963 0.005906
14 0.344637 0.464334 0.009262 0.006361
14 0.318046 0.464334 0.009262 0.006361
13 0.270690 0.464448 0.009561 0.006588
13 0.242605 0.464562 0.009561 0.006815
13 0.214520 0.464334 0.008963 0.006361
12 0.167015 0.464334 0.008963 0.006361
13 0.554377 0.462063 0.008067 0.005906
14 0.526591 0.462176 0.008664 0.006134
18 0.450254 0.462063 0.008366 0.005906
13 0.424261 0.461836 0.007768 0.005452
18 0.423663 0.450136 0.004780 0.003862
14 0.331790 0.461381 0.008664 0.004998
14 0.304452 0.461495 0.008963 0.005225
13 0.230206 0.461836 0.008664 0.005906
13 0.202271 0.461608 0.008963 0.005452
18 0.643263 0.460473 0.010158 0.007724
18 0.707649 0.456043 0.006274 0.003408
12 0.674186 0.457065 0.008664 0.005452
13 0.672244 0.449000 0.008366 0.005679
18 0.658948 0.457179 0.009262 0.005679
18 0.657753 0.449114 0.009262 0.005906
12 0.842247 0.461722 0.008963 0.005225
12 0.842247 0.456497 0.008963 0.005225
14 0.360472 0.456951 0.008664 0.006134
13 0.256797 0.456611 0.009262 0.006361
12 0.757544 0.454225 0.009262 0.006134
13 0.764117 0.456724 0.009262 0.006134
12 0.730654 0.454225 0.009262 0.006134
13 0.737227 0.456724 0.009262 0.006134
12 0.581864 0.454112 0.009262 0.006361
13 0.473708 0.453771 0.009262 0.006134
12 0.479086 0.453771 0.009262 0.006134
12 0.118763 0.451954 0.006274 0.003862
12 0.689573 0.456951 0.008366 0.004771
12 0.689573 0.452181 0.008366 0.004771
18 0.718853 0.456838 0.007768 0.004998
18 0.718853 0.451840 0.007768 0.004998
12 0.789662 0.451499 0.009561 0.006134
12 0.789662 0.457633 0.009561 0.006134
13 0.896325 0.402658 0.008366 0.005679
11 0.884822 0.403226 0.006872 0.009541
13 0.827607 0.397433 0.008366 0.005225
12 0.922169 0.397660 0.009262 0.006134
12 0.859128 0.395161 0.007469 0.005225
13 0.842097 0.392776 0.008664 0.005906
12 0.729758 0.392776 0.008664 0.005906
11 0.594114 0.389709 0.005079 0.003862
12 0.789364 0.390164 0.008963 0.006134
12 0.690618 0.390164 0.009262 0.006134
12 0.497460 0.389709 0.009561 0.005679
12 0.270093 0.388914 0.009561 0.006361
13 0.658650 0.387892 0.008664 0.006134
13 0.758739 0.387097 0.009262 0.006361
13 0.567971 0.384598 0.008963 0.007269
13 0.675381 0.382553 0.008664 0.005452
11 0.392590 0.382213 0.009561 0.006134
11 0.630863 0.381304 0.009262 0.006134
13 0.344189 0.380622 0.008963 0.006134
11 0.168509 0.380850 0.009561 0.006588
12 0.742605 0.336211 0.008067 0.005452
12 0.884225 0.335756 0.009262 0.006361
18 0.670899 0.325875 0.008664 0.005679
12 0.563639 0.325534 0.008664 0.006361
12 0.167762 0.318605 0.006872 0.005225
12 0.318644 0.316561 0.009860 0.006134
12 0.257992 0.316220 0.010457 0.006361
12 0.359576 0.309064 0.009262 0.005679
12 0.070511 0.289641 0.003585 0.004543
11 0.622199 0.285098 0.006872 0.006361
12 0.622498 0.272035 0.009860 0.006588
12 0.168659 0.284303 0.009262 0.006134
13 0.830146 0.282599 0.009262 0.005452
13 0.742307 0.282712 0.009262 0.005679
12 0.256498 0.281463 0.009860 0.006815
11 0.266955 0.251590 0.010457 0.007951
11 0.597699 0.280554 0.006872 0.006361
11 0.606215 0.254430 0.008366 0.005906
18 0.564535 0.272376 0.009860 0.006361
18 0.126830 0.267946 0.005677 0.003408
13 0.231849 0.265334 0.008963 0.004998
12 0.191216 0.264652 0.007768 0.004998
13 0.910816 0.264425 0.009262 0.006361
12 0.858530 0.264198 0.009860 0.005906
13 0.803257 0.264198 0.009262 0.005906
12 0.762026 0.264312 0.009262 0.006134
12 0.317747 0.262721 0.008664 0.006588
12 0.317598 0.250114 0.007171 0.004998
12 0.278757 0.262608 0.009561 0.006361
13 0.704362 0.254543 0.008664 0.005679
12 0.649388 0.254543 0.008664 0.005679
11 0.580968 0.254430 0.009262 0.005906
17 0.360920 0.254884 0.010756 0.007269
11 0.598745 0.225920 0.008963 0.007042
12 0.606513 0.207406 0.007768 0.005452
11 0.606513 0.212858 0.007768 0.005452
17 0.565731 0.225579 0.006274 0.006361
13 0.910965 0.219105 0.009561 0.006134
13 0.910069 0.210813 0.007768 0.004998
12 0.859128 0.218651 0.008664 0.005679
12 0.858679 0.210927 0.008963 0.005679
13 0.803107 0.218651 0.009561 0.005679
13 0.802510 0.210700 0.008963 0.005225
12 0.763968 0.218423 0.009561 0.006134
12 0.762922 0.210700 0.008664 0.005225
12 0.566179 0.212290 0.009561 0.006134
14 0.231700 0.210359 0.008664 0.006361
13 0.205707 0.210359 0.009262 0.006361
13 0.169256 0.210359 0.009262 0.006361
14 0.540036 0.209564 0.008664 0.006134
14 0.386465 0.208655 0.007469 0.006134
13 0.360173 0.208314 0.007469 0.005906
12 0.704810 0.207633 0.008366 0.005452
12 0.704810 0.213085 0.008366 0.005452
13 0.218106 0.207519 0.007768 0.005225
12 0.191814 0.207746 0.008963 0.005679
12 0.650433 0.207406 0.009561 0.005906
12 0.650433 0.213312 0.009561 0.005906
12 0.581416 0.207179 0.007768 0.005452
12 0.581416 0.212631 0.007768 0.005452
13 0.244398 0.207406 0.007768 0.005906
13 0.400508 0.206270 0.008067 0.005906
12 0.374365 0.205702 0.009561 0.006588
12 0.293546 0.205361 0.009262 0.006361
14 0.526442 0.204453 0.007768 0.005906
13 0.413355 0.203771 0.008664 0.005906
12 0.260084 0.202862 0.008067 0.005906
14 0.514939 0.201954 0.009860 0.006361
12 0.466238 0.201613 0.009860 0.006588
14 0.440544 0.201272 0.009262 0.006815
12 0.452943 0.198773 0.008963 0.005452
13 0.428294 0.198546 0.009262 0.005906
14 0.501195 0.196842 0.008664 0.006134
12 0.489991 0.193662 0.005976 0.003408
14 0.479833 0.189914 0.007768 0.005906
12 0.904691 0.160950 0.005976 0.002953
13 0.912758 0.145616 0.007171 0.005452
12 0.070660 0.164471 0.005677 0.012267
18 0.087690 0.160268 0.006274 0.005679
18 0.475799 0.156520 0.010457 0.005452
12 0.833582 0.153226 0.007768 0.005679
11 0.259337 0.152204 0.008963 0.005452
11 0.268001 0.134257 0.007171 0.006815
11 0.361368 0.150727 0.009860 0.006134
11 0.318345 0.150159 0.008664 0.004998
13 0.318494 0.135166 0.007171 0.006815
12 0.279056 0.149932 0.008963 0.005452
12 0.205707 0.149250 0.008067 0.004089
13 0.716911 0.148114 0.007469 0.006361
12 0.169555 0.146524 0.008664 0.005906
11 0.744996 0.145388 0.008664 0.006361
14 0.706752 0.145275 0.008664 0.006134
14 0.696743 0.142322 0.005378 0.003408
12 0.441888 0.143685 0.009561 0.006134
13 0.686585 0.142776 0.005976 0.005225
13 0.675082 0.137778 0.009860 0.006588
13 0.649686 0.137665 0.009262 0.006361
14 0.623394 0.137210 0.009262 0.005906
12 0.567374 0.136983 0.008963 0.005452
13 0.528384 0.136756 0.009262 0.005906
14 0.635644 0.133803 0.008664 0.006361
13 0.607410 0.133689 0.008366 0.006134
13 0.663878 0.129259 0.008366 0.005906
14 0.073200 0.103021 0.005976 0.003408
12 0.072602 0.088142 0.004183 0.004998
14 0.072154 0.080759 0.003884 0.004316
14 0.072602 0.073716 0.006573 0.006134
12 0.092321 0.077919 0.010756 0.006361
14 0.927846 0.073262 0.009262 0.005225
13 0.320735 0.065652 0.006872 0.005906
14 0.293995 0.065993 0.007768 0.006588
12 0.262175 0.065538 0.008664 0.006588
13 0.913953 0.064743 0.008963 0.006361
14 0.832985 0.064175 0.008963 0.007497
13 0.805647 0.063948 0.008664 0.007042
14 0.778757 0.063835 0.008664 0.006815
13 0.744846 0.063721 0.008963 0.007497
13 0.307888 0.063153 0.008664 0.006361
12 0.206603 0.062926 0.008664 0.005906
13 0.899612 0.062585 0.008366 0.006134
14 0.335375 0.062699 0.009860 0.006361
13 0.279803 0.062358 0.008664 0.006588
12 0.847027 0.060768 0.007768 0.006134
14 0.819092 0.060768 0.008067 0.006134
14 0.791903 0.061109 0.008664 0.006815
13 0.763818 0.060995 0.008664 0.006588
12 0.624739 0.060995 0.007768 0.007042
12 0.171497 0.059632 0.008366 0.007042
11 0.567523 0.058610 0.008067 0.006815
13 0.887212 0.058610 0.009262 0.007269
13 0.859725 0.058042 0.008067 0.007042
11 0.873469 0.055997 0.008067 0.006588
17 0.362563 0.055657 0.010457 0.008632
0 0.095160 0.818151 0.023006 0.023853
2 0.091276 0.572581 0.020615 0.020672
0 0.094562 0.137324 0.021213 0.026124
4 0.429788 0.143912 0.009262 0.015675
5 0.125934 0.881985 0.018823 0.022035
4 0.816403 0.399705 0.008664 0.017038
4 0.379594 0.384030 0.008664 0.016129
4 0.345683 0.308155 0.011353 0.015675
3 0.753062 0.208428 0.006872 0.015220
4 0.136391 0.258178 0.009262 0.013857
4 0.348222 0.209791 0.009860 0.012494
3 0.733045 0.063267 0.008067 0.020218
1 0.091575 0.459450 0.023006 0.040663
5 0.585748 0.681395 0.006872 0.014766
5 0.383777 0.770672 0.009860 0.011586
4 0.277114 0.768401 0.009262 0.016583
4 0.476397 0.681168 0.012847 0.016129
2 0.089483 0.319060 0.018823 0.019764
4 0.248730 0.065084 0.009860 0.016583
4 0.347625 0.254998 0.009860 0.015675
4 0.695399 0.683212 0.011055 0.017038
1 0.092172 0.401068 0.023006 0.040209
2 0.097849 0.936960 0.021811 0.017946
2 0.090977 0.624602 0.020018 0.020218
4 0.155512 0.283394 0.009262 0.015220
2 0.094562 0.880622 0.019420 0.019764
4 0.153720 0.318605 0.009860 0.016583
3 0.793995 0.807020 0.006872 0.016583
4 0.137138 0.740800 0.008366 0.013630
4 0.130266 0.079964 0.010158 0.014993
4 0.121004 0.072240 0.009561 0.016811
4 0.139827 0.068832 0.008963 0.016356
4 0.126979 0.398455 0.008366 0.015902
4 0.136241 0.387324 0.008963 0.014539
0 0.127876 0.576556 0.008366 0.011358
4 0.119211 0.568151 0.008963 0.013630
4 0.136540 0.564970 0.008963 0.013630
4 0.138034 0.807133 0.008963 0.013630
4 0.119510 0.507269 0.008366 0.012721
4 0.135793 0.504771 0.009860 0.014993
4 0.126979 0.324171 0.009561 0.016356
4 0.119211 0.314857 0.008366 0.014085
4 0.135345 0.313267 0.009561 0.015448
4 0.129668 0.143571 0.009561 0.014993
4 0.121900 0.135847 0.008366 0.015902
4 0.119809 0.621081 0.008963 0.013176
5 0.089483 0.077806 0.009262 0.016129
3 0.085898 0.265448 0.009262 0.016129
4 0.097102 0.264539 0.008963 0.016129
4 0.122348 0.933780 0.009262 0.016129
4 0.129967 0.940822 0.008963 0.016129
4 0.121452 0.810881 0.009262 0.016129
3 0.128473 0.816333 0.008963 0.016129
3 0.073050 0.515334 0.009262 0.016129
3 0.081416 0.512154 0.009262 0.016129
4 0.089931 0.518287 0.008963 0.016129
5 0.177024 0.261813 0.009262 0.016129
5 0.071706 0.139141 0.005378 0.016129
3 0.071706 0.156633 0.005378 0.016129
5 0.070511 0.564403 0.002988 0.016129
3 0.070511 0.573716 0.002988 0.016129
4 0.086495 0.699341 0.009262 0.016129
5 0.100090 0.694571 0.008963 0.016129
4 0.120257 0.201613 0.009262 0.016129
4 0.129519 0.209337 0.009262 0.016129
4 0.138930 0.198887 0.008963 0.016129
4 0.086495 0.756588 0.009262 0.016129
5 0.099193 0.752499 0.008963 0.016129