10 0.349791 0.946112 0.005984 0.002729
10 0.149611 0.940427 0.006583 0.004093
7 0.221125 0.939404 0.011969 0.012506
7 0.203471 0.939859 0.010174 0.013415
7 0.441053 0.938495 0.011370 0.012506
7 0.421604 0.938495 0.010772 0.012506
7 0.330940 0.939177 0.011370 0.013870
7 0.313585 0.938722 0.012567 0.012960
7 0.555955 0.938495 0.011370 0.013415
7 0.536505 0.938040 0.011969 0.012506
7 0.645422 0.937358 0.010772 0.012051
7 0.750150 0.935994 0.011969 0.012051
8 0.864452 0.932583 0.011969 0.008868
6 0.667864 0.934402 0.007780 0.017053
6 0.772292 0.933720 0.009575 0.017508
6 0.884201 0.933492 0.010772 0.018872
6 0.730700 0.934402 0.004189 0.022510
7 0.331837 0.899841 0.011969 0.013415
7 0.438659 0.898931 0.011370 0.012506
9 0.556553 0.890746 0.006583 0.017963
7 0.286355 0.895066 0.011969 0.012960
7 0.219629 0.895975 0.012567 0.014779
7 0.394973 0.895748 0.012567 0.015234
7 0.509575 0.893474 0.011969 0.012506
7 0.620886 0.892792 0.011969 0.012051
7 0.728306 0.892337 0.011370 0.012051
6 0.177738 0.895521 0.008977 0.018417
7 0.841113 0.891428 0.011969 0.012960
6 0.667265 0.891883 0.008977 0.017508
10 0.342310 0.885744 0.006583 0.002956
6 0.773489 0.891201 0.009575 0.017963
6 0.883004 0.890291 0.008378 0.017963
10 0.450628 0.863574 0.006583 0.004093
7 0.218133 0.854820 0.011969 0.013415
7 0.287552 0.854366 0.011969 0.012506
7 0.393477 0.853683 0.011969 0.012960
8 0.330640 0.851637 0.011969 0.007958
7 0.511370 0.853001 0.011969 0.012506
7 0.619988 0.852319 0.012567 0.012960
7 0.728905 0.851296 0.011370 0.011824
6 0.176541 0.854138 0.010174 0.018417
7 0.840215 0.850955 0.011370 0.012960
9 0.346499 0.854593 0.013764 0.024784
6 0.774087 0.850728 0.009575 0.017963
6 0.667864 0.851182 0.008977 0.017963
10 0.538899 0.843565 0.005984 0.002274
6 0.883902 0.849136 0.010174 0.017508
10 0.425194 0.809459 0.011969 0.005002
8 0.315978 0.810027 0.011370 0.007503
8 0.538600 0.808663 0.011370 0.006594
10 0.760922 0.807640 0.011969 0.005002
8 0.649611 0.808436 0.009575 0.007958
6 0.218432 0.813211 0.008977 0.018417
8 0.872232 0.806617 0.010772 0.007049
9 0.176840 0.810255 0.010772 0.035243
7 0.690904 0.765462 0.011969 0.012960
7 0.798025 0.765007 0.011969 0.012960
7 0.908438 0.764325 0.011370 0.014325
10 0.881209 0.755116 0.007181 0.002729
10 0.764512 0.754206 0.007181 0.002729
10 0.634949 0.752615 0.006583 0.004093
9 0.287253 0.768417 0.008977 0.041610
10 0.573908 0.750568 0.007780 0.002729
10 0.303710 0.749204 0.009575 0.001819
10 0.738779 0.749204 0.005984 0.004548
10 0.207959 0.718054 0.011969 0.005002
8 0.315978 0.717940 0.012567 0.007958
7 0.752543 0.719986 0.011969 0.012960
8 0.539198 0.716803 0.011370 0.006594
8 0.424596 0.717030 0.011969 0.007049
7 0.862358 0.719077 0.010174 0.012960
6 0.617893 0.719304 0.009575 0.017963
10 0.677439 0.710778 0.008977 0.004093
10 0.410832 0.689632 0.010772 0.002729
10 0.221724 0.686676 0.005984 0.002274
9 0.442250 0.677581 0.006583 0.021828
9 0.189108 0.674739 0.007780 0.020691
7 0.518552 0.672920 0.011969 0.013415
8 0.747457 0.668599 0.011370 0.006594
8 0.634949 0.668827 0.011370 0.007049
8 0.871634 0.667917 0.011969 0.007049
6 0.535907 0.670873 0.009575 0.017508
7 0.517355 0.634493 0.011969 0.013870
10 0.871933 0.630286 0.012567 0.005002
10 0.749551 0.630286 0.011969 0.005002
10 0.635248 0.630286 0.009575 0.005002
6 0.536804 0.632447 0.008977 0.017963
10 0.648115 0.613233 0.011370 0.004548
10 0.457211 0.596180 0.007780 0.003183
10 0.214243 0.595498 0.006583 0.004548
7 0.871634 0.595157 0.011969 0.012506
7 0.831239 0.595612 0.012567 0.013415
7 0.757929 0.595384 0.011969 0.012960
7 0.708558 0.595157 0.012567 0.012506
7 0.650209 0.595384 0.011969 0.012960
7 0.610712 0.595384 0.011969 0.012960
7 0.536804 0.595384 0.012567 0.012960
7 0.517355 0.595384 0.011969 0.012960
10 0.194195 0.590950 0.007181 0.002729
10 0.174746 0.590950 0.006583 0.002729
10 0.225314 0.580150 0.008378 0.001592
10 0.315679 0.580719 0.015560 0.004093
10 0.874028 0.575830 0.011969 0.002046
10 0.874327 0.573670 0.006583 0.001819
10 0.197187 0.552069 0.005984 0.003183
7 0.873130 0.547635 0.012567 0.012960
7 0.851885 0.547181 0.011969 0.012051
7 0.738181 0.547408 0.011969 0.012506
7 0.631658 0.547408 0.011969 0.012506
7 0.539198 0.547408 0.012567 0.012506
7 0.520048 0.547635 0.012567 0.012960
7 0.759725 0.546953 0.011969 0.012506
8 0.652005 0.544452 0.011969 0.007503
10 0.189108 0.534789 0.010174 0.004093
9 0.907241 0.553547 0.004189 0.030241
10 0.713046 0.525693 0.007181 0.002274
10 0.838420 0.524557 0.008977 0.001819
10 0.612807 0.523874 0.006583 0.002274
10 0.315679 0.520009 0.007181 0.001819
7 0.903651 0.509209 0.011370 0.014325
9 0.282765 0.507731 0.008378 0.025921
10 0.550269 0.520691 0.014961 0.001819
9 0.333932 0.502387 0.012567 0.034334
10 0.792340 0.469532 0.008977 0.004548
10 0.320766 0.464075 0.006583 0.002729
10 0.715440 0.454297 0.008378 0.005002
10 0.699581 0.454297 0.007780 0.005002
7 0.545183 0.457594 0.012567 0.013870
7 0.618791 0.457140 0.012567 0.012960
7 0.345302 0.457140 0.012567 0.012960
7 0.212747 0.457367 0.011969 0.013415
7 0.418612 0.457367 0.013166 0.014325
6 0.585278 0.456003 0.010174 0.018872
6 0.380311 0.455548 0.009575 0.018872
10 0.894375 0.448386 0.005984 0.002274
6 0.175643 0.455548 0.009575 0.018872
9 0.875823 0.456116 0.009575 0.020009
10 0.735787 0.425875 0.005984 0.001819
7 0.621783 0.418940 0.012567 0.012960
7 0.717834 0.416439 0.011969 0.008868
7 0.699880 0.419168 0.011969 0.013415
7 0.546080 0.418940 0.013166 0.012960
7 0.420108 0.418713 0.012567 0.013415
7 0.345302 0.418486 0.012567 0.012960
7 0.213645 0.418713 0.012567 0.013415
6 0.380910 0.417576 0.009575 0.019327
6 0.587074 0.417576 0.010174 0.019327
6 0.174746 0.417121 0.010174 0.019327
9 0.877319 0.417690 0.011370 0.020464
10 0.894674 0.410641 0.007780 0.005002
9 0.861460 0.417690 0.009575 0.021373
9 0.305805 0.421783 0.012567 0.027285
10 0.478157 0.388131 0.006583 0.004548
10 0.085278 0.382901 0.005984 0.004093
10 0.197786 0.377672 0.005984 0.004548
9 0.827648 0.372215 0.005386 0.020009
9 0.875224 0.375966 0.009575 0.030241
9 0.911430 0.375284 0.008977 0.030696
9 0.893477 0.375284 0.008977 0.030696
10 0.601735 0.370168 0.005984 0.002274
9 0.207361 0.367212 0.005984 0.021373
10 0.617893 0.358117 0.008378 0.001819
10 0.544285 0.339245 0.007181 0.003183
10 0.344105 0.334925 0.007780 0.003638
7 0.520946 0.329809 0.011969 0.012960
7 0.441652 0.329354 0.012567 0.012960
7 0.322262 0.329127 0.011969 0.013415
7 0.238480 0.328672 0.011969 0.013415
9 0.213345 0.332651 0.009575 0.022283
9 0.194794 0.332651 0.009575 0.022283
6 0.404249 0.330377 0.007181 0.020009
6 0.478456 0.327763 0.009575 0.017963
6 0.274387 0.327535 0.009575 0.019327
10 0.881209 0.308549 0.009575 0.004548
10 0.180431 0.304911 0.008378 0.004548
10 0.402454 0.301046 0.005984 0.003183
10 0.401257 0.297408 0.007181 0.004093
10 0.547576 0.290359 0.006583 0.001819
9 0.893178 0.296953 0.008378 0.022738
10 0.545781 0.287176 0.007780 0.002729
7 0.522142 0.291610 0.011969 0.013870
7 0.442250 0.290700 0.012567 0.012960
7 0.322561 0.290928 0.012567 0.012506
7 0.236984 0.290018 0.011370 0.012506
9 0.910832 0.294679 0.008977 0.027285
6 0.480551 0.290246 0.010174 0.017508
6 0.274387 0.289336 0.009575 0.019327
10 0.801017 0.275807 0.005984 0.002729
10 0.728606 0.274898 0.011969 0.004548
10 0.859964 0.258299 0.006583 0.003183
8 0.915021 0.239995 0.011370 0.008868
9 0.595751 0.241246 0.009575 0.019554
7 0.800419 0.242042 0.011969 0.012960
7 0.724417 0.241587 0.013166 0.012960
7 0.207062 0.239086 0.012567 0.014325
6 0.760323 0.240450 0.009575 0.017963
9 0.819569 0.241587 0.008378 0.022055
9 0.484440 0.233970 0.007181 0.025921
6 0.179234 0.236812 0.009575 0.017963
10 0.865649 0.218963 0.009575 0.001819
10 0.674746 0.216007 0.015560 0.005002
10 0.476960 0.203502 0.008977 0.001819
10 0.689408 0.200318 0.007780 0.003638
7 0.801017 0.200432 0.011969 0.013415
7 0.917714 0.200659 0.011969 0.014779
7 0.725015 0.200887 0.011969 0.015234
6 0.762418 0.200205 0.007780 0.016598
7 0.205865 0.197021 0.012567 0.012960
9 0.820168 0.194065 0.009575 0.009777
9 0.473968 0.188608 0.004189 0.017963
6 0.177139 0.195884 0.010174 0.018872
9 0.454518 0.190996 0.005984 0.026376
10 0.890485 0.175762 0.010174 0.002729
10 0.861460 0.176444 0.007181 0.005002
10 0.625972 0.161551 0.007780 0.002046
9 0.873728 0.165075 0.008977 0.021828
10 0.509874 0.154843 0.006583 0.004548
7 0.288450 0.152910 0.012567 0.012960
10 0.459306 0.144384 0.007181 0.002729
6 0.263615 0.150409 0.009575 0.017963
9 0.567624 0.145634 0.013166 0.027513
10 0.624476 0.115393 0.009575 0.002046
10 0.515560 0.116644 0.014363 0.004548
10 0.785458 0.110732 0.008378 0.003638
8 0.706762 0.114825 0.008977 0.020464
9 0.690904 0.114143 0.009575 0.020009
8 0.310892 0.104934 0.008378 0.007958
7 0.289048 0.107890 0.012567 0.013870
8 0.199880 0.103342 0.010174 0.006594
10 0.871335 0.102092 0.010174 0.003638
9 0.597546 0.106639 0.010772 0.020464
6 0.264512 0.106071 0.008977 0.015689
7 0.812089 0.102888 0.012567 0.019327
8 0.898863 0.071510 0.011370 0.007503
7 0.821963 0.071737 0.011969 0.007958
8 0.784859 0.076512 0.010772 0.018417
6 0.858767 0.073329 0.010174 0.017508
7 0.289348 0.069918 0.011969 0.013415
9 0.703172 0.069122 0.004189 0.019100
8 0.199581 0.065371 0.011969 0.007049
6 0.264512 0.068327 0.010174 0.018417
9 0.611011 0.063438 0.008977 0.019554
9 0.654099 0.073784 0.006583 0.043884
9 0.626870 0.062415 0.011969 0.022965
9 0.458109 0.053774 0.008378 0.034789
9 0.345302 0.053774 0.004189 0.035698
13 0.070766 0.440427 0.005685 0.050932
1 0.093806 0.549909 0.021843 0.033424
4 0.400808 0.180196 0.009874 0.017053
1 0.095302 0.724534 0.022442 0.033424
4 0.567774 0.850500 0.008677 0.015234
2 0.098893 0.194065 0.010473 0.012051
0 0.096200 0.813211 0.023040 0.023420
2 0.096499 0.454184 0.012867 0.015689
1 0.094105 0.328445 0.023639 0.039791
2 0.099791 0.893020 0.011071 0.013870
3 0.407391 0.901432 0.007481 0.019782
4 0.232047 0.844588 0.009874 0.014325
4 0.585428 0.142224 0.010473 0.015689
3 0.408288 0.843906 0.006882 0.020236
4 0.553411 0.582651 0.009874 0.016144
4 0.750000 0.142906 0.009276 0.014325
4 0.475913 0.230218 0.010473 0.016144
4 0.400808 0.222942 0.009874 0.015234
4 0.888241 0.590609 0.009276 0.013870
2 0.095003 0.672920 0.011071 0.012960
4 0.586924 0.057412 0.009874 0.016144
2 0.095003 0.853456 0.019449 0.019327
2 0.093507 0.417349 0.020048 0.018417
4 0.164423 0.362551 0.009874 0.014325
4 0.787403 0.722033 0.009874 0.015689
2 0.097098 0.631992 0.012867 0.016598
1 0.095901 0.767053 0.022442 0.039336
4 0.682077 0.724307 0.009874 0.014779
1 0.093507 0.289336 0.022442 0.039791
4 0.147666 0.811619 0.009874 0.015689
2 0.099192 0.938267 0.012268 0.016144
3 0.724267 0.600159 0.006882 0.016598
4 0.145272 0.634720 0.009874 0.016598
4 0.888540 0.607890 0.009874 0.013870
3 0.723369 0.581514 0.007481 0.017508
4 0.232944 0.902797 0.009276 0.016144
4 0.145123 0.592997 0.008977 0.015462
4 0.136445 0.585039 0.009575 0.015007
4 0.127169 0.459982 0.008977 0.015916
4 0.118492 0.452478 0.009575 0.015462
4 0.136744 0.448613 0.007780 0.015916
4 0.119689 0.537290 0.008378 0.012278
4 0.128366 0.719873 0.008977 0.013643
4 0.118492 0.712369 0.008378 0.014097
4 0.137044 0.707594 0.009575 0.012733
4 0.118791 0.498408 0.008977 0.012733
3 0.085877 0.599818 0.004189 0.012733
4 0.146320 0.371533 0.008977 0.015462
2 0.101137 0.076171 0.015560 0.018645
4 0.143926 0.418827 0.008977 0.013643
4 0.128965 0.287858 0.008977 0.014552
4 0.119988 0.280127 0.008977 0.015462
4 0.137642 0.275352 0.009575 0.013188
4 0.121484 0.851069 0.008378 0.012278
4 0.119090 0.318327 0.009575 0.016371
4 0.120586 0.805139 0.008977 0.014097
4 0.128665 0.765803 0.009575 0.014552
4 0.149611 0.149159 0.008378 0.014552
4 0.140335 0.140518 0.008977 0.015462
4 0.130760 0.067076 0.008977 0.015007
0 0.122980 0.058436 0.007780 0.010459
4 0.139138 0.186903 0.007780 0.013643
4 0.118492 0.630059 0.009575 0.015007
0 0.145422 0.672578 0.009575 0.012733
4 0.135847 0.665757 0.009575 0.014552
4 0.140335 0.093452 0.010174 0.015916
4 0.127169 0.676671 0.008977 0.015462
4 0.118791 0.669168 0.007780 0.015916
4 0.131658 0.943383 0.009575 0.015916
4 0.123279 0.936562 0.008378 0.015007
4 0.120437 0.588336 0.009874 0.015689
4 0.126870 0.596066 0.009575 0.015689
5 0.075254 0.148590 0.009874 0.015689
4 0.085577 0.148363 0.009575 0.015689
4 0.121035 0.366417 0.009874 0.015689
4 0.129713 0.373238 0.009874 0.015689
4 0.138241 0.363006 0.009575 0.015689
4 0.091712 0.068554 0.009874 0.015689
4 0.097546 0.066508 0.009575 0.015689
4 0.119838 0.413711 0.009874 0.015689
4 0.127618 0.420532 0.009874 0.015689
4 0.135248 0.410300 0.009575 0.015689
4 0.128217 0.325489 0.009874 0.015689
4 0.137044 0.316166 0.009575 0.015689
4 0.129414 0.812983 0.009874 0.015689
4 0.137642 0.803661 0.009575 0.015689
3 0.226661 0.376876 0.009874 0.015689
5 0.073609 0.101751 0.002992 0.015689
3 0.073609 0.119714 0.002992 0.015689
4 0.122531 0.890746 0.009874 0.015689
5 0.130610 0.894384 0.009874 0.015689
4 0.121933 0.190882 0.009874 0.015689
4 0.130461 0.199068 0.009575 0.015689
4 0.127020 0.636539 0.009874 0.015689
4 0.136445 0.626535 0.009575 0.015689
4 0.091412 0.107435 0.009874 0.015689
4 0.097546 0.104707 0.009575 0.015689
5 0.087074 0.368690 0.007181 0.015689
4 0.087074 0.376648 0.007181 0.015689
5 0.087223 0.506025 0.009874 0.015689
5 0.099940 0.514211 0.009575 0.015689
3 0.070018 0.608345 0.006583 0.015689
3 0.070018 0.677240 0.006583 0.015689
4 0.071664 0.631310 0.009874 0.015689
4 0.122831 0.096066 0.009874 0.015689
4 0.130461 0.103115 0.009575 0.015689
3 0.070018 0.508299 0.006583 0.015689
3 0.070018 0.521260 0.006583 0.015689
4 0.121933 0.143588 0.009874 0.015689
4 0.130461 0.150409 0.009575 0.015689