8 0.491622 0.943724 0.010772 0.008413
10 0.342310 0.943156 0.011370 0.005002
7 0.174446 0.946680 0.011969 0.013415
8 0.607720 0.943042 0.011969 0.007049
8 0.735189 0.942588 0.011969 0.007049
8 0.866547 0.941678 0.012567 0.007049
6 0.209156 0.946226 0.009575 0.017963
10 0.358169 0.909050 0.010772 0.002274
10 0.345601 0.908595 0.011969 0.003183
10 0.239976 0.901774 0.006583 0.002274
7 0.467684 0.904161 0.011969 0.012960
7 0.743567 0.903934 0.011969 0.013415
7 0.169659 0.903706 0.011969 0.012960
7 0.879713 0.903479 0.011370 0.013415
7 0.439557 0.896658 0.007181 0.008868
6 0.687313 0.899386 0.005984 0.022510
10 0.391083 0.873693 0.005984 0.001592
10 0.775284 0.865166 0.005984 0.002729
10 0.154099 0.861983 0.007181 0.002729
10 0.651107 0.860391 0.007780 0.002274
9 0.352484 0.862437 0.005386 0.018645
7 0.467983 0.860050 0.012567 0.012960
9 0.435069 0.867099 0.010174 0.027058
7 0.313884 0.857208 0.010772 0.018190
10 0.400060 0.850159 0.007181 0.002729
10 0.320766 0.850387 0.007780 0.003183
10 0.706463 0.846180 0.005984 0.002501
10 0.441352 0.833106 0.007181 0.002274
10 0.442549 0.830377 0.005984 0.002274
10 0.161580 0.820600 0.042490 0.003638
9 0.347995 0.818440 0.009575 0.026148
7 0.401556 0.818668 0.008977 0.018417
10 0.744464 0.811050 0.007780 0.002729
10 0.335428 0.806503 0.005984 0.002729
9 0.250748 0.810937 0.008977 0.023874
10 0.707062 0.804911 0.011969 0.005002
10 0.764811 0.777626 0.006583 0.002274
10 0.367145 0.774216 0.026332 0.004548
10 0.503890 0.773533 0.006583 0.004093
10 0.626571 0.764893 0.008977 0.003183
7 0.499701 0.720896 0.012567 0.012960
8 0.657391 0.717258 0.011969 0.006594
10 0.879713 0.716689 0.011370 0.005002
8 0.774686 0.717030 0.011969 0.007049
6 0.531718 0.718849 0.009575 0.017963
10 0.211550 0.693724 0.007181 0.001819
10 0.384500 0.689859 0.010772 0.002274
7 0.670856 0.682924 0.012567 0.013415
7 0.533214 0.683151 0.012567 0.012960
10 0.261819 0.678945 0.009575 0.003183
7 0.892280 0.682469 0.011370 0.013415
7 0.785159 0.682924 0.011370 0.013415
9 0.141831 0.684743 0.012567 0.026148
10 0.311789 0.647340 0.007780 0.004548
10 0.470078 0.643929 0.009575 0.002274
10 0.559844 0.643588 0.009575 0.002046
10 0.487433 0.643247 0.022741 0.003638
10 0.141233 0.643020 0.007780 0.003183
9 0.511071 0.641201 0.005386 0.007731
10 0.465889 0.638472 0.008378 0.003183
10 0.768103 0.637790 0.009575 0.002729
10 0.769300 0.634607 0.008378 0.002729
8 0.637044 0.634948 0.008378 0.005684
10 0.876122 0.633925 0.007780 0.005002
10 0.656194 0.633470 0.008378 0.004093
10 0.462896 0.623693 0.007181 0.002729
10 0.400359 0.601637 0.006583 0.004093
9 0.459007 0.589245 0.005386 0.023420
10 0.431777 0.582083 0.005984 0.002274
7 0.193896 0.587995 0.005386 0.020464
10 0.620287 0.550023 0.005984 0.001819
10 0.386894 0.550023 0.008378 0.001819
10 0.164273 0.549568 0.005984 0.002729
10 0.370138 0.547749 0.007181 0.001819
10 0.301765 0.545589 0.005685 0.001592
7 0.497307 0.550364 0.012567 0.013870
10 0.232196 0.546612 0.007780 0.005002
6 0.531418 0.548090 0.008977 0.018417
9 0.252244 0.542519 0.009575 0.029559
9 0.149910 0.539336 0.008378 0.024557
9 0.240874 0.541041 0.010772 0.022510
6 0.166068 0.492838 0.008378 0.017963
8 0.557750 0.435766 0.007780 0.012960
10 0.456314 0.437244 0.007181 0.002729
10 0.166667 0.437017 0.009575 0.003183
8 0.656493 0.436221 0.007780 0.012960
7 0.762118 0.435994 0.004788 0.012506
10 0.879414 0.432697 0.007181 0.002729
10 0.658588 0.432697 0.009575 0.002729
7 0.352184 0.405980 0.013166 0.027967
10 0.248354 0.395634 0.012567 0.005002
6 0.167864 0.397794 0.009575 0.017963
10 0.654997 0.350841 0.005984 0.001819
10 0.246260 0.347885 0.011969 0.005002
6 0.464692 0.351864 0.008378 0.017963
6 0.169060 0.350728 0.009575 0.017508
8 0.768402 0.343452 0.012567 0.008413
10 0.623279 0.319236 0.007181 0.004093
10 0.749551 0.314006 0.005984 0.002729
10 0.842609 0.312187 0.008977 0.003638
9 0.279473 0.315712 0.006583 0.024784
6 0.169060 0.309118 0.009575 0.017963
10 0.755236 0.257617 0.008977 0.004548
7 0.310293 0.253411 0.011969 0.012960
9 0.650509 0.246817 0.008977 0.012506
9 0.532316 0.238290 0.004788 0.029104
10 0.746559 0.211460 0.007181 0.005002
7 0.308498 0.206116 0.011969 0.012960
9 0.789048 0.206457 0.005984 0.042292
10 0.848893 0.155753 0.005984 0.003638
10 0.777080 0.154616 0.005984 0.003183
10 0.394674 0.152342 0.011969 0.005002
10 0.295332 0.152342 0.011969 0.005002
10 0.191203 0.152342 0.011969 0.005002
9 0.774087 0.154388 0.008378 0.022283
6 0.696290 0.154275 0.009575 0.017508
9 0.529623 0.152797 0.007780 0.023647
6 0.461700 0.153365 0.009575 0.017508
6 0.803710 0.152910 0.008977 0.017508
6 0.582885 0.153138 0.008977 0.017963
10 0.294734 0.110960 0.005984 0.003183
8 0.368043 0.107890 0.007780 0.012051
7 0.215141 0.106980 0.011969 0.012960
7 0.410533 0.106071 0.011370 0.012960
10 0.707959 0.098226 0.007780 0.005002
9 0.751047 0.102660 0.013764 0.026148
10 0.298923 0.092542 0.013166 0.002729
10 0.617893 0.092997 0.008378 0.004548
10 0.633453 0.067531 0.010772 0.004548
7 0.214542 0.067417 0.011969 0.012960
7 0.410233 0.066962 0.011969 0.012960
9 0.900359 0.066280 0.007181 0.041610
9 0.650209 0.055480 0.008378 0.023647
12 0.142280 0.925193 0.008079 0.006367
12 0.652454 0.914393 0.009276 0.005684
12 0.773639 0.914052 0.009874 0.005912
12 0.908438 0.913483 0.010174 0.006594
12 0.601885 0.909277 0.009874 0.006367
11 0.684171 0.906662 0.009276 0.005684
12 0.627618 0.906889 0.008677 0.006139
11 0.817175 0.906207 0.009575 0.005684
11 0.392729 0.905070 0.005685 0.003411
12 0.400209 0.894156 0.008677 0.006139
12 0.575853 0.896771 0.009276 0.005457
12 0.531568 0.896658 0.009276 0.005684
12 0.502095 0.896658 0.008977 0.005684
12 0.435667 0.896658 0.005386 0.005684
13 0.142729 0.893702 0.009575 0.006139
12 0.355177 0.891428 0.008977 0.006139
13 0.335577 0.888927 0.008677 0.005684
12 0.292190 0.886085 0.010473 0.007276
13 0.256284 0.882674 0.009276 0.005912
13 0.068671 0.880741 0.005087 0.002956
12 0.068971 0.870282 0.004488 0.004775
12 0.211400 0.881651 0.008079 0.006594
12 0.909785 0.867099 0.009276 0.004775
12 0.880910 0.867326 0.008977 0.005230
12 0.775733 0.867553 0.009276 0.005684
12 0.744165 0.867553 0.009575 0.005684
18 0.098594 0.865393 0.008677 0.005912
18 0.093208 0.868804 0.008677 0.005912
13 0.859216 0.864825 0.009874 0.005684
13 0.726511 0.865052 0.010174 0.006139
13 0.502394 0.863006 0.008378 0.005684
13 0.847098 0.862551 0.009575 0.005684
13 0.713495 0.862551 0.009276 0.005684
12 0.651257 0.862551 0.008079 0.005684
12 0.576601 0.862779 0.010174 0.006139
13 0.549521 0.860505 0.009276 0.006139
13 0.517654 0.860277 0.010174 0.005684
12 0.682825 0.860050 0.010174 0.006139
12 0.624925 0.860050 0.009276 0.006139
13 0.370586 0.860050 0.010473 0.006139
12 0.817475 0.859595 0.010174 0.006139
13 0.534560 0.857890 0.010473 0.005457
12 0.435667 0.857663 0.008977 0.005002
12 0.435667 0.862665 0.008977 0.005002
13 0.385398 0.858004 0.008977 0.005684
13 0.356373 0.857776 0.009575 0.005230
12 0.600987 0.857776 0.010473 0.006139
13 0.305655 0.855048 0.009276 0.006139
13 0.290993 0.852774 0.009276 0.005230
13 0.400359 0.852774 0.008977 0.006139
13 0.321514 0.852547 0.008079 0.005684
13 0.227110 0.850045 0.009575 0.006139
13 0.242220 0.847317 0.008677 0.006139
13 0.211400 0.847317 0.010473 0.006139
13 0.173399 0.847544 0.009874 0.006594
13 0.142430 0.847317 0.008977 0.006139
13 0.337822 0.846862 0.009575 0.007049
13 0.188959 0.842087 0.008677 0.006594
13 0.157690 0.842087 0.008378 0.006594
13 0.258677 0.841746 0.009276 0.006821
11 0.392130 0.826626 0.006882 0.003865
12 0.400958 0.814006 0.008977 0.005912
13 0.681628 0.826626 0.010174 0.005684
13 0.712896 0.826398 0.010473 0.006139
13 0.859665 0.825944 0.010174 0.006139
13 0.831089 0.825716 0.009874 0.005684
18 0.296379 0.824011 0.006882 0.005002
12 0.651855 0.824011 0.009276 0.005457
18 0.327499 0.821737 0.005087 0.003183
12 0.575554 0.821737 0.009874 0.005912
13 0.726212 0.821282 0.009575 0.005912
13 0.697636 0.821396 0.009874 0.006139
12 0.627319 0.821623 0.010473 0.006594
13 0.234889 0.819577 0.019749 0.002501
18 0.169808 0.819463 0.006882 0.002274
18 0.160233 0.819463 0.011670 0.002274
18 0.148414 0.819463 0.006583 0.002274
13 0.845452 0.820714 0.009874 0.005684
12 0.815829 0.820941 0.009276 0.006139
17 0.823908 0.807754 0.006284 0.005684
12 0.601885 0.818895 0.009874 0.005684
12 0.533064 0.818895 0.009874 0.005684
13 0.790395 0.818440 0.008677 0.005684
13 0.923100 0.817985 0.008378 0.005684
11 0.249402 0.815598 0.007481 0.003638
12 0.258378 0.803661 0.009874 0.006139
11 0.179384 0.817076 0.005685 0.007049
12 0.502543 0.816394 0.009874 0.006139
13 0.437911 0.816508 0.009874 0.006367
13 0.775733 0.815939 0.009276 0.006139
13 0.908438 0.815484 0.009575 0.006139
13 0.484291 0.814234 0.008079 0.005457
13 0.453770 0.814120 0.008677 0.006139
12 0.744315 0.813097 0.008079 0.005002
12 0.881059 0.812869 0.009276 0.005457
13 0.470227 0.811392 0.009874 0.006139
12 0.354728 0.811392 0.009276 0.006139
12 0.335877 0.808890 0.008079 0.005684
13 0.068522 0.808549 0.003591 0.006367
12 0.291143 0.806162 0.009575 0.006594
12 0.189258 0.803433 0.009276 0.005684
12 0.211999 0.800932 0.008079 0.006139
12 0.142130 0.800705 0.009575 0.006594
13 0.068821 0.775239 0.004189 0.005230
12 0.070018 0.766712 0.006583 0.005912
11 0.393477 0.771714 0.007181 0.005912
12 0.401706 0.754093 0.009276 0.006139
11 0.326451 0.770350 0.007780 0.005002
12 0.335129 0.748863 0.008977 0.005684
11 0.248354 0.770578 0.007181 0.007276
18 0.256583 0.744543 0.008677 0.006139
12 0.654698 0.769213 0.010174 0.006367
11 0.683573 0.767053 0.009276 0.005684
12 0.627020 0.767053 0.008677 0.005684
13 0.879862 0.766371 0.008079 0.005230
13 0.744016 0.766598 0.010473 0.005684
12 0.816427 0.766371 0.008079 0.005684
13 0.760473 0.764097 0.009874 0.006139
12 0.601885 0.764211 0.009874 0.006367
13 0.924895 0.763756 0.009575 0.006367
13 0.895871 0.763756 0.009575 0.006367
13 0.791891 0.763643 0.010473 0.006139
13 0.909635 0.761596 0.008977 0.005684
12 0.578546 0.761824 0.008677 0.006139
13 0.776631 0.761369 0.009874 0.006139
12 0.531568 0.758868 0.009276 0.006594
11 0.140485 0.758186 0.008677 0.006139
12 0.503142 0.756708 0.009874 0.006821
12 0.436116 0.755571 0.008677 0.006367
13 0.483842 0.754320 0.008378 0.005684
12 0.452573 0.753752 0.009276 0.006367
13 0.469629 0.751592 0.008677 0.006594
12 0.355027 0.751251 0.008079 0.006821
12 0.292490 0.746021 0.009874 0.007276
12 0.210203 0.741132 0.009276 0.007503
11 0.210353 0.723852 0.009575 0.005684
12 0.402304 0.723852 0.009276 0.005684
11 0.294285 0.723852 0.009874 0.005684
12 0.363405 0.723738 0.010473 0.005912
11 0.141382 0.723283 0.009276 0.005457
12 0.463944 0.716121 0.010473 0.005684
13 0.190156 0.683606 0.009874 0.006139
13 0.261071 0.681105 0.009276 0.005684
13 0.176092 0.681332 0.008079 0.006139
12 0.914423 0.680650 0.008977 0.005684
12 0.913974 0.672692 0.010473 0.006139
12 0.808648 0.680650 0.009276 0.005684
12 0.808348 0.672920 0.009874 0.005684
11 0.742519 0.680650 0.007481 0.005684
17 0.742819 0.672920 0.010473 0.005684
11 0.848743 0.680423 0.009276 0.006139
11 0.848444 0.672692 0.009874 0.006139
12 0.464243 0.678604 0.009874 0.006139
13 0.343956 0.678604 0.009874 0.006139
13 0.245212 0.678377 0.009874 0.005684
17 0.247905 0.693952 0.006284 0.006367
13 0.158139 0.678377 0.009276 0.006594
13 0.328396 0.676103 0.009874 0.005684
13 0.228007 0.676103 0.009575 0.005684
13 0.141682 0.676103 0.008079 0.005684
13 0.431329 0.675421 0.009874 0.007049
13 0.403800 0.673602 0.011071 0.006139
13 0.310742 0.673374 0.009276 0.005684
13 0.210353 0.673715 0.010174 0.006367
18 0.715290 0.670646 0.005685 0.002956
13 0.294734 0.671101 0.008977 0.005684
13 0.387044 0.670873 0.009874 0.006139
13 0.364303 0.668031 0.008677 0.005912
12 0.567923 0.661437 0.008378 0.006367
11 0.615949 0.660300 0.008079 0.006821
13 0.693597 0.659391 0.009575 0.006821
13 0.365200 0.646885 0.006882 0.007276
12 0.366098 0.633356 0.009874 0.006594
11 0.389737 0.644497 0.006882 0.005230
13 0.397516 0.628581 0.009276 0.006139
13 0.141083 0.641428 0.009874 0.005457
13 0.210802 0.638813 0.009276 0.006594
13 0.156643 0.638813 0.009874 0.006594
13 0.228755 0.636539 0.009276 0.005684
12 0.174596 0.636539 0.009874 0.005684
13 0.294285 0.636312 0.009874 0.006139
13 0.245512 0.633583 0.009276 0.006139
13 0.189856 0.633583 0.010473 0.006139
13 0.310742 0.633356 0.009276 0.006594
13 0.263315 0.631082 0.010174 0.005684
13 0.382705 0.630969 0.010174 0.006367
13 0.329294 0.630855 0.009874 0.006139
13 0.345751 0.628354 0.009874 0.006594
13 0.567475 0.626080 0.009276 0.005684
13 0.500150 0.626080 0.009874 0.005684
13 0.462747 0.626080 0.008079 0.005684
13 0.414572 0.626307 0.009874 0.006139
13 0.535159 0.626080 0.010473 0.006594
13 0.616846 0.625625 0.007481 0.006594
13 0.431927 0.623465 0.009874 0.005912
13 0.849042 0.623010 0.011071 0.006821
13 0.743716 0.623124 0.011071 0.007049
13 0.583483 0.620623 0.009575 0.005684
13 0.551317 0.620850 0.009276 0.006139
13 0.517504 0.620850 0.009874 0.006139
13 0.671604 0.620623 0.010473 0.006594
13 0.481598 0.620055 0.009874 0.007276
13 0.895721 0.617894 0.009874 0.006594
13 0.786804 0.617894 0.011071 0.006594
13 0.138390 0.602206 0.010473 0.006139
13 0.156643 0.599932 0.009874 0.005230
13 0.210802 0.599704 0.009276 0.005684
13 0.228007 0.597203 0.010174 0.006139
13 0.174446 0.597203 0.010174 0.006139
13 0.294285 0.596976 0.009874 0.006594
13 0.362956 0.594475 0.008378 0.005230
13 0.311041 0.594475 0.009874 0.005230
13 0.244315 0.594475 0.009276 0.005230
13 0.191053 0.594702 0.009276 0.005684
13 0.380162 0.591746 0.010473 0.006139
13 0.327798 0.591746 0.009874 0.006139
13 0.261969 0.591860 0.009874 0.006367
12 0.535607 0.589700 0.009575 0.005684
13 0.397367 0.589700 0.009575 0.005684
11 0.692699 0.589472 0.008378 0.006139
11 0.616248 0.589472 0.009874 0.006139
12 0.567774 0.589472 0.009874 0.006139
13 0.344853 0.589359 0.009276 0.005912
12 0.916068 0.589018 0.009874 0.006139
11 0.850539 0.586744 0.010473 0.006139
12 0.743866 0.586744 0.010174 0.006139
13 0.517355 0.586858 0.009575 0.006367
13 0.414572 0.586858 0.009874 0.006367
13 0.498654 0.584698 0.008079 0.005684
12 0.764662 0.584243 0.008677 0.005684
13 0.431927 0.584243 0.008677 0.005684
12 0.462448 0.582083 0.009874 0.005912
12 0.786655 0.581742 0.009575 0.006139
12 0.808947 0.579354 0.009874 0.005912
13 0.188659 0.540359 0.010473 0.006139
13 0.174297 0.537972 0.009276 0.005912
13 0.260174 0.537176 0.008677 0.007049
13 0.156643 0.535243 0.008677 0.005912
13 0.342759 0.534902 0.008677 0.006139
13 0.243118 0.534447 0.009276 0.006139
13 0.328097 0.531946 0.009276 0.006594
13 0.226960 0.531946 0.009276 0.006594
13 0.140186 0.531719 0.009276 0.006139
12 0.671305 0.530355 0.009874 0.006139
12 0.808498 0.529673 0.008977 0.005684
11 0.742220 0.529673 0.009276 0.005684
13 0.396320 0.529900 0.009276 0.006139
12 0.693896 0.529218 0.009575 0.005684
13 0.311341 0.529445 0.009276 0.006139
13 0.208857 0.528990 0.008977 0.006139
12 0.848444 0.526944 0.008677 0.006594
13 0.654099 0.527399 0.008977 0.007503
13 0.414273 0.526717 0.009276 0.007049
13 0.378665 0.526489 0.008677 0.006594
13 0.293387 0.526376 0.009276 0.007276
12 0.873429 0.524557 0.009575 0.006367
13 0.636894 0.524443 0.009276 0.006139
13 0.429384 0.523761 0.009575 0.005684
13 0.361610 0.523533 0.009276 0.006139
12 0.615949 0.522624 0.009276 0.007049
12 0.894823 0.522169 0.009276 0.007049
18 0.463345 0.520464 0.009276 0.006367
18 0.915470 0.519668 0.009874 0.005684
11 0.140934 0.496930 0.009575 0.005684
11 0.673549 0.496817 0.009575 0.006367
11 0.622531 0.496703 0.009276 0.006139
11 0.465440 0.496703 0.009874 0.006139
11 0.427738 0.496476 0.009874 0.005684
11 0.266008 0.496703 0.009575 0.006139
11 0.212298 0.496817 0.009874 0.006367
11 0.894075 0.496248 0.010174 0.006139
11 0.840664 0.496248 0.009874 0.006139
17 0.527379 0.496476 0.010473 0.006594
17 0.729952 0.496021 0.011071 0.006594
17 0.320616 0.496248 0.011071 0.007049
17 0.141233 0.468054 0.010174 0.007049
13 0.842160 0.467599 0.010473 0.007049
13 0.624028 0.467372 0.011071 0.006594
13 0.525434 0.467599 0.010174 0.007049
13 0.427439 0.467372 0.010473 0.006594
13 0.215141 0.467372 0.010772 0.006594
13 0.729653 0.467144 0.010473 0.007049
13 0.321664 0.467030 0.010772 0.006821
13 0.465889 0.448954 0.010772 0.006139
13 0.894524 0.448727 0.009874 0.006594
13 0.780072 0.448613 0.010772 0.006367
13 0.674446 0.448727 0.011370 0.006594
13 0.565081 0.448727 0.010473 0.006594
13 0.371335 0.448386 0.010772 0.005912
13 0.264961 0.448727 0.010473 0.006594
13 0.170706 0.448727 0.010473 0.006594
12 0.370437 0.418031 0.010174 0.007049
12 0.483692 0.417690 0.009276 0.007276
11 0.428037 0.417576 0.009276 0.007049
12 0.388839 0.417690 0.009874 0.007276
11 0.139437 0.417576 0.008977 0.007049
11 0.138989 0.399386 0.009276 0.006139
13 0.353232 0.416212 0.009276 0.006139
11 0.621783 0.415757 0.010174 0.006139
12 0.524985 0.415871 0.009276 0.006367
11 0.728905 0.412688 0.008977 0.005457
12 0.545332 0.412915 0.009276 0.005912
11 0.690904 0.412460 0.009575 0.005912
13 0.338570 0.412347 0.008677 0.006594
11 0.840365 0.409845 0.009276 0.006139
12 0.796978 0.409732 0.009874 0.005912
12 0.563734 0.409618 0.010174 0.006594
12 0.319420 0.409504 0.009874 0.006367
11 0.911730 0.407344 0.009575 0.005684
12 0.581987 0.407344 0.009575 0.005684
12 0.097397 0.403479 0.005087 0.005230
12 0.623130 0.370509 0.009276 0.006594
12 0.726661 0.367781 0.009276 0.005684
12 0.642430 0.366871 0.008378 0.005684
12 0.837672 0.364598 0.009874 0.005684
12 0.672053 0.364598 0.008977 0.005684
12 0.747008 0.364370 0.009276 0.006139
12 0.857870 0.361528 0.009575 0.005912
12 0.779922 0.361642 0.009276 0.006139
12 0.691203 0.361642 0.008977 0.006139
11 0.427139 0.359709 0.008677 0.005457
11 0.426840 0.351523 0.009276 0.005912
12 0.893776 0.359368 0.009575 0.006139
12 0.798773 0.359141 0.009874 0.005684
13 0.525733 0.359368 0.010772 0.006139
13 0.525883 0.351410 0.009874 0.006594
11 0.533662 0.338108 0.006284 0.005002
17 0.534111 0.331401 0.004189 0.003865
12 0.913076 0.356526 0.009874 0.005912
11 0.141382 0.353911 0.009276 0.005230
11 0.141382 0.359141 0.009276 0.005230
18 0.323908 0.345043 0.012867 0.004775
17 0.319719 0.353683 0.010473 0.005684
17 0.319719 0.359368 0.010473 0.005684
18 0.323908 0.335493 0.012867 0.004775
13 0.323908 0.340268 0.012867 0.004775
12 0.139737 0.313324 0.007181 0.005912
12 0.140485 0.300250 0.009874 0.006139
12 0.690455 0.308436 0.009874 0.005230
12 0.673100 0.308436 0.008677 0.005230
12 0.284710 0.308095 0.008079 0.005457
12 0.268552 0.308208 0.008677 0.005684
12 0.389587 0.307981 0.010174 0.006139
11 0.320018 0.307867 0.009874 0.005912
12 0.800419 0.305139 0.009575 0.005912
12 0.779025 0.305252 0.009874 0.006139
13 0.655745 0.305252 0.009874 0.006139
12 0.580790 0.305252 0.009575 0.006139
11 0.525733 0.305252 0.010174 0.006139
12 0.425793 0.305252 0.010174 0.006139
13 0.248205 0.305252 0.009874 0.006139
12 0.911879 0.302979 0.009276 0.005230
13 0.640634 0.302979 0.009575 0.005230
12 0.447786 0.302979 0.009276 0.005230
13 0.233393 0.303320 0.008977 0.005912
12 0.892430 0.302979 0.009276 0.006139
13 0.760323 0.302751 0.010174 0.005684
12 0.620437 0.300477 0.009874 0.005684
13 0.872382 0.300136 0.009874 0.005912
13 0.743118 0.300136 0.009874 0.005912
12 0.464841 0.300250 0.009874 0.006139
12 0.215290 0.300023 0.009874 0.006594
13 0.855476 0.297976 0.009575 0.006139
12 0.728157 0.297749 0.009874 0.005684
12 0.484889 0.297522 0.009276 0.006139
12 0.836774 0.295248 0.009276 0.006139
18 0.378516 0.261482 0.013166 0.005002
18 0.919659 0.253183 0.005087 0.002956
12 0.331538 0.248636 0.009575 0.005684
11 0.270796 0.248863 0.009575 0.006139
12 0.233543 0.248863 0.009276 0.006139
12 0.216038 0.248977 0.009575 0.006367
11 0.805955 0.248067 0.009874 0.006367
18 0.911730 0.246021 0.005984 0.004093
18 0.911580 0.251364 0.005685 0.003865
13 0.199880 0.246930 0.008977 0.005912
12 0.850539 0.246135 0.008677 0.005230
12 0.368193 0.246362 0.008079 0.005684
11 0.697487 0.245907 0.008378 0.005684
13 0.183872 0.244088 0.009276 0.006594
18 0.171604 0.242269 0.006284 0.003411
12 0.879563 0.243179 0.008677 0.005684
12 0.744913 0.243179 0.009874 0.005684
12 0.394075 0.243406 0.009575 0.006139
12 0.160832 0.241587 0.009874 0.006139
11 0.582735 0.241132 0.009874 0.006139
12 0.412478 0.241019 0.009276 0.005912
12 0.765859 0.240678 0.008677 0.006139
12 0.627917 0.238290 0.009276 0.005912
12 0.429832 0.237494 0.009276 0.006139
12 0.658139 0.235562 0.009874 0.006821
11 0.463046 0.235448 0.009874 0.006594
12 0.509725 0.232492 0.008677 0.006139
12 0.537552 0.229877 0.009276 0.007276
18 0.377469 0.213734 0.011670 0.004093
18 0.792789 0.203615 0.005087 0.003411
11 0.805356 0.201342 0.009874 0.005684
11 0.270646 0.201683 0.009276 0.006367
12 0.233244 0.201569 0.009874 0.006139
12 0.214991 0.201569 0.009276 0.006139
12 0.330491 0.201342 0.009276 0.006594
13 0.793387 0.198272 0.005087 0.003183
12 0.849940 0.199068 0.009276 0.005684
11 0.698534 0.199068 0.009276 0.005684
12 0.369539 0.199068 0.008977 0.005684
13 0.199880 0.199181 0.009575 0.005912
13 0.185518 0.196680 0.009575 0.005457
12 0.880461 0.196567 0.009276 0.006139
12 0.744016 0.196453 0.009276 0.005912
12 0.393627 0.196567 0.009874 0.006139
12 0.766158 0.194065 0.009276 0.005684
12 0.161580 0.194065 0.008977 0.005684
11 0.583633 0.193838 0.009276 0.006139
12 0.411430 0.193838 0.009575 0.006139
12 0.628366 0.190882 0.009575 0.005684
12 0.429084 0.190655 0.008977 0.006139
11 0.463944 0.188608 0.009276 0.006594
12 0.656643 0.188381 0.009276 0.007049
12 0.508229 0.185198 0.009276 0.006139
12 0.539647 0.183379 0.009276 0.007049
12 0.860413 0.161551 0.006284 0.003411
12 0.871484 0.158367 0.008079 0.005230
12 0.871484 0.163597 0.008079 0.005230
12 0.886595 0.153365 0.008378 0.005230
12 0.886595 0.158595 0.008378 0.005230
12 0.849342 0.153365 0.009276 0.005230
12 0.849342 0.158595 0.009276 0.005230
12 0.760622 0.152569 0.008977 0.005457
12 0.760622 0.158026 0.008977 0.005457
12 0.775883 0.147794 0.008378 0.005002
12 0.775883 0.152797 0.008378 0.005002
12 0.744016 0.147908 0.008079 0.005230
12 0.744016 0.153138 0.008079 0.005230
12 0.651257 0.147908 0.008079 0.005230
12 0.651257 0.153138 0.008079 0.005230
12 0.531418 0.145293 0.008378 0.005457
12 0.531418 0.150750 0.008378 0.005457
12 0.665320 0.142906 0.009874 0.005230
12 0.665320 0.148136 0.009874 0.005230
12 0.629713 0.143020 0.009276 0.005457
12 0.629713 0.148477 0.009276 0.005457
12 0.548324 0.139495 0.009276 0.005684
12 0.548324 0.145180 0.009276 0.005684
11 0.508378 0.139609 0.008977 0.005912
11 0.508378 0.145521 0.008977 0.005912
18 0.496260 0.118463 0.011670 0.003638
12 0.804159 0.119259 0.009276 0.006139
12 0.827798 0.117212 0.009276 0.005684
12 0.848743 0.116985 0.009276 0.006139
11 0.697187 0.116985 0.008977 0.006139
11 0.703920 0.099704 0.005087 0.003411
12 0.875075 0.114484 0.008079 0.005684
18 0.687762 0.113461 0.004488 0.003638
12 0.234590 0.114484 0.009575 0.005684
12 0.722472 0.114029 0.009276 0.005684
12 0.744913 0.111983 0.008677 0.006139
12 0.582735 0.111755 0.009874 0.005684
12 0.270796 0.111983 0.009575 0.006139
12 0.767804 0.109368 0.008977 0.005457
18 0.569719 0.109141 0.007780 0.005002
18 0.569719 0.114143 0.007780 0.005002
12 0.294135 0.109368 0.009575 0.005457
12 0.631209 0.109254 0.009874 0.006139
12 0.602932 0.109254 0.009575 0.006139
12 0.464542 0.106867 0.009276 0.005912
12 0.430281 0.106867 0.008977 0.005912
12 0.656194 0.106526 0.009575 0.006139
18 0.370138 0.106526 0.009575 0.006139
12 0.312537 0.106526 0.009276 0.006139
12 0.511221 0.104366 0.009276 0.005457
12 0.487283 0.104479 0.009276 0.005684
12 0.332136 0.104252 0.010174 0.005230
12 0.537852 0.101637 0.009874 0.006367
11 0.162777 0.096749 0.009575 0.006594
12 0.068971 0.089245 0.004488 0.009322
12 0.070317 0.058890 0.007181 0.006367
11 0.285607 0.071282 0.005685 0.002956
12 0.293088 0.051046 0.008677 0.006139
18 0.605027 0.069463 0.011969 0.004775
13 0.600987 0.051046 0.009276 0.006139
12 0.125075 0.062869 0.007780 0.004320
12 0.804907 0.061619 0.008977 0.006367
18 0.115949 0.060596 0.008079 0.005230
12 0.697187 0.059459 0.008378 0.005684
13 0.847846 0.059004 0.008079 0.005684
12 0.826601 0.058549 0.009276 0.005684
18 0.134201 0.056503 0.006882 0.003411
12 0.234740 0.057526 0.009276 0.006367
12 0.720527 0.056844 0.008977 0.005912
12 0.874476 0.056048 0.009276 0.006139
11 0.271245 0.055025 0.009276 0.005912
12 0.744315 0.054002 0.008677 0.005684
12 0.583932 0.054229 0.009874 0.006139
12 0.765859 0.051501 0.008677 0.006139
12 0.628516 0.051160 0.009276 0.006367
12 0.462448 0.049000 0.008677 0.006594
12 0.656643 0.048772 0.009276 0.007049
12 0.312537 0.048658 0.009276 0.006821
12 0.429982 0.048545 0.009575 0.007503
11 0.370886 0.048545 0.009874 0.007503
12 0.510174 0.047181 0.008977 0.006594
12 0.484440 0.046044 0.008378 0.006139
12 0.331239 0.045816 0.009575 0.006594
12 0.538600 0.043543 0.008977 0.006594
11 0.163226 0.040359 0.008677 0.007503
0 0.090515 0.632901 0.023639 0.023874
5 0.815829 0.054457 0.008079 0.013870
4 0.615649 0.050819 0.009874 0.015689
3 0.866397 0.055366 0.008677 0.017508
1 0.088121 0.553547 0.022442 0.033424
4 0.282017 0.051728 0.009276 0.013870
3 0.866697 0.113120 0.006882 0.016598
3 0.710802 0.114711 0.006284 0.017053
3 0.709904 0.055821 0.006882 0.012960
0 0.092908 0.103115 0.022442 0.032060
4 0.381957 0.243633 0.009276 0.014779
4 0.497457 0.044225 0.009276 0.013415
3 0.837373 0.056048 0.006882 0.017963
3 0.451376 0.234084 0.006882 0.019327
4 0.521095 0.150409 0.008677 0.012960
1 0.090814 0.815484 0.023040 0.038881
5 0.114452 0.306617 0.008079 0.012506
5 0.530371 0.179513 0.006882 0.014779
0 0.089916 0.769554 0.022442 0.031605
3 0.838570 0.117667 0.005685 0.012051
3 0.839467 0.248181 0.007481 0.014779
4 0.617145 0.192474 0.009276 0.013415
3 0.527977 0.229081 0.006882 0.012051
4 0.499252 0.103797 0.009276 0.014325
4 0.380760 0.195884 0.009276 0.013870
4 0.732346 0.243179 0.008677 0.012051
5 0.282615 0.110391 0.008079 0.012960
3 0.918163 0.103570 0.006882 0.017508
3 0.765859 0.815257 0.006284 0.012960
2 0.086026 0.492838 0.019449 0.018417
3 0.732944 0.055366 0.007481 0.019327
0 0.088719 0.588336 0.022442 0.032970
5 0.924147 0.088108 0.006882 0.011141
3 0.735039 0.149727 0.006882 0.015234
3 0.640485 0.861187 0.006882 0.016598
3 0.703022 0.861187 0.007481 0.016598
3 0.794285 0.248636 0.006882 0.013870
4 0.618043 0.107890 0.009874 0.014325
3 0.898414 0.815484 0.006882 0.013415
0 0.088121 0.306162 0.022442 0.031605
5 0.759874 0.105161 0.007481 0.013415
5 0.758079 0.047863 0.008677 0.014325
2 0.088420 0.252501 0.020646 0.018872
2 0.089617 0.205207 0.020646 0.018872
5 0.113854 0.859368 0.009276 0.014779
5 0.114752 0.808436 0.008677 0.013870
2 0.089617 0.719077 0.019449 0.018872
5 0.113854 0.722487 0.008079 0.014779
3 0.591712 0.907572 0.006284 0.015689
5 0.114752 0.949864 0.008677 0.015689
4 0.731448 0.197249 0.009276 0.012960
3 0.642280 0.148363 0.006882 0.018872
5 0.113256 0.588790 0.008079 0.014779
2 0.090814 0.681787 0.023040 0.018872
5 0.114452 0.684970 0.008079 0.014325
5 0.114452 0.899159 0.008079 0.012506
5 0.113256 0.631992 0.008079 0.013870
4 0.172501 0.197476 0.009276 0.016144
3 0.450778 0.188381 0.006882 0.018872
4 0.734440 0.111073 0.006882 0.010687
5 0.837672 0.195657 0.006284 0.014325
4 0.123279 0.256480 0.008378 0.012733
4 0.115200 0.248749 0.007780 0.014552
4 0.125075 0.210323 0.008378 0.013188
4 0.115799 0.201910 0.008977 0.013643
3 0.911430 0.199181 0.005984 0.015462
4 0.125075 0.104593 0.008378 0.015462
4 0.116397 0.095498 0.008977 0.012733
4 0.135248 0.094361 0.008378 0.015007
1 0.080790 0.398136 0.005984 0.022283
5 0.618492 0.138472 0.006583 0.013188
0 0.917714 0.155070 0.005386 0.009095
3 0.910233 0.147794 0.007181 0.018190
3 0.917115 0.062983 0.006583 0.015916
3 0.908438 0.054116 0.005984 0.014552
5 0.932675 0.153024 0.006583 0.010459
4 0.924297 0.144839 0.006583 0.011369
3 0.072561 0.854138 0.008079 0.014325
4 0.082286 0.857094 0.007780 0.014325
4 0.094255 0.943497 0.007780 0.014325
4 0.086326 0.069463 0.008079 0.014325
4 0.093507 0.064916 0.008079 0.014325
5 0.100838 0.071055 0.007780 0.014325
3 0.683573 0.197590 0.008079 0.012733
4 0.687911 0.197590 0.007780 0.012733
4 0.116996 0.147340 0.007780 0.014097
4 0.089019 0.355048 0.008079 0.014325
5 0.094853 0.356185 0.007780 0.014325
4 0.082436 0.351864 0.008079 0.014325
4 0.094255 0.338677 0.007780 0.014325
5 0.087223 0.444407 0.008079 0.014325
5 0.094853 0.442588 0.007780 0.014325
4 0.704518 0.685880 0.008079 0.014325
3 0.714243 0.689063 0.007780 0.014325
4 0.084530 0.905980 0.008079 0.014325
4 0.091113 0.902569 0.008079 0.014325
5 0.097846 0.892565 0.007780 0.014325