7 0.891674 0.935868 0.010146 0.012032
9 0.279469 0.932690 0.004476 0.023837
7 0.892569 0.880931 0.010146 0.013848
9 0.281707 0.877753 0.008356 0.023837
10 0.685765 0.835414 0.005968 0.001816
10 0.477469 0.832463 0.007162 0.002270
10 0.440764 0.832690 0.013727 0.004540
8 0.700686 0.833031 0.009549 0.007491
10 0.475679 0.829285 0.008356 0.002270
9 0.604446 0.812826 0.009251 0.019296
9 0.427186 0.819637 0.010445 0.027923
7 0.532378 0.811918 0.011340 0.017480
7 0.335124 0.818048 0.009549 0.020658
7 0.281110 0.817140 0.012534 0.017934
7 0.397493 0.814642 0.012534 0.013394
7 0.635333 0.814529 0.011937 0.013621
10 0.605491 0.809308 0.005968 0.001816
7 0.575052 0.815323 0.011937 0.015210
6 0.910922 0.814529 0.009848 0.017253
10 0.234258 0.797957 0.005968 0.001816
10 0.172486 0.785244 0.008953 0.004994
10 0.671143 0.779569 0.005968 0.001816
10 0.404058 0.777299 0.006565 0.004540
10 0.884811 0.767083 0.008356 0.003632
10 0.678902 0.716345 0.005968 0.002043
10 0.173679 0.716913 0.013727 0.004540
10 0.197851 0.716005 0.015518 0.004540
10 0.880782 0.710783 0.013429 0.004540
9 0.218741 0.699659 0.012534 0.037684
6 0.171889 0.637344 0.005968 0.023837
8 0.406744 0.540182 0.004775 0.020204
9 0.184124 0.538252 0.008356 0.031782
7 0.385258 0.537230 0.011937 0.013394
8 0.168308 0.534279 0.011340 0.008400
7 0.586392 0.537003 0.009549 0.013394
7 0.267681 0.536776 0.011937 0.012940
7 0.714712 0.536776 0.008356 0.002497
7 0.475679 0.536549 0.008953 0.012940
9 0.422859 0.540295 0.008356 0.026788
10 0.405551 0.531896 0.005968 0.002270
7 0.891077 0.532917 0.006565 0.007037
9 0.498359 0.537344 0.010146 0.029966
9 0.349448 0.538820 0.009549 0.027923
9 0.327663 0.541544 0.010146 0.029739
10 0.441361 0.527128 0.005968 0.002724
9 0.204118 0.539047 0.011340 0.027923
10 0.351238 0.526901 0.007162 0.002724
9 0.552969 0.534279 0.009549 0.032463
10 0.720680 0.501249 0.005968 0.003632
10 0.322292 0.467196 0.013130 0.004994
7 0.490600 0.463564 0.010743 0.011351
10 0.483438 0.434506 0.007162 0.001816
8 0.288571 0.427242 0.013727 0.016799
10 0.721576 0.429285 0.005968 0.002270
10 0.538944 0.429512 0.015518 0.004994
7 0.214861 0.357208 0.011340 0.012940
7 0.167114 0.357435 0.012534 0.014302
7 0.215458 0.304767 0.011340 0.013394
7 0.166219 0.304994 0.011937 0.012940
10 0.276932 0.291260 0.007759 0.003632
10 0.593256 0.267650 0.005968 0.001816
9 0.392420 0.260045 0.004178 0.019296
10 0.631155 0.252213 0.007759 0.002724
10 0.435094 0.252440 0.010743 0.003632
9 0.268577 0.242338 0.008356 0.030647
10 0.570874 0.200681 0.006565 0.003178
10 0.512683 0.195006 0.007162 0.003632
9 0.684273 0.199546 0.007759 0.025426
9 0.827216 0.202270 0.008356 0.015891
9 0.735004 0.195687 0.008953 0.027696
7 0.770815 0.191714 0.011340 0.012486
7 0.859445 0.190352 0.010743 0.010216
9 0.807968 0.198184 0.010445 0.025880
9 0.717398 0.197730 0.011937 0.025426
7 0.662787 0.191487 0.008953 0.002497
7 0.269173 0.189671 0.011937 0.013394
10 0.176813 0.180704 0.006267 0.001816
10 0.797672 0.129171 0.005968 0.001816
10 0.695613 0.128717 0.011937 0.003178
10 0.696210 0.126220 0.011937 0.002724
10 0.472695 0.123723 0.007759 0.003178
9 0.607281 0.132917 0.008356 0.024291
9 0.369442 0.127242 0.004178 0.023383
10 0.710534 0.119183 0.019099 0.004086
10 0.667562 0.086266 0.005968 0.001816
10 0.858848 0.071283 0.008356 0.003178
9 0.136974 0.070261 0.010146 0.025653
10 0.607580 0.052213 0.008356 0.003178
17 0.173381 0.926447 0.010743 0.007719
17 0.401074 0.907946 0.010743 0.007037
12 0.637869 0.867877 0.010445 0.007264
12 0.173232 0.871964 0.009848 0.007719
17 0.399731 0.852781 0.010445 0.008400
12 0.401820 0.767877 0.011638 0.007491
13 0.171292 0.774461 0.011937 0.007037
12 0.283050 0.774120 0.010445 0.006810
13 0.533721 0.768104 0.011041 0.006583
13 0.220531 0.755619 0.010146 0.007491
13 0.332736 0.755165 0.010146 0.007037
13 0.788869 0.750170 0.011041 0.007037
13 0.472993 0.749716 0.011937 0.007491
13 0.692629 0.749035 0.010743 0.007037
13 0.578484 0.749035 0.011041 0.007491
12 0.169054 0.693417 0.009848 0.007491
12 0.218591 0.687628 0.010445 0.007719
12 0.358550 0.687287 0.009251 0.007491
11 0.281409 0.687514 0.010146 0.007946
12 0.638168 0.686947 0.009848 0.007719
17 0.716055 0.679796 0.009251 0.007491
17 0.478812 0.636436 0.011041 0.007037
17 0.268278 0.629285 0.010146 0.006810
11 0.844972 0.620091 0.009251 0.007491
17 0.718442 0.618956 0.010445 0.007491
17 0.478812 0.586606 0.010445 0.007264
17 0.717845 0.567423 0.009848 0.007946
12 0.169502 0.499773 0.011340 0.007946
13 0.267681 0.498070 0.010743 0.007719
13 0.386452 0.497276 0.010743 0.007491
13 0.478962 0.492963 0.010146 0.007037
13 0.590570 0.492509 0.010146 0.007491
12 0.718442 0.487060 0.010445 0.007037
12 0.204267 0.481839 0.011041 0.006583
12 0.331095 0.479115 0.010445 0.007037
13 0.424202 0.478661 0.010445 0.007491
13 0.637272 0.473666 0.010445 0.007037
13 0.525067 0.473666 0.010445 0.007037
13 0.784393 0.468558 0.011041 0.006810
13 0.895404 0.468218 0.011041 0.007037
18 0.571322 0.373099 0.010445 0.007491
17 0.271710 0.373099 0.010445 0.007491
17 0.473590 0.372758 0.010743 0.007719
17 0.861981 0.359705 0.010445 0.007037
17 0.666667 0.346765 0.010146 0.007037
17 0.272904 0.322020 0.010445 0.007037
17 0.571173 0.320885 0.010743 0.007491
17 0.473739 0.320318 0.011041 0.008173
17 0.664130 0.294779 0.011041 0.007491
13 0.071471 0.283995 0.005670 0.018615
17 0.666816 0.246879 0.011041 0.007037
12 0.571024 0.243927 0.010445 0.007037
12 0.415100 0.238593 0.010146 0.006810
12 0.071471 0.220658 0.005670 0.029966
13 0.215309 0.195119 0.011638 0.007946
13 0.214861 0.187287 0.010146 0.006810
13 0.166517 0.194438 0.011340 0.006583
13 0.166517 0.201022 0.011340 0.006583
13 0.859893 0.155278 0.011041 0.007264
13 0.767980 0.155392 0.011041 0.007491
13 0.662936 0.154711 0.011041 0.007491
17 0.271262 0.117026 0.010743 0.007491
17 0.117875 0.069807 0.008356 0.008854
11 0.165622 0.050057 0.009549 0.007491
12 0.270218 0.045516 0.010445 0.007946
1 0.096837 0.131328 0.022381 0.039274
1 0.097135 0.479569 0.022381 0.040182
4 0.139511 0.347446 0.009848 0.013848
1 0.098030 0.428490 0.022978 0.038820
3 0.890033 0.067764 0.007460 0.018842
3 0.882871 0.468445 0.007460 0.017480
2 0.099224 0.253916 0.012235 0.016572
0 0.084602 0.537003 0.020591 0.023383
3 0.303044 0.416005 0.006864 0.016118
3 0.625933 0.527696 0.007460 0.018842
4 0.542375 0.407151 0.010445 0.014756
4 0.833632 0.619864 0.006864 0.012486
4 0.155476 0.501362 0.009549 0.016572
3 0.159206 0.772191 0.007460 0.017934
3 0.770665 0.468785 0.007460 0.015891
3 0.903760 0.545176 0.008057 0.020204
2 0.097732 0.355846 0.018204 0.018842
2 0.099523 0.302724 0.013429 0.016118
1 0.098627 0.719750 0.022381 0.034733
3 0.706207 0.620772 0.006267 0.012032
4 0.514026 0.526334 0.006864 0.011578
3 0.601761 0.529966 0.008057 0.016118
5 0.489555 0.524291 0.006864 0.011578
3 0.465682 0.584222 0.006864 0.016118
4 0.463593 0.415551 0.010445 0.013848
4 0.460907 0.197843 0.009848 0.015210
2 0.098926 0.591260 0.020591 0.020204
5 0.321397 0.924064 0.009549 0.015210
4 0.707401 0.486606 0.007460 0.012486
4 0.465085 0.635528 0.007460 0.012486
5 0.520889 0.764018 0.008654 0.013848
3 0.320352 0.756754 0.007460 0.017480
3 0.232319 0.685017 0.007460 0.021112
5 0.735154 0.678888 0.008057 0.012032
3 0.914354 0.180704 0.007162 0.015891
3 0.269919 0.685471 0.007460 0.015664
3 0.412862 0.683655 0.006864 0.014302
4 0.864070 0.681612 0.009251 0.011578
3 0.832140 0.488876 0.007460 0.013848
2 0.097434 0.641430 0.020591 0.019750
5 0.627425 0.763791 0.008057 0.013394
3 0.272307 0.771510 0.006864 0.017026
1 0.102059 0.814415 0.022680 0.040636
4 0.708296 0.809194 0.006267 0.010216
3 0.654879 0.685925 0.007460 0.016118
5 0.539391 0.526107 0.007460 0.014756
3 0.839899 0.680477 0.007460 0.013848
1 0.099821 0.764472 0.022381 0.036095
2 0.101611 0.881158 0.019397 0.019750
3 0.833632 0.568785 0.006267 0.017480
5 0.773053 0.533598 0.008057 0.011124
3 0.831543 0.407151 0.007460 0.020204
5 0.519696 0.686379 0.008057 0.013848
3 0.156520 0.416005 0.007460 0.020204
5 0.388093 0.764245 0.008057 0.012940
3 0.207252 0.755392 0.006864 0.016118
3 0.207252 0.687741 0.007460 0.016118
4 0.863175 0.749943 0.009251 0.013848
5 0.321546 0.869126 0.009251 0.015210
5 0.681737 0.677980 0.007460 0.013848
2 0.101910 0.934960 0.018204 0.020204
4 0.131603 0.765267 0.008953 0.012713
4 0.122053 0.755959 0.008953 0.014983
4 0.139361 0.750965 0.008953 0.013167
4 0.131304 0.646538 0.008953 0.014075
4 0.121456 0.637457 0.009549 0.014983
4 0.130707 0.478320 0.008953 0.014529
4 0.119666 0.468785 0.009549 0.013621
4 0.138168 0.118048 0.008953 0.013167
4 0.128320 0.259251 0.008953 0.015891
4 0.119069 0.250851 0.009549 0.016345
4 0.121755 0.530079 0.008356 0.014529
4 0.139660 0.526674 0.009549 0.014983
4 0.130707 0.595914 0.008356 0.013621
4 0.122053 0.586379 0.008953 0.014529
4 0.128320 0.307605 0.009549 0.016345
4 0.136974 0.296935 0.008953 0.015891
4 0.142942 0.929852 0.008953 0.014075
4 0.119815 0.181839 0.008654 0.015437
4 0.129514 0.714415 0.009549 0.015437
4 0.121158 0.706243 0.008953 0.016345
4 0.137869 0.701703 0.008953 0.014529
5 0.542077 0.811805 0.008057 0.014529
3 0.649955 0.528717 0.005968 0.019069
5 0.658311 0.519410 0.005968 0.015891
4 0.123545 0.804767 0.008356 0.014529
4 0.129215 0.426788 0.009549 0.015891
4 0.119666 0.419523 0.009549 0.015891
4 0.139063 0.417026 0.008953 0.016345
4 0.129812 0.360045 0.008953 0.015891
4 0.119964 0.352327 0.009549 0.015891
4 0.124739 0.877185 0.010146 0.015891
3 0.341540 0.819637 0.007460 0.015210
5 0.348403 0.824177 0.007460 0.015210
3 0.362280 0.818275 0.007162 0.015210
3 0.097135 0.073893 0.007460 0.015210
5 0.104446 0.080704 0.007162 0.015210
3 0.594897 0.809648 0.007460 0.015210
5 0.798418 0.530874 0.007460 0.015210
3 0.168756 0.818275 0.007460 0.015210
3 0.174873 0.824858 0.007162 0.015210
3 0.218293 0.527469 0.007460 0.015210
4 0.132647 0.812145 0.007460 0.015210
4 0.142047 0.800341 0.007162 0.015210
4 0.680245 0.538820 0.007460 0.015210
5 0.689943 0.538820 0.007162 0.015210
4 0.063712 0.296595 0.007460 0.015210
4 0.750075 0.817594 0.007460 0.012940
3 0.755595 0.817594 0.007162 0.012940
4 0.738436 0.883655 0.007460 0.015210
4 0.743957 0.881612 0.007162 0.015210
4 0.883468 0.685812 0.007460 0.013621
5 0.888392 0.685812 0.007162 0.013621