7 0.202569 0.945593 0.011951 0.013403
7 0.289812 0.945366 0.011951 0.012949
6 0.364804 0.944230 0.008963 0.017038
7 0.437108 0.845184 0.011951 0.012949
9 0.772035 0.847910 0.008963 0.028851
9 0.656409 0.845411 0.008366 0.024761
6 0.456528 0.844502 0.008963 0.017946
9 0.670750 0.845298 0.005976 0.042254
10 0.658201 0.835302 0.005976 0.002272
10 0.237227 0.790095 0.006573 0.002726
7 0.903794 0.631872 0.011353 0.014312
6 0.184942 0.631418 0.008963 0.017492
6 0.285330 0.629600 0.008963 0.017492
6 0.379743 0.583939 0.008963 0.016583
10 0.799223 0.528623 0.006573 0.002272
10 0.753809 0.484780 0.005976 0.002726
10 0.571557 0.484780 0.007171 0.003180
10 0.551539 0.484780 0.007768 0.003180
7 0.149985 0.480350 0.011353 0.013403
10 0.785480 0.466947 0.014341 0.002045
10 0.354795 0.464902 0.005677 0.001590
7 0.679116 0.472058 0.009561 0.015448
10 0.387810 0.463199 0.006573 0.002726
10 0.800120 0.433667 0.008963 0.003180
10 0.404840 0.426624 0.005976 0.003180
10 0.787870 0.391867 0.007171 0.004089
7 0.150284 0.385847 0.011951 0.013403
9 0.589483 0.377215 0.004780 0.019309
9 0.476845 0.375170 0.004183 0.024307
9 0.378249 0.372672 0.004183 0.028396
10 0.683896 0.333712 0.005976 0.002272
10 0.510308 0.328260 0.006573 0.002726
10 0.356140 0.319173 0.011353 0.004998
8 0.179265 0.319287 0.011353 0.006588
6 0.713475 0.323603 0.008963 0.017038
6 0.804900 0.322013 0.008963 0.017492
6 0.629220 0.321445 0.008963 0.017265
6 0.456827 0.321558 0.009561 0.017946
6 0.544667 0.321104 0.009561 0.018855
8 0.616970 0.236824 0.011353 0.007497
10 0.379743 0.228987 0.006573 0.003180
7 0.598745 0.228646 0.011951 0.012949
7 0.510905 0.228192 0.011951 0.012949
10 0.440394 0.223762 0.007171 0.002726
8 0.423663 0.225466 0.011951 0.007497
9 0.615178 0.224784 0.008963 0.016129
9 0.404243 0.228305 0.006573 0.042708
9 0.711085 0.222512 0.004780 0.022944
10 0.876307 0.179010 0.006573 0.004543
7 0.858381 0.170945 0.011353 0.013403
7 0.773230 0.170945 0.011951 0.013403
7 0.683597 0.170945 0.011951 0.013403
7 0.599044 0.170718 0.011353 0.012494
7 0.510009 0.170264 0.011353 0.013403
7 0.421870 0.170036 0.011951 0.013857
10 0.383627 0.128464 0.008366 0.002953
7 0.477442 0.125511 0.007171 0.018401
7 0.384673 0.116879 0.007469 0.014766
10 0.375710 0.112562 0.006274 0.002953
10 0.344189 0.109155 0.007171 0.002499
10 0.463998 0.099046 0.008366 0.004998
10 0.922916 0.088823 0.008366 0.003635
10 0.337915 0.088142 0.011951 0.004543
8 0.893039 0.079282 0.010756 0.007724
7 0.857484 0.077351 0.008963 0.012494
7 0.776218 0.077124 0.011353 0.012949
10 0.278757 0.071786 0.007171 0.003635
8 0.177174 0.071899 0.011951 0.007042
6 0.242904 0.074171 0.009561 0.018855
9 0.377652 0.074284 0.006573 0.027715
17 0.508366 0.959109 0.010457 0.006815
17 0.422020 0.959109 0.009860 0.006815
17 0.686137 0.958769 0.009860 0.006588
17 0.595459 0.958769 0.010158 0.007042
17 0.860173 0.958201 0.009561 0.006361
17 0.771586 0.958314 0.009860 0.006588
11 0.149537 0.951840 0.009860 0.006361
11 0.236032 0.951272 0.009561 0.006134
12 0.327009 0.948546 0.008664 0.006134
18 0.345384 0.942640 0.005976 0.004316
12 0.437257 0.902431 0.010457 0.006134
12 0.704063 0.902204 0.009860 0.006134
11 0.274724 0.900727 0.009262 0.005906
11 0.185987 0.900841 0.009860 0.006134
17 0.329101 0.900386 0.010457 0.007042
12 0.790708 0.898682 0.009860 0.006361
11 0.237974 0.898455 0.009860 0.005906
11 0.149836 0.898569 0.008664 0.006134
12 0.689125 0.896751 0.009860 0.006134
12 0.457574 0.895048 0.009262 0.005906
12 0.745294 0.894025 0.009860 0.006134
12 0.658201 0.891981 0.008366 0.005679
12 0.773080 0.891527 0.009262 0.005679
12 0.808933 0.890845 0.009860 0.005225
12 0.527338 0.889482 0.008963 0.005679
12 0.474156 0.889709 0.009561 0.006134
12 0.420825 0.889823 0.009262 0.006361
12 0.631162 0.889482 0.009262 0.006134
12 0.721094 0.889028 0.009262 0.006134
12 0.832686 0.885847 0.008963 0.006134
12 0.883328 0.885507 0.009262 0.005906
13 0.615028 0.884825 0.009262 0.006361
18 0.872423 0.882440 0.005378 0.002953
12 0.561249 0.883916 0.009262 0.006361
12 0.509262 0.882894 0.009262 0.006134
12 0.860472 0.881531 0.009561 0.006588
12 0.919032 0.881531 0.008963 0.007042
12 0.596504 0.878919 0.009262 0.006361
12 0.543920 0.876079 0.009262 0.007042
12 0.900359 0.872217 0.009262 0.005679
12 0.704362 0.847683 0.009860 0.006134
12 0.790708 0.844957 0.009262 0.006134
12 0.686436 0.842685 0.008664 0.006134
11 0.187183 0.841663 0.009262 0.005906
11 0.275022 0.841322 0.008067 0.006134
12 0.745294 0.839959 0.009262 0.006134
11 0.237825 0.838823 0.008963 0.005679
11 0.150433 0.839050 0.007469 0.006134
11 0.485958 0.839505 0.005677 0.008405
12 0.808485 0.837460 0.008366 0.005679
12 0.773529 0.837574 0.008963 0.005906
12 0.657753 0.837574 0.007469 0.005906
17 0.328354 0.838142 0.010756 0.007042
12 0.420376 0.835529 0.009561 0.005906
18 0.819689 0.833939 0.005079 0.003180
12 0.528682 0.835189 0.009860 0.006134
12 0.721691 0.834961 0.008664 0.006134
13 0.633552 0.834961 0.009262 0.006134
12 0.831939 0.832122 0.009262 0.005906
12 0.886167 0.832008 0.008963 0.006134
12 0.616373 0.829964 0.009561 0.005679
12 0.511353 0.829736 0.008664 0.006134
12 0.563340 0.829282 0.009860 0.006134
12 0.917538 0.826783 0.008366 0.006588
12 0.862713 0.826783 0.008664 0.007042
12 0.596803 0.823830 0.008664 0.006134
12 0.546011 0.821899 0.008664 0.006815
18 0.902002 0.818605 0.009561 0.005679
17 0.328802 0.803385 0.010457 0.007497
17 0.863161 0.794071 0.010756 0.006134
17 0.863161 0.800204 0.010756 0.006134
17 0.774425 0.794071 0.010756 0.006134
17 0.774425 0.800204 0.010756 0.006134
17 0.510457 0.794412 0.010457 0.007269
17 0.422169 0.794298 0.010158 0.007042
17 0.597699 0.791572 0.010457 0.006134
17 0.597699 0.797706 0.010457 0.006134
18 0.687631 0.797819 0.009860 0.006361
12 0.687631 0.791458 0.009860 0.006361
11 0.237377 0.788278 0.009262 0.005452
11 0.170451 0.788392 0.009262 0.005679
11 0.150284 0.788392 0.008366 0.005679
11 0.260382 0.787937 0.009860 0.006588
18 0.585450 0.743299 0.007469 0.004089
18 0.584255 0.749091 0.007469 0.004771
11 0.236779 0.742049 0.009262 0.005679
11 0.149686 0.742390 0.009561 0.006361
17 0.688527 0.740232 0.010457 0.005679
17 0.688527 0.745911 0.010457 0.005679
17 0.597998 0.740118 0.009860 0.005906
17 0.597998 0.746025 0.009860 0.005906
11 0.276068 0.739096 0.009561 0.006134
11 0.186734 0.739323 0.009561 0.006588
17 0.864057 0.737733 0.010158 0.006134
17 0.864057 0.743866 0.010158 0.006134
18 0.768898 0.741481 0.008664 0.005906
12 0.767254 0.734325 0.005378 0.003862
17 0.776666 0.737619 0.008664 0.005906
18 0.366448 0.736256 0.009262 0.006361
17 0.511652 0.735120 0.010457 0.005906
17 0.511652 0.741027 0.010457 0.005906
17 0.422916 0.735120 0.009860 0.005906
17 0.422916 0.741027 0.009860 0.005906
12 0.327607 0.733644 0.010457 0.006134
17 0.327607 0.739777 0.010457 0.006134
17 0.724529 0.690027 0.008963 0.006134
11 0.688228 0.690027 0.009262 0.006134
17 0.599791 0.689800 0.010457 0.006134
11 0.220944 0.686733 0.004482 0.004543
11 0.152226 0.683326 0.009262 0.006361
11 0.236182 0.682758 0.009860 0.006134
11 0.275321 0.680713 0.008664 0.005679
11 0.187780 0.680940 0.009860 0.006134
11 0.328503 0.680486 0.009262 0.006134
11 0.903645 0.679577 0.008664 0.004771
11 0.865999 0.679350 0.008664 0.005679
17 0.775321 0.679123 0.010158 0.007042
11 0.511353 0.677306 0.009262 0.005679
11 0.547505 0.676851 0.008664 0.005679
17 0.424111 0.677079 0.010457 0.007042
12 0.384075 0.676624 0.009262 0.006134
11 0.249477 0.645161 0.008963 0.006361
11 0.150134 0.642549 0.008664 0.006588
11 0.532417 0.637324 0.009561 0.005679
11 0.837765 0.637097 0.009561 0.005679
11 0.796385 0.637324 0.009262 0.006134
11 0.729011 0.637324 0.009561 0.006134
17 0.630714 0.637551 0.010158 0.006588
13 0.591126 0.637324 0.009860 0.006588
17 0.443532 0.637324 0.009860 0.006588
12 0.401105 0.637097 0.009860 0.006134
17 0.342994 0.637097 0.009561 0.006588
17 0.250523 0.598478 0.011055 0.006588
17 0.151479 0.595298 0.010158 0.007497
11 0.342994 0.590073 0.009561 0.006134
12 0.770093 0.585075 0.009262 0.006134
17 0.884523 0.585189 0.009860 0.006815
12 0.838064 0.582576 0.008963 0.005679
12 0.798775 0.582803 0.009262 0.006134
11 0.671497 0.580191 0.009262 0.006361
12 0.568419 0.580077 0.009860 0.006588
11 0.727667 0.580077 0.009262 0.007042
11 0.632955 0.578146 0.009860 0.005906
12 0.594114 0.577806 0.009860 0.005679
11 0.442336 0.574852 0.009860 0.006134
11 0.479086 0.572353 0.009262 0.005679
11 0.535255 0.571786 0.009262 0.006361
18 0.256498 0.542254 0.006872 0.002272
12 0.569764 0.533962 0.010158 0.006134
11 0.884822 0.533507 0.009262 0.006134
12 0.770690 0.533507 0.009262 0.006588
11 0.838512 0.531236 0.007469 0.005679
12 0.798327 0.531236 0.007768 0.005679
12 0.593815 0.528964 0.009262 0.006134
11 0.632805 0.528737 0.009561 0.006134
17 0.441440 0.528510 0.009262 0.006134
12 0.404093 0.528510 0.009860 0.006134
13 0.379444 0.528283 0.008366 0.006588
11 0.533762 0.526011 0.009262 0.005679
11 0.481177 0.526011 0.009860 0.005679
11 0.729758 0.526011 0.008664 0.006134
11 0.671945 0.526238 0.010158 0.006588
13 0.287870 0.526011 0.009262 0.006134
12 0.269943 0.523853 0.009262 0.006361
12 0.305199 0.521922 0.009262 0.006134
12 0.249627 0.520559 0.008067 0.007042
11 0.344786 0.520104 0.009561 0.007042
17 0.152076 0.520332 0.008963 0.007497
12 0.208396 0.498978 0.009860 0.007497
12 0.207798 0.480691 0.009860 0.006361
11 0.169854 0.498296 0.009262 0.007042
11 0.168957 0.480463 0.011055 0.006815
18 0.106364 0.485461 0.004183 0.004089
11 0.866149 0.483530 0.009561 0.005679
12 0.595459 0.483303 0.009561 0.005679
12 0.572154 0.483189 0.009561 0.005452
12 0.551539 0.483189 0.008963 0.005452
12 0.499552 0.483303 0.009561 0.005679
12 0.481327 0.483303 0.009561 0.005679
12 0.462354 0.483303 0.009860 0.005679
12 0.444129 0.483076 0.009262 0.005225
12 0.403794 0.483303 0.009860 0.005679
12 0.382283 0.483189 0.009860 0.005452
12 0.364655 0.483417 0.009262 0.005906
12 0.838661 0.483303 0.009561 0.006134
12 0.797879 0.483303 0.009262 0.006134
12 0.770690 0.482962 0.009262 0.005452
12 0.752465 0.483076 0.009860 0.005679
12 0.730953 0.483417 0.009262 0.006361
12 0.692411 0.483303 0.009860 0.006134
12 0.671497 0.483076 0.009860 0.005679
12 0.655512 0.483076 0.010158 0.005679
12 0.634299 0.483303 0.009561 0.006134
12 0.533164 0.483189 0.009860 0.005906
12 0.344936 0.477624 0.009262 0.005679
12 0.344936 0.483303 0.009262 0.005679
17 0.249925 0.475125 0.010457 0.006134
17 0.249925 0.481259 0.010457 0.006134
11 0.838811 0.436279 0.009860 0.005679
12 0.799223 0.436052 0.009561 0.006134
12 0.770541 0.433553 0.009561 0.005679
11 0.886017 0.433553 0.009860 0.006134
11 0.670899 0.433326 0.009860 0.006134
11 0.632656 0.430827 0.009860 0.005679
12 0.593517 0.430713 0.008067 0.005906
12 0.209591 0.430373 0.008664 0.005679
11 0.729459 0.428328 0.009860 0.006134
11 0.534957 0.428101 0.009262 0.006134
11 0.481028 0.427760 0.010158 0.006361
11 0.153421 0.427419 0.009860 0.006134
11 0.442336 0.425375 0.008067 0.005225
12 0.403197 0.425148 0.008664 0.005679
11 0.344637 0.422649 0.009860 0.006588
17 0.250822 0.422194 0.011055 0.007497
18 0.178817 0.388687 0.005677 0.004089
12 0.077682 0.382894 0.004183 0.005225
11 0.825515 0.380622 0.004780 0.003408
12 0.826561 0.375738 0.004482 0.004543
11 0.840006 0.376988 0.009860 0.006134
12 0.799970 0.377101 0.009860 0.006361
11 0.887212 0.374716 0.008664 0.005679
12 0.771885 0.374716 0.009262 0.006134
11 0.672393 0.374035 0.009262 0.005679
12 0.169256 0.373580 0.009262 0.005679
11 0.633851 0.371990 0.009860 0.006134
12 0.595309 0.371649 0.009262 0.005906
12 0.570362 0.369264 0.008366 0.006588
11 0.731252 0.369150 0.008664 0.006815
11 0.481476 0.368582 0.008664 0.007042
12 0.403197 0.367219 0.009860 0.006134
11 0.441739 0.366311 0.009262 0.006134
11 0.534359 0.363585 0.009262 0.007042
12 0.383328 0.363244 0.009561 0.007269
12 0.211085 0.360859 0.009262 0.006588
12 0.190768 0.359041 0.009262 0.007497
11 0.345832 0.358473 0.009860 0.007269
17 0.250523 0.358587 0.010457 0.008405
11 0.684195 0.335870 0.008963 0.005679
11 0.598596 0.333371 0.009860 0.006588
11 0.859576 0.330872 0.009561 0.005679
11 0.511055 0.330872 0.009262 0.006134
11 0.774425 0.328033 0.010158 0.006361
11 0.423962 0.327806 0.009561 0.006361
12 0.078727 0.305316 0.004482 0.010904
17 0.683149 0.290209 0.009860 0.007042
17 0.332238 0.290209 0.010756 0.007042
17 0.241858 0.287256 0.010457 0.007497
17 0.600090 0.286915 0.009860 0.007269
17 0.857783 0.284530 0.010158 0.006588
17 0.511802 0.284303 0.010158 0.006588
17 0.154616 0.283848 0.010457 0.007042
17 0.774275 0.282031 0.010457 0.007042
17 0.423364 0.280781 0.010158 0.007269
18 0.741111 0.243071 0.005079 0.003635
13 0.542277 0.236256 0.004780 0.004089
13 0.545414 0.206611 0.008664 0.006588
12 0.454736 0.236824 0.005976 0.005225
13 0.458171 0.210245 0.009262 0.006588
12 0.380490 0.230918 0.009262 0.005225
12 0.365850 0.228532 0.009860 0.006815
12 0.440245 0.226261 0.008067 0.005452
12 0.350762 0.226261 0.008963 0.005452
11 0.155512 0.226147 0.009860 0.006134
12 0.528981 0.223762 0.009860 0.006361
12 0.332537 0.223648 0.009561 0.006588
12 0.403496 0.222740 0.005079 0.007951
13 0.826860 0.221717 0.009262 0.006361
13 0.278309 0.221149 0.008067 0.005225
13 0.616074 0.221149 0.007768 0.005679
18 0.617419 0.236938 0.007469 0.005452
12 0.807589 0.218878 0.009561 0.006134
12 0.731999 0.218991 0.009561 0.006361
12 0.911712 0.218878 0.009262 0.006588
11 0.244249 0.218423 0.009262 0.006134
12 0.205408 0.218196 0.010457 0.006588
12 0.894084 0.216606 0.008664 0.005679
11 0.775172 0.216833 0.009860 0.006588
12 0.716612 0.216493 0.009860 0.005906
13 0.699582 0.213880 0.009262 0.006134
11 0.861219 0.213426 0.008664 0.006134
12 0.474007 0.212971 0.008664 0.006588
12 0.681954 0.211040 0.008664 0.006815
12 0.564834 0.210927 0.008664 0.007042
12 0.649089 0.208201 0.008664 0.006588
12 0.633552 0.204566 0.008664 0.007497
11 0.730953 0.189232 0.008664 0.006815
12 0.730654 0.171627 0.009262 0.006134
11 0.700179 0.189687 0.010457 0.007724
11 0.699880 0.171399 0.009860 0.006588
11 0.615626 0.189119 0.009262 0.007042
11 0.615028 0.171059 0.009860 0.006361
11 0.647894 0.189119 0.009860 0.007497
12 0.647445 0.171059 0.010158 0.005906
12 0.821930 0.185825 0.006573 0.004543
12 0.822528 0.178896 0.007768 0.005225
11 0.792351 0.185938 0.008366 0.005679
11 0.792202 0.179237 0.009262 0.005906
11 0.262175 0.185938 0.009262 0.006588
11 0.441440 0.184802 0.009262 0.005679
11 0.440992 0.177874 0.007171 0.004998
12 0.474007 0.183780 0.008664 0.006815
12 0.473260 0.177987 0.008366 0.004771
12 0.293995 0.183439 0.007768 0.006134
12 0.560950 0.182303 0.008067 0.004316
11 0.561996 0.175375 0.008963 0.004998
13 0.154168 0.183326 0.008366 0.006361
11 0.173588 0.180713 0.008963 0.006134
17 0.332985 0.180486 0.011055 0.008405
17 0.333284 0.170264 0.010457 0.007951
12 0.205258 0.177987 0.008366 0.005225
13 0.910367 0.176511 0.008963 0.005452
12 0.910367 0.181963 0.008963 0.005452
11 0.876457 0.176397 0.008067 0.005679
11 0.876457 0.182076 0.008067 0.005679
11 0.528832 0.175716 0.008366 0.005679
11 0.528832 0.181395 0.008366 0.005679
17 0.242904 0.170718 0.010158 0.007042
11 0.240813 0.188323 0.007768 0.006815
12 0.382880 0.130850 0.009262 0.005906
12 0.205707 0.130736 0.008664 0.006134
13 0.365252 0.128578 0.008664 0.006815
12 0.189872 0.128010 0.008067 0.006134
12 0.351359 0.125852 0.008366 0.005452
11 0.155214 0.125284 0.009262 0.005225
12 0.333284 0.123467 0.009262 0.006134
17 0.244547 0.122785 0.009860 0.007497
12 0.826262 0.121649 0.009262 0.006134
11 0.648491 0.121536 0.008664 0.005906
17 0.862862 0.121422 0.009561 0.006588
12 0.475202 0.120968 0.007469 0.006134
17 0.684045 0.121195 0.010457 0.007042
17 0.513744 0.120627 0.010457 0.007269
12 0.602629 0.118696 0.008963 0.006134
12 0.776815 0.118696 0.010158 0.006588
11 0.426053 0.117901 0.009561 0.006361
12 0.475500 0.086892 0.007469 0.006134
12 0.475052 0.068719 0.007768 0.006134
12 0.562145 0.085529 0.007469 0.005225
12 0.561846 0.066674 0.009262 0.006588
12 0.730505 0.085529 0.007171 0.005679
12 0.730953 0.067356 0.009262 0.006588
12 0.458321 0.084393 0.007171 0.005679
12 0.459068 0.065766 0.010457 0.006588
12 0.716164 0.082576 0.007171 0.006134
12 0.716313 0.064630 0.008664 0.006588
12 0.545115 0.082122 0.009262 0.006588
12 0.545115 0.064289 0.009262 0.006361
17 0.424709 0.081667 0.009860 0.006588
12 0.424709 0.063040 0.008664 0.007497
11 0.819988 0.079736 0.009262 0.004998
11 0.829101 0.057360 0.008963 0.006588
12 0.701076 0.080191 0.008067 0.005906
12 0.700478 0.061222 0.008067 0.006134
11 0.511802 0.079850 0.007171 0.005679
12 0.511503 0.060541 0.008366 0.006134
12 0.684643 0.077124 0.008664 0.006134
12 0.684643 0.058837 0.008664 0.006815
13 0.601584 0.077465 0.011055 0.007269
13 0.600986 0.058950 0.009860 0.007497
13 0.334329 0.073716 0.009561 0.005679
11 0.279205 0.073603 0.008067 0.005452
13 0.351509 0.071104 0.009262 0.006815
12 0.792949 0.069627 0.008366 0.005679
12 0.367195 0.067924 0.007768 0.006361
12 0.877950 0.067469 0.009262 0.006361
12 0.383478 0.065993 0.008664 0.006134
12 0.809830 0.054407 0.009262 0.007042
12 0.913803 0.053953 0.009262 0.006588
11 0.894981 0.051908 0.009860 0.006134
1 0.099641 0.385393 0.021811 0.039755
1 0.097102 0.696729 0.022109 0.035893
0 0.097849 0.784984 0.023006 0.023853
5 0.128025 0.072126 0.008067 0.014312
0 0.103227 0.169128 0.023603 0.023398
5 0.584852 0.821331 0.007469 0.015675
2 0.099641 0.274989 0.018823 0.018855
5 0.126083 0.118810 0.007768 0.014085
5 0.124141 0.382667 0.007469 0.014766
5 0.124440 0.278510 0.008664 0.015448
1 0.102629 0.074739 0.021811 0.040436
4 0.313564 0.680032 0.009262 0.015220
4 0.829848 0.375852 0.006274 0.012949
1 0.098745 0.432417 0.022408 0.040209
1 0.102928 0.228192 0.021811 0.040663
0 0.098148 0.535325 0.021811 0.033394
1 0.097251 0.846547 0.021811 0.037937
5 0.583358 0.573489 0.007469 0.014312
5 0.387063 0.421286 0.008664 0.014312
5 0.125934 0.168787 0.008067 0.014085
5 0.225127 0.837460 0.008664 0.008405
4 0.223932 0.682303 0.009262 0.015220
2 0.095459 0.630509 0.018823 0.018401
5 0.315357 0.835416 0.007469 0.014312
5 0.675680 0.838596 0.007469 0.012494
5 0.873170 0.826783 0.006872 0.010677
5 0.587541 0.787483 0.008067 0.012494
2 0.388856 0.896297 0.011652 0.013857
5 0.431282 0.421967 0.008664 0.013857
5 0.237078 0.472853 0.007469 0.015220
4 0.786824 0.377442 0.009860 0.011586
5 0.140275 0.835870 0.008664 0.014312
1 0.096654 0.737733 0.021811 0.036574
4 0.819839 0.885166 0.006573 0.012040
5 0.619809 0.573716 0.007469 0.013857
4 0.732746 0.839732 0.009262 0.015675
2 0.098446 0.945593 0.018823 0.019764
5 0.122797 0.892095 0.008366 0.012267
5 0.122050 0.584848 0.008664 0.017492
5 0.122946 0.785211 0.007469 0.013857
5 0.122348 0.736256 0.008664 0.014993
2 0.095757 0.583712 0.020615 0.020218
2 0.097251 0.321104 0.019420 0.018401
5 0.122647 0.535438 0.008664 0.014993
4 0.391545 0.529191 0.009860 0.014766
5 0.123842 0.480236 0.008067 0.014539
0 0.099343 0.480350 0.023603 0.024307
5 0.125934 0.225239 0.008067 0.014312
4 0.097550 0.906293 0.008067 0.012494
5 0.103974 0.906293 0.007768 0.012494
4 0.090977 0.901068 0.008067 0.014312
4 0.102181 0.888573 0.007768 0.014312
5 0.742605 0.229782 0.008067 0.014312
5 0.749925 0.230009 0.007768 0.014312
4 0.099940 0.127101 0.008067 0.012494
5 0.107559 0.127101 0.007768 0.012494
4 0.094562 0.122785 0.008067 0.014312
4 0.106364 0.109382 0.007768 0.014312
4 0.425904 0.528851 0.008067 0.013176
4 0.430236 0.528851 0.007768 0.013176
4 0.425306 0.574852 0.008067 0.014312
4 0.430236 0.574625 0.007768 0.014312
4 0.401404 0.588028 0.008067 0.014312
5 0.409919 0.585984 0.007768 0.014312
4 0.615327 0.530100 0.008067 0.013403
4 0.619659 0.530100 0.007768 0.013403