10 0.375524 0.953274 0.007181 0.002046
10 0.884201 0.951910 0.008378 0.002046
10 0.381508 0.951114 0.008378 0.001819
10 0.883902 0.949523 0.006583 0.002274
10 0.252843 0.949295 0.007181 0.001819
10 0.292340 0.950205 0.008378 0.004548
10 0.269001 0.950205 0.009575 0.004548
7 0.534710 0.951228 0.010772 0.013415
9 0.317475 0.946339 0.008378 0.008186
6 0.650509 0.948272 0.008977 0.017508
10 0.504788 0.941110 0.005984 0.002729
6 0.759126 0.936448 0.005984 0.012051
9 0.278576 0.937358 0.009575 0.029332
10 0.407840 0.909504 0.014363 0.002274
10 0.386894 0.907799 0.008378 0.002046
7 0.534710 0.904388 0.011969 0.013415
6 0.650209 0.902569 0.009575 0.017963
10 0.450329 0.868349 0.005984 0.001819
10 0.728905 0.867667 0.013764 0.005002
10 0.887193 0.862892 0.007181 0.001819
9 0.649910 0.860846 0.008977 0.024557
7 0.252244 0.856412 0.011969 0.012960
7 0.830341 0.855275 0.009575 0.012506
10 0.357271 0.846521 0.006583 0.002729
9 0.571514 0.854138 0.008977 0.026603
10 0.403651 0.822419 0.005984 0.002729
8 0.170856 0.819804 0.007181 0.007958
10 0.590664 0.816962 0.008977 0.003638
10 0.305206 0.816053 0.013764 0.004548
7 0.830640 0.810937 0.010174 0.013870
9 0.397068 0.810482 0.004788 0.020236
9 0.356673 0.809118 0.008977 0.024784
10 0.775284 0.800819 0.005984 0.002274
10 0.602334 0.796953 0.010772 0.002729
8 0.551167 0.805252 0.010174 0.025239
9 0.905446 0.797863 0.004189 0.025921
10 0.592160 0.776489 0.009575 0.001819
10 0.669360 0.771032 0.005984 0.001819
10 0.422801 0.767394 0.005984 0.001819
10 0.165470 0.766485 0.008378 0.004548
10 0.881807 0.764666 0.015560 0.003638
10 0.365051 0.765348 0.016158 0.005002
9 0.665171 0.757276 0.009575 0.021146
9 0.719928 0.749432 0.004189 0.022738
9 0.826152 0.746476 0.005984 0.026830
10 0.619689 0.712597 0.007181 0.002274
10 0.899162 0.710550 0.007181 0.002729
7 0.394973 0.710891 0.011370 0.012960
8 0.202573 0.707708 0.011969 0.006594
8 0.317774 0.707481 0.012567 0.007049
9 0.717834 0.701569 0.007181 0.021601
10 0.217534 0.675762 0.007181 0.002274
10 0.149910 0.673715 0.017953 0.001819
10 0.424596 0.672351 0.007181 0.002729
10 0.318073 0.671442 0.005984 0.001819
10 0.176840 0.672124 0.008378 0.003183
10 0.156194 0.670191 0.014961 0.004320
10 0.428785 0.669168 0.014363 0.003638
10 0.495212 0.665530 0.011969 0.001819
10 0.475165 0.665530 0.016158 0.004548
10 0.491023 0.659845 0.008378 0.005002
9 0.213046 0.660528 0.010174 0.018645
10 0.264213 0.653251 0.007181 0.002729
9 0.845003 0.652683 0.006583 0.027513
9 0.865350 0.648818 0.004189 0.022510
7 0.214243 0.609482 0.010174 0.008413
7 0.330042 0.611755 0.009575 0.012960
10 0.787253 0.585493 0.007181 0.001819
10 0.169659 0.579127 0.011969 0.001819
10 0.610114 0.567417 0.005984 0.002046
10 0.570018 0.567531 0.005984 0.002274
9 0.718432 0.569691 0.008378 0.023420
10 0.146320 0.529332 0.005984 0.002274
10 0.797427 0.527285 0.008378 0.001819
10 0.430580 0.527285 0.007181 0.001819
10 0.414423 0.527285 0.008378 0.001819
10 0.189408 0.525125 0.008378 0.004320
10 0.318073 0.523647 0.007181 0.001819
8 0.687014 0.465553 0.012567 0.007049
10 0.523339 0.465666 0.011969 0.005002
10 0.364153 0.465666 0.011969 0.005002
10 0.205266 0.465666 0.012567 0.005002
8 0.844405 0.465325 0.012567 0.006594
10 0.851287 0.437699 0.007181 0.003638
10 0.855476 0.431560 0.007181 0.003183
7 0.412926 0.430764 0.011370 0.012960
7 0.253740 0.428945 0.011370 0.009322
9 0.725613 0.421669 0.008378 0.021146
9 0.901855 0.420873 0.006583 0.023192
10 0.384500 0.412915 0.007181 0.002274
7 0.505984 0.377331 0.011969 0.014325
7 0.853980 0.376876 0.011370 0.013415
8 0.684022 0.373465 0.012567 0.006594
6 0.543986 0.376421 0.008977 0.016144
10 0.351586 0.345384 0.007181 0.003638
10 0.168462 0.345384 0.009575 0.003638
10 0.789647 0.341746 0.007181 0.001819
10 0.506583 0.341746 0.005984 0.001819
10 0.477858 0.341178 0.015560 0.002046
10 0.789647 0.337199 0.011969 0.001819
7 0.231299 0.337767 0.010772 0.005230
9 0.176242 0.334357 0.005984 0.021146
9 0.591861 0.331060 0.006583 0.021828
9 0.573908 0.329127 0.006583 0.018872
10 0.749551 0.321055 0.007181 0.002274
10 0.217534 0.293997 0.009575 0.002729
10 0.491023 0.288995 0.015560 0.003638
10 0.549372 0.285357 0.006583 0.003638
9 0.518253 0.275352 0.006583 0.019554
8 0.856673 0.231583 0.011969 0.006594
10 0.725314 0.231469 0.011370 0.005002
10 0.595153 0.231469 0.011969 0.005002
8 0.461101 0.231128 0.011969 0.006594
10 0.325853 0.231014 0.011969 0.005002
8 0.193597 0.230673 0.011969 0.006594
10 0.317475 0.213051 0.010772 0.002729
8 0.616996 0.200432 0.007780 0.009777
10 0.745961 0.197931 0.020347 0.002046
10 0.743268 0.195543 0.006583 0.002274
7 0.842310 0.197931 0.011969 0.012960
7 0.708259 0.197704 0.011969 0.013415
7 0.368342 0.196794 0.011969 0.013415
7 0.233393 0.196339 0.011370 0.013415
10 0.185218 0.182583 0.007181 0.001819
10 0.330640 0.165075 0.010772 0.005002
10 0.159485 0.162574 0.005984 0.001819
10 0.750748 0.160528 0.005984 0.002274
10 0.613106 0.159845 0.010772 0.001819
9 0.277080 0.149727 0.007780 0.015689
7 0.843806 0.150182 0.011370 0.013870
7 0.707361 0.149727 0.011370 0.012960
10 0.278875 0.144156 0.007780 0.003183
7 0.233094 0.148363 0.011969 0.013870
10 0.679533 0.140291 0.009575 0.002729
10 0.616098 0.121874 0.016756 0.005002
10 0.614901 0.119259 0.005984 0.001592
10 0.588869 0.118463 0.007780 0.002729
10 0.738779 0.113688 0.005984 0.003183
9 0.645123 0.110960 0.007780 0.017281
9 0.515260 0.111642 0.004189 0.015916
7 0.769599 0.109254 0.011370 0.012960
7 0.900958 0.108799 0.011969 0.012960
7 0.369539 0.107663 0.011969 0.013415
7 0.234291 0.106753 0.011969 0.013415
10 0.707959 0.096749 0.019749 0.004775
10 0.562837 0.095271 0.005984 0.001819
10 0.187014 0.095953 0.015560 0.005002
10 0.707062 0.093679 0.013166 0.002274
10 0.164273 0.094816 0.020347 0.004548
10 0.617295 0.073215 0.016756 0.003183
10 0.469479 0.072078 0.005984 0.004548
10 0.907540 0.069009 0.009575 0.001592
10 0.643028 0.068099 0.005984 0.001592
9 0.286954 0.067872 0.005984 0.005684
10 0.385099 0.056389 0.005984 0.002274
9 0.248654 0.062415 0.005984 0.018417
10 0.145422 0.055252 0.006583 0.002729
11 0.564782 0.961005 0.009874 0.006139
18 0.409934 0.953502 0.007780 0.005684
11 0.392430 0.949068 0.008677 0.005912
13 0.399910 0.953161 0.008677 0.005912
13 0.400209 0.936221 0.008677 0.005684
11 0.900808 0.946680 0.006882 0.004775
12 0.909037 0.930764 0.008977 0.005684
11 0.316278 0.945430 0.006583 0.003183
13 0.324806 0.930991 0.008677 0.006139
18 0.835577 0.945089 0.005685 0.003411
13 0.069569 0.943838 0.005685 0.004548
13 0.069569 0.932128 0.005685 0.012506
12 0.504189 0.943497 0.008378 0.005684
13 0.472621 0.940996 0.008677 0.006139
12 0.767654 0.937585 0.005087 0.003865
12 0.420257 0.938495 0.009276 0.005684
12 0.776032 0.935539 0.005087 0.003411
11 0.722771 0.935994 0.009874 0.006139
12 0.203770 0.935994 0.008977 0.006139
11 0.146170 0.934175 0.009276 0.007049
12 0.358019 0.933265 0.009276 0.007049
12 0.863256 0.928035 0.007780 0.006594
12 0.283812 0.927922 0.009276 0.007276
12 0.845153 0.925534 0.009276 0.005230
13 0.266008 0.925534 0.008977 0.006139
18 0.236236 0.923829 0.009874 0.007276
12 0.235189 0.877103 0.008977 0.007503
18 0.800120 0.922920 0.008977 0.006367
12 0.801466 0.877331 0.008079 0.007049
13 0.068971 0.916780 0.004488 0.004093
13 0.069120 0.880969 0.004788 0.027513
11 0.567175 0.915075 0.009874 0.006139
11 0.464393 0.905184 0.007181 0.004548
12 0.473818 0.894725 0.009874 0.006367
11 0.394973 0.904161 0.010174 0.008868
13 0.401406 0.890064 0.008677 0.006139
11 0.317175 0.900296 0.006583 0.003865
12 0.325404 0.884834 0.008677 0.006594
18 0.835278 0.899386 0.006284 0.003865
12 0.505087 0.897453 0.010174 0.005457
12 0.771843 0.891883 0.005087 0.003411
12 0.421454 0.892337 0.009276 0.006139
17 0.779773 0.889609 0.005386 0.003411
11 0.723519 0.890064 0.008977 0.006139
12 0.203920 0.889154 0.008677 0.006139
11 0.144375 0.887676 0.008079 0.006821
12 0.357720 0.887108 0.008677 0.007503
13 0.907391 0.884038 0.008079 0.005912
12 0.281718 0.882560 0.008677 0.006594
12 0.865200 0.882219 0.009276 0.006821
13 0.266158 0.880059 0.008677 0.006139
12 0.844853 0.879377 0.008677 0.005684
18 0.139587 0.869031 0.011670 0.008640
12 0.144375 0.858117 0.010473 0.007731
13 0.133902 0.841746 0.008677 0.005912
17 0.144674 0.837199 0.008677 0.005912
13 0.520497 0.861187 0.009874 0.006594
12 0.566876 0.858231 0.009276 0.005230
12 0.566876 0.863461 0.009276 0.005230
13 0.504638 0.858686 0.009276 0.006139
13 0.535458 0.858345 0.009874 0.005912
12 0.235338 0.856412 0.010473 0.006139
12 0.235338 0.838677 0.009276 0.005230
12 0.235338 0.843906 0.009276 0.005230
12 0.603531 0.861414 0.009575 0.005684
12 0.603531 0.855730 0.009575 0.005684
13 0.442998 0.855957 0.009276 0.006139
12 0.722621 0.854366 0.008378 0.004775
12 0.723220 0.848568 0.008378 0.006367
18 0.432376 0.854252 0.007181 0.004548
18 0.432376 0.858799 0.007181 0.004548
12 0.652154 0.853342 0.009874 0.005457
12 0.652154 0.858799 0.009874 0.005457
13 0.549970 0.853456 0.008977 0.005684
13 0.460054 0.853456 0.008079 0.005684
13 0.421454 0.853683 0.009276 0.006139
13 0.370287 0.851296 0.008677 0.005912
12 0.681179 0.850614 0.009276 0.005457
12 0.681179 0.856071 0.009276 0.005457
13 0.387044 0.848795 0.008677 0.005457
13 0.357421 0.848909 0.008079 0.005684
13 0.474117 0.848226 0.009276 0.006139
12 0.760473 0.845612 0.009874 0.005457
12 0.760473 0.851069 0.009874 0.005457
13 0.295781 0.846180 0.010473 0.006594
13 0.880760 0.845498 0.009874 0.006139
12 0.311191 0.843679 0.008977 0.006139
13 0.281867 0.843793 0.008977 0.006367
13 0.896020 0.842997 0.009276 0.005684
12 0.866098 0.842997 0.009276 0.005684
12 0.801167 0.842769 0.009874 0.005230
12 0.801167 0.847999 0.009874 0.005230
13 0.404249 0.843338 0.009575 0.006367
13 0.326002 0.838222 0.009874 0.007049
13 0.909186 0.837312 0.009276 0.007049
13 0.577648 0.821623 0.006882 0.003865
11 0.467385 0.821851 0.006583 0.004320
12 0.475913 0.809118 0.009276 0.005230
13 0.589617 0.819350 0.008079 0.005684
11 0.392280 0.815825 0.007181 0.003183
12 0.401107 0.803888 0.009276 0.005684
13 0.604428 0.816394 0.009575 0.006139
13 0.566427 0.816394 0.009575 0.006139
13 0.666218 0.814120 0.008079 0.006139
13 0.619838 0.814120 0.008677 0.006139
12 0.550868 0.814120 0.009575 0.006139
12 0.550120 0.800477 0.005685 0.005230
11 0.318223 0.812074 0.007481 0.003865
12 0.326601 0.799113 0.009874 0.006139
12 0.710652 0.811733 0.005984 0.004093
13 0.650658 0.811505 0.009276 0.005457
13 0.680580 0.811164 0.009276 0.005684
12 0.504339 0.811392 0.009874 0.006139
11 0.233842 0.810027 0.008677 0.006139
11 0.801616 0.808890 0.009575 0.005684
12 0.801765 0.795248 0.009874 0.005684
13 0.746559 0.808890 0.008378 0.005684
13 0.696439 0.809118 0.009874 0.006139
13 0.735937 0.806162 0.006284 0.003865
12 0.144524 0.807299 0.009575 0.006139
13 0.760473 0.806389 0.009874 0.006139
13 0.723369 0.806389 0.009874 0.006139
12 0.421155 0.806617 0.009874 0.006594
12 0.165171 0.805025 0.008977 0.006139
13 0.775135 0.803661 0.008079 0.006139
12 0.185966 0.802183 0.009874 0.006821
12 0.358468 0.801614 0.010174 0.006594
12 0.205266 0.799568 0.010174 0.006139
13 0.880162 0.798658 0.009874 0.006139
12 0.280969 0.796839 0.009575 0.006139
13 0.896020 0.796271 0.009276 0.005912
13 0.865350 0.795475 0.008977 0.006139
13 0.910233 0.789563 0.008977 0.006139
17 0.317325 0.761596 0.006882 0.003865
18 0.325554 0.735675 0.009575 0.006594
13 0.590215 0.756480 0.009276 0.005457
13 0.606373 0.753865 0.009276 0.005684
13 0.568372 0.753524 0.008677 0.005912
13 0.666816 0.751364 0.009276 0.006139
13 0.550868 0.750455 0.008977 0.006139
13 0.620138 0.750000 0.009276 0.006139
13 0.682376 0.748749 0.009276 0.006367
13 0.650958 0.748408 0.008079 0.006594
12 0.505984 0.748408 0.008378 0.006594
13 0.747606 0.745907 0.008677 0.006139
13 0.475613 0.746135 0.009276 0.006594
11 0.233543 0.745794 0.009276 0.005912
13 0.697786 0.745339 0.009575 0.005912
12 0.144524 0.743975 0.009575 0.006821
13 0.724566 0.742951 0.008677 0.006594
11 0.723369 0.793429 0.009874 0.006594
12 0.422053 0.743406 0.009276 0.007503
13 0.762268 0.742610 0.009276 0.006821
12 0.164423 0.741360 0.009874 0.006139
13 0.815978 0.740905 0.008977 0.006139
13 0.401855 0.740223 0.009575 0.006594
13 0.776631 0.739541 0.009874 0.006139
12 0.359515 0.738631 0.009276 0.007049
12 0.185368 0.738859 0.009874 0.007503
13 0.831987 0.738176 0.009276 0.007049
13 0.802214 0.738176 0.008977 0.007049
18 0.203621 0.734993 0.009276 0.006139
12 0.866996 0.732719 0.008677 0.007049
12 0.871185 0.690882 0.008677 0.006139
12 0.279025 0.732492 0.009276 0.007503
12 0.508229 0.714075 0.009276 0.006139
12 0.468881 0.714188 0.009575 0.006367
12 0.430132 0.714188 0.009874 0.006367
12 0.679683 0.696567 0.009874 0.005684
12 0.651556 0.696112 0.008677 0.005684
12 0.807301 0.695202 0.008378 0.005684
11 0.720377 0.695316 0.008677 0.005912
13 0.627319 0.694293 0.009276 0.007503
12 0.848145 0.693611 0.009276 0.007049
18 0.847546 0.735221 0.009276 0.005684
13 0.604877 0.691337 0.009874 0.006139
12 0.564931 0.688495 0.007780 0.006821
12 0.892729 0.687699 0.009276 0.007049
12 0.911580 0.685425 0.009276 0.006139
18 0.911730 0.735448 0.009575 0.006139
11 0.323908 0.672578 0.005685 0.003183
13 0.334081 0.655184 0.010473 0.006594
18 0.428486 0.670191 0.004788 0.003865
12 0.429084 0.652910 0.009575 0.005684
13 0.394823 0.657913 0.009874 0.005684
13 0.248803 0.658367 0.009874 0.006594
13 0.299072 0.657685 0.009874 0.007049
13 0.411879 0.655412 0.009276 0.005230
13 0.213794 0.655639 0.008079 0.005684
13 0.176691 0.655639 0.009276 0.005684
13 0.264063 0.655184 0.008079 0.005684
13 0.230102 0.653138 0.009575 0.006139
13 0.196140 0.653138 0.009874 0.006139
13 0.143178 0.653251 0.010473 0.006367
18 0.475913 0.650296 0.006882 0.004093
13 0.159336 0.650523 0.009276 0.006367
13 0.447636 0.649955 0.009575 0.006139
12 0.653351 0.648136 0.008677 0.006139
12 0.807451 0.647226 0.009276 0.006139
11 0.721275 0.647226 0.009276 0.006139
12 0.680281 0.647226 0.008677 0.006139
13 0.487732 0.647226 0.008977 0.006139
13 0.464692 0.646999 0.008977 0.006594
13 0.507929 0.645180 0.008677 0.006594
13 0.626870 0.644952 0.008378 0.007958
12 0.848444 0.644156 0.009276 0.007276
12 0.869988 0.641996 0.008677 0.005684
13 0.605925 0.641655 0.008378 0.005912
13 0.525883 0.641314 0.009874 0.006139
12 0.893327 0.639723 0.009874 0.006594
12 0.563136 0.639268 0.007780 0.006594
12 0.913076 0.636198 0.009874 0.005912
17 0.711999 0.632788 0.005087 0.003638
17 0.713794 0.625739 0.007481 0.005912
13 0.721574 0.612096 0.009874 0.006821
13 0.720975 0.593565 0.011071 0.006139
13 0.720975 0.599704 0.011071 0.006139
12 0.645572 0.632106 0.007481 0.005457
12 0.644524 0.626080 0.006583 0.005684
13 0.652454 0.612210 0.009276 0.006139
13 0.652454 0.593452 0.009276 0.005912
13 0.652454 0.599363 0.009276 0.005912
13 0.345153 0.630855 0.008677 0.007049
13 0.345003 0.612096 0.009575 0.005912
11 0.298923 0.630855 0.009575 0.007049
11 0.297876 0.612210 0.011071 0.006139
13 0.248504 0.630855 0.010473 0.007049
13 0.247606 0.612551 0.011071 0.005912
13 0.358468 0.630400 0.010174 0.007049
13 0.358917 0.612437 0.008677 0.005684
13 0.264363 0.630628 0.009874 0.007503
13 0.264961 0.612210 0.008677 0.006139
11 0.143776 0.630514 0.009276 0.007276
11 0.143926 0.612551 0.009575 0.005912
12 0.428935 0.629945 0.009874 0.007049
12 0.428636 0.612210 0.010473 0.006139
12 0.395123 0.629945 0.009276 0.007049
12 0.395123 0.612437 0.009276 0.005684
12 0.507630 0.629263 0.009874 0.006594
12 0.507331 0.612437 0.009874 0.005684
12 0.465141 0.629377 0.009276 0.006821
12 0.464692 0.612437 0.009575 0.005684
17 0.840963 0.625398 0.006882 0.005230
12 0.850239 0.613120 0.009874 0.006139
18 0.838869 0.597090 0.008677 0.005912
12 0.850539 0.592997 0.008677 0.005912
13 0.564183 0.622783 0.009276 0.005457
13 0.563435 0.605048 0.007181 0.005912
13 0.603381 0.612665 0.008079 0.006139
13 0.603680 0.593111 0.008677 0.006139
13 0.603680 0.599250 0.008677 0.006139
13 0.584231 0.612551 0.009874 0.005912
13 0.583333 0.593452 0.008677 0.005912
13 0.583333 0.599363 0.008677 0.005912
13 0.626721 0.612210 0.008079 0.006139
13 0.627469 0.593452 0.009575 0.005912
13 0.627469 0.599363 0.009575 0.005912
12 0.913974 0.570373 0.009276 0.006139
11 0.849641 0.569918 0.009874 0.006139
12 0.807451 0.569918 0.008079 0.006139
12 0.785757 0.569918 0.009575 0.006139
12 0.647666 0.567190 0.012867 0.005230
18 0.647666 0.572419 0.012867 0.005230
12 0.653351 0.556617 0.009874 0.005912
13 0.766008 0.567190 0.010174 0.006139
13 0.748354 0.564916 0.009575 0.006139
12 0.720676 0.562415 0.009276 0.005684
13 0.143028 0.562642 0.009575 0.006139
13 0.196888 0.560141 0.009575 0.005684
13 0.491023 0.559914 0.009575 0.006139
13 0.412178 0.559914 0.009874 0.006139
13 0.231747 0.559914 0.009276 0.006139
13 0.160682 0.559914 0.009575 0.006139
13 0.265709 0.559686 0.009575 0.006594
13 0.446140 0.559345 0.008977 0.006821
13 0.335278 0.559345 0.009276 0.006821
13 0.178785 0.557640 0.009874 0.006139
13 0.626122 0.557412 0.009276 0.006594
13 0.603980 0.557412 0.009276 0.006594
13 0.583333 0.557185 0.009874 0.006139
13 0.466338 0.557185 0.009276 0.006139
13 0.394823 0.557412 0.009874 0.006594
13 0.250000 0.556958 0.008677 0.005684
13 0.215290 0.556958 0.009874 0.005684
13 0.507630 0.556503 0.009276 0.006594
13 0.428785 0.556503 0.008977 0.006594
13 0.300569 0.556844 0.010473 0.007276
13 0.524536 0.554002 0.008977 0.007958
13 0.563734 0.552638 0.008977 0.006139
12 0.068971 0.524102 0.004488 0.003638
18 0.557899 0.526035 0.011670 0.004775
18 0.557899 0.530809 0.011670 0.004775
12 0.557899 0.521260 0.011670 0.004775
12 0.786505 0.508072 0.009276 0.006139
11 0.850239 0.507503 0.008677 0.005912
12 0.914572 0.507049 0.009276 0.005912
12 0.808947 0.507162 0.008677 0.006139
13 0.767355 0.504206 0.009276 0.005684
13 0.143327 0.504775 0.008378 0.006821
13 0.749850 0.502729 0.009575 0.005457
12 0.489228 0.502274 0.008378 0.006367
18 0.196738 0.502387 0.009874 0.006594
11 0.266756 0.502046 0.007481 0.006367
13 0.446439 0.501705 0.008977 0.006139
13 0.412777 0.501933 0.008677 0.006594
13 0.333483 0.501705 0.010473 0.007049
13 0.231448 0.501251 0.007481 0.006139
13 0.160981 0.501364 0.009575 0.006367
12 0.508977 0.499432 0.008378 0.007049
18 0.466637 0.498636 0.008677 0.005457
13 0.250000 0.499545 0.008677 0.007276
12 0.722023 0.499204 0.010174 0.007503
18 0.430132 0.498522 0.008677 0.006139
11 0.397516 0.499090 0.008079 0.007276
12 0.180281 0.498977 0.009276 0.007049
18 0.299072 0.497613 0.008677 0.006139
11 0.217086 0.498067 0.009874 0.007049
18 0.524387 0.496135 0.009276 0.005912
18 0.561341 0.491246 0.005386 0.004320
13 0.889737 0.420987 0.009874 0.005684
13 0.854428 0.421214 0.009874 0.006139
13 0.820168 0.420987 0.009575 0.005684
13 0.908288 0.418713 0.009874 0.005684
13 0.871933 0.418940 0.008977 0.006139
13 0.785308 0.418713 0.009276 0.005684
13 0.732496 0.418940 0.008977 0.006139
13 0.698683 0.418827 0.008378 0.005912
13 0.663824 0.418713 0.009276 0.005684
13 0.837971 0.418372 0.009276 0.005912
13 0.627917 0.416212 0.008079 0.006139
13 0.716487 0.415757 0.009276 0.006139
13 0.679982 0.415757 0.009276 0.006139
12 0.384351 0.415757 0.008079 0.006139
13 0.802513 0.414961 0.008977 0.006367
13 0.750150 0.415075 0.010174 0.006594
13 0.472023 0.415416 0.009874 0.007276
12 0.214991 0.415075 0.009276 0.006594
13 0.647367 0.413483 0.009874 0.007049
13 0.363704 0.413483 0.009874 0.007049
13 0.197636 0.413370 0.009276 0.006821
13 0.545931 0.412233 0.010473 0.007276
13 0.179683 0.411210 0.009276 0.006139
13 0.343058 0.410755 0.009276 0.006139
12 0.146469 0.408026 0.009276 0.007049
12 0.308947 0.407231 0.009276 0.007276
13 0.906194 0.395748 0.009276 0.007049
13 0.905895 0.377331 0.009874 0.006594
13 0.888689 0.395634 0.008977 0.006821
13 0.887941 0.377558 0.009874 0.006139
11 0.784710 0.395748 0.009276 0.007049
11 0.784111 0.377331 0.009276 0.006594
17 0.102783 0.384038 0.007481 0.008186
11 0.145272 0.369600 0.008677 0.005684
13 0.416667 0.367099 0.009276 0.006139
13 0.252992 0.367099 0.009874 0.006139
12 0.471873 0.365052 0.009575 0.005684
11 0.308348 0.364711 0.009276 0.005912
12 0.215889 0.364598 0.008677 0.005684
12 0.384051 0.364598 0.009874 0.006594
13 0.270646 0.362096 0.009276 0.005230
12 0.434022 0.361414 0.009276 0.005684
13 0.545183 0.338336 0.006583 0.005002
12 0.545931 0.323670 0.009276 0.005684
13 0.361909 0.333674 0.008677 0.005684
13 0.326601 0.333447 0.008677 0.006139
13 0.198384 0.333447 0.009575 0.006139
13 0.163824 0.333447 0.008677 0.006139
13 0.346349 0.328445 0.009874 0.006139
13 0.309545 0.328217 0.009276 0.005684
13 0.182077 0.328445 0.009276 0.006139
13 0.147068 0.328445 0.009874 0.006139
13 0.597397 0.325944 0.009276 0.005684
13 0.627768 0.325830 0.010174 0.006367
13 0.564183 0.325944 0.009874 0.006594
13 0.524087 0.325716 0.009874 0.006139
13 0.435368 0.325716 0.009575 0.006139
13 0.271394 0.325375 0.009575 0.006367
13 0.749551 0.323556 0.008378 0.005457
13 0.716188 0.323670 0.008079 0.005684
13 0.679982 0.323670 0.008677 0.005684
13 0.785607 0.323442 0.007481 0.005684
13 0.646320 0.323329 0.008977 0.005457
13 0.579892 0.323442 0.008378 0.005684
13 0.507331 0.323329 0.009874 0.005912
13 0.416218 0.323215 0.008378 0.005684
13 0.253890 0.323215 0.009276 0.005684
13 0.909037 0.320714 0.010174 0.006139
12 0.872232 0.320714 0.010174 0.006139
12 0.835727 0.320714 0.009575 0.006139
13 0.802513 0.320714 0.009575 0.006139
13 0.731897 0.320714 0.009575 0.006139
13 0.697636 0.320941 0.009874 0.006594
13 0.665320 0.320714 0.009874 0.006139
12 0.470975 0.320714 0.009575 0.006139
12 0.384949 0.320714 0.009276 0.006139
12 0.216038 0.320714 0.010174 0.006139
13 0.891532 0.318440 0.008677 0.005230
12 0.854728 0.318668 0.009276 0.005684
13 0.818821 0.318440 0.009276 0.005230
18 0.783363 0.286949 0.004189 0.004093
12 0.785308 0.268417 0.009276 0.006139
12 0.071364 0.282401 0.004488 0.004093
11 0.308348 0.273647 0.009276 0.005684
13 0.213495 0.273874 0.009874 0.006139
11 0.146469 0.274102 0.008677 0.006594
13 0.470975 0.273192 0.007780 0.005684
12 0.383303 0.273192 0.008977 0.005684
13 0.273639 0.272283 0.009276 0.006594
13 0.597696 0.271601 0.009874 0.007049
12 0.563285 0.271373 0.009276 0.006594
13 0.434620 0.271373 0.009276 0.006594
13 0.236086 0.271601 0.009575 0.007049
13 0.631807 0.270691 0.008677 0.006139
13 0.524686 0.270919 0.008677 0.006594
13 0.487882 0.271146 0.009276 0.007049
13 0.399461 0.270805 0.009575 0.007276
13 0.751795 0.269100 0.009276 0.005684
13 0.254937 0.269100 0.009575 0.005684
13 0.715290 0.268759 0.009276 0.005912
13 0.682077 0.268645 0.008677 0.005684
13 0.649013 0.268872 0.008977 0.006139
12 0.543836 0.268645 0.009874 0.005684
13 0.417415 0.268759 0.008378 0.005912
12 0.579743 0.268417 0.009874 0.006139
13 0.505536 0.267508 0.008677 0.006139
13 0.872531 0.267167 0.008977 0.006367
13 0.909336 0.266598 0.008977 0.007049
13 0.837074 0.266598 0.008677 0.007049
13 0.802663 0.266371 0.009276 0.006594
13 0.699431 0.266485 0.008677 0.006821
13 0.666218 0.265689 0.008079 0.007049
13 0.734440 0.265575 0.009276 0.007731
12 0.889437 0.264325 0.009276 0.006139
18 0.854129 0.263643 0.009276 0.005684
12 0.819719 0.263415 0.009874 0.006139
12 0.207211 0.204525 0.009276 0.005684
12 0.175344 0.199523 0.008977 0.005684
12 0.145572 0.199523 0.009276 0.005684
12 0.307750 0.197135 0.009276 0.006367
12 0.280371 0.197135 0.009575 0.006367
12 0.636744 0.187926 0.009575 0.006139
12 0.504339 0.187472 0.009874 0.006139
12 0.341712 0.186789 0.010772 0.006594
12 0.874776 0.182924 0.008677 0.006139
12 0.900509 0.182242 0.008677 0.005684
11 0.813884 0.182015 0.008378 0.006139
12 0.766158 0.179513 0.009276 0.007503
11 0.736236 0.179286 0.009276 0.007049
12 0.679982 0.179286 0.009276 0.007049
12 0.605177 0.179286 0.008079 0.007049
11 0.543986 0.179286 0.008977 0.007049
12 0.471873 0.178604 0.009575 0.007503
11 0.412478 0.177922 0.009276 0.007049
13 0.069569 0.173147 0.005685 0.007049
13 0.069569 0.152910 0.005685 0.013870
12 0.343058 0.149045 0.009276 0.006594
12 0.207211 0.148818 0.009276 0.007049
12 0.175194 0.148590 0.009874 0.006594
12 0.145871 0.148590 0.009874 0.006594
12 0.278725 0.146771 0.008677 0.005684
12 0.307151 0.146317 0.008079 0.005684
12 0.902902 0.145862 0.009874 0.005684
12 0.876272 0.145862 0.009276 0.005684
12 0.196140 0.145634 0.008677 0.005230
18 0.196140 0.150864 0.008677 0.005230
12 0.813435 0.145634 0.010473 0.006139
12 0.502244 0.144725 0.010473 0.006139
12 0.768402 0.142678 0.007780 0.005684
12 0.739826 0.142678 0.009276 0.005684
12 0.678785 0.142792 0.009276 0.005912
12 0.637193 0.142678 0.008677 0.005684
12 0.608468 0.142678 0.008677 0.005684
13 0.545781 0.142224 0.008977 0.005684
12 0.474417 0.142224 0.008677 0.005684
11 0.412178 0.141769 0.008079 0.005684
13 0.723668 0.117212 0.009276 0.005684
13 0.695093 0.117212 0.008977 0.005684
13 0.189856 0.117440 0.009276 0.006139
13 0.162328 0.117212 0.009874 0.006594
13 0.589019 0.116530 0.009276 0.005684
13 0.561640 0.116417 0.009575 0.005912
13 0.455266 0.116303 0.008677 0.005684
13 0.426691 0.115962 0.009575 0.005912
13 0.322262 0.115393 0.009575 0.005684
13 0.858019 0.114939 0.009874 0.005684
12 0.830790 0.114939 0.010473 0.005684
13 0.295183 0.115166 0.009276 0.006139
13 0.679683 0.112210 0.009874 0.005684
13 0.176541 0.112437 0.008977 0.006139
12 0.737882 0.111983 0.008977 0.006139
13 0.710054 0.111983 0.009575 0.006139
11 0.206912 0.112210 0.009874 0.006594
13 0.576302 0.111301 0.009575 0.005684
13 0.545033 0.111414 0.009874 0.005912
13 0.147367 0.111869 0.009276 0.006821
13 0.441352 0.111073 0.009575 0.006139
13 0.411879 0.110846 0.009276 0.005684
12 0.340814 0.110391 0.008378 0.005684
13 0.310144 0.110050 0.009276 0.005457
18 0.847546 0.109936 0.009276 0.005684
13 0.280072 0.109936 0.008977 0.005684
12 0.874925 0.109709 0.009575 0.006139
13 0.813585 0.109709 0.009575 0.006139
13 0.651855 0.109254 0.009276 0.006139
13 0.520347 0.108686 0.009575 0.006821
13 0.637193 0.106753 0.008677 0.005684
13 0.503441 0.106298 0.008079 0.005684
12 0.608169 0.104025 0.009276 0.006594
12 0.472920 0.103797 0.009276 0.006139
18 0.384949 0.058890 0.008079 0.005912
13 0.738929 0.057754 0.009874 0.005912
12 0.609066 0.057640 0.008677 0.005684
13 0.342460 0.058095 0.009276 0.006594
13 0.784411 0.057640 0.009276 0.006594
13 0.679832 0.057640 0.009575 0.006594
12 0.251346 0.057526 0.007780 0.006367
12 0.207211 0.057412 0.009276 0.006139
13 0.145422 0.056958 0.007780 0.005230
12 0.070168 0.057412 0.004488 0.006594
13 0.546828 0.057185 0.009874 0.006594
13 0.472172 0.057185 0.008977 0.006594
13 0.411580 0.056503 0.009874 0.006139
13 0.356523 0.056048 0.009874 0.006139
13 0.919958 0.055593 0.009276 0.006139
13 0.325404 0.055593 0.009874 0.006139
13 0.875673 0.055139 0.009276 0.006139
13 0.697038 0.054911 0.008677 0.005684
13 0.278725 0.055366 0.009874 0.006594
12 0.222472 0.055139 0.009874 0.006139
13 0.815230 0.054911 0.009276 0.006594
13 0.753740 0.054684 0.009575 0.006139
13 0.725464 0.054684 0.009276 0.006139
13 0.653800 0.054684 0.008977 0.006139
13 0.488630 0.054457 0.008977 0.005684
13 0.190156 0.054911 0.009874 0.006594
13 0.159336 0.054911 0.009276 0.006594
13 0.520796 0.054229 0.009276 0.006139
13 0.624327 0.054229 0.009276 0.007049
13 0.371783 0.053320 0.009276 0.006139
12 0.889587 0.052183 0.007780 0.005684
13 0.638689 0.052183 0.009276 0.005684
13 0.294734 0.052410 0.008378 0.006139
13 0.236385 0.052410 0.009575 0.006139
13 0.173998 0.052410 0.009874 0.006139
13 0.862956 0.052183 0.008378 0.006594
13 0.768851 0.051614 0.008677 0.006367
13 0.829892 0.051160 0.008677 0.006367
13 0.709904 0.051160 0.009276 0.006367
13 0.502693 0.050136 0.008378 0.006139
12 0.904698 0.049568 0.008677 0.006821
13 0.846050 0.049341 0.008677 0.006367
13 0.309246 0.048772 0.009874 0.007049
0 0.091712 0.611301 0.023639 0.024329
1 0.092609 0.106071 0.021843 0.039791
0 0.093806 0.856185 0.023040 0.023874
1 0.094405 0.329809 0.021843 0.039791
2 0.093507 0.194520 0.017654 0.019327
1 0.093806 0.064461 0.023040 0.040246
0 0.093507 0.146999 0.023639 0.024329
5 0.117145 0.197476 0.008677 0.013415
5 0.116547 0.146999 0.008677 0.014325
2 0.091113 0.467599 0.016457 0.018872
4 0.736834 0.746362 0.009276 0.019782
1 0.091712 0.811846 0.021245 0.039791
4 0.579144 0.757731 0.008677 0.017053
2 0.090515 0.950773 0.016457 0.018417
5 0.115649 0.906889 0.008079 0.013415
5 0.116547 0.954184 0.008677 0.015234
5 0.115350 0.611073 0.008677 0.013870
5 0.116547 0.855503 0.008677 0.014325
2 0.092310 0.430309 0.017654 0.017963
5 0.117145 0.235448 0.008677 0.013870
2 0.091113 0.904161 0.020048 0.019782
5 0.115350 0.569463 0.008677 0.014325
2 0.093208 0.232265 0.015859 0.018417
4 0.329892 0.149727 0.009276 0.013415
1 0.091562 0.766030 0.021544 0.039563
2 0.091562 0.709868 0.014363 0.017281
1 0.087074 0.377217 0.006583 0.023192
2 0.093656 0.660528 0.011370 0.015916
0 0.093357 0.283538 0.020347 0.027740
4 0.091712 0.531946 0.008677 0.012506
5 0.096948 0.531946 0.008378 0.012506
4 0.085129 0.527171 0.008677 0.013870
4 0.095751 0.522851 0.008378 0.013870
4 0.101735 0.374375 0.008378 0.013870
4 0.093507 0.294111 0.008677 0.012506
5 0.099940 0.294111 0.008378 0.012506
4 0.084829 0.573556 0.008677 0.013870
4 0.091712 0.569236 0.008677 0.013870
5 0.098743 0.559914 0.008378 0.013870