10 0.171940 0.944482 0.016716 0.004768
7 0.217910 0.940395 0.011940 0.013851
6 0.877612 0.936308 0.009552 0.018392
10 0.171045 0.907584 0.007761 0.002271
7 0.217612 0.902248 0.011343 0.012943
10 0.290746 0.866712 0.005970 0.003633
10 0.714030 0.865577 0.007164 0.004995
8 0.216418 0.862738 0.011343 0.012943
6 0.542090 0.859787 0.010746 0.007039
8 0.430448 0.860468 0.011940 0.017484
10 0.217313 0.854905 0.009552 0.004995
8 0.656119 0.862965 0.011940 0.012943
8 0.775522 0.855018 0.011940 0.008401
8 0.322687 0.860241 0.013731 0.018392
10 0.194179 0.829246 0.006269 0.001817
10 0.174627 0.829246 0.007164 0.001817
6 0.542985 0.811649 0.009552 0.007039
8 0.216418 0.817098 0.010746 0.017938
10 0.323582 0.811081 0.010149 0.004995
8 0.433134 0.813692 0.010746 0.012035
7 0.657313 0.813238 0.011343 0.013397
10 0.751940 0.809264 0.011940 0.004995
8 0.867761 0.808697 0.011940 0.006585
6 0.430746 0.769868 0.009552 0.007039
8 0.215522 0.776907 0.012537 0.013851
8 0.322090 0.776907 0.011940 0.013397
8 0.657313 0.773274 0.011343 0.017938
8 0.543582 0.770095 0.013134 0.012035
10 0.722687 0.765100 0.005970 0.002044
10 0.201493 0.728315 0.005970 0.002044
9 0.880896 0.728315 0.004776 0.006585
7 0.676716 0.728315 0.009552 0.007947
8 0.880896 0.722184 0.011940 0.008856
8 0.797015 0.728996 0.012537 0.011580
9 0.574030 0.713669 0.008358 0.024523
10 0.770746 0.680177 0.005970 0.002952
10 0.471940 0.675295 0.007761 0.002725
7 0.677313 0.674728 0.011343 0.012489
10 0.879403 0.670527 0.008358 0.004995
10 0.182090 0.628974 0.007164 0.002725
7 0.180896 0.624773 0.013134 0.013851
7 0.678507 0.626135 0.011343 0.007947
8 0.796716 0.627498 0.012537 0.012035
10 0.877910 0.619210 0.006567 0.004995
10 0.814328 0.613079 0.009552 0.002725
9 0.638806 0.615236 0.008358 0.028837
10 0.684179 0.589691 0.008358 0.004541
8 0.797612 0.581176 0.013134 0.018392
10 0.895522 0.541553 0.010149 0.004995
8 0.797313 0.541440 0.013134 0.017938
9 0.388060 0.527929 0.004179 0.023161
8 0.693134 0.526226 0.012537 0.021571
9 0.257910 0.523728 0.004179 0.030200
9 0.161194 0.523501 0.004179 0.031108
10 0.879701 0.483765 0.008358 0.002498
10 0.846866 0.481835 0.005970 0.003633
10 0.194925 0.480245 0.011940 0.004995
10 0.451194 0.434605 0.007463 0.001817
10 0.561940 0.435740 0.010448 0.004995
9 0.570896 0.426090 0.005672 0.023388
9 0.357761 0.419051 0.004478 0.027929
10 0.764179 0.389305 0.009552 0.002498
10 0.660299 0.389192 0.007164 0.002271
10 0.209552 0.384423 0.005970 0.003179
8 0.225970 0.379541 0.004179 0.015668
7 0.208358 0.338215 0.011940 0.012943
7 0.169254 0.335263 0.011343 0.007947
8 0.187761 0.297570 0.010746 0.013397
8 0.382836 0.294391 0.012239 0.006585
6 0.310000 0.296889 0.009851 0.017938
10 0.890149 0.239782 0.006567 0.004541
10 0.848955 0.240009 0.007761 0.004995
10 0.776716 0.239555 0.011343 0.004995
7 0.667164 0.242620 0.011940 0.013851
7 0.611045 0.242847 0.011940 0.013397
10 0.517612 0.238647 0.011343 0.004995
10 0.357910 0.238420 0.011940 0.004995
8 0.221791 0.238306 0.011940 0.006585
9 0.665970 0.198456 0.005970 0.018165
6 0.235224 0.197094 0.008955 0.017711
6 0.371642 0.196299 0.009552 0.018392
10 0.793582 0.161217 0.005672 0.004541
10 0.892239 0.159628 0.006567 0.004995
9 0.463284 0.151907 0.008358 0.028156
9 0.311045 0.151567 0.007164 0.028837
10 0.903284 0.139986 0.005970 0.001589
10 0.878209 0.108765 0.011940 0.004995
7 0.791343 0.109332 0.008955 0.007493
8 0.657313 0.107743 0.011940 0.006585
7 0.494627 0.110695 0.010149 0.012943
6 0.372537 0.109332 0.009552 0.017030
6 0.236418 0.108197 0.008358 0.017938
10 0.488955 0.077657 0.019104 0.001817
10 0.209851 0.075840 0.008955 0.004541
10 0.415672 0.072207 0.010448 0.001817
9 0.690746 0.064941 0.007164 0.015441
9 0.272537 0.060854 0.004179 0.029973
7 0.315821 0.069142 0.012537 0.018392
9 0.677910 0.055631 0.007761 0.034060
11 0.714478 0.952657 0.009254 0.006585
11 0.604478 0.948115 0.008955 0.004768
11 0.758060 0.947207 0.009254 0.005677
11 0.175522 0.944142 0.005373 0.002725
12 0.183134 0.922684 0.009254 0.007039
11 0.484179 0.945163 0.009552 0.005677
11 0.836567 0.944482 0.009851 0.006131
11 0.638955 0.942098 0.009851 0.006358
11 0.521791 0.939714 0.009552 0.005677
11 0.374776 0.939827 0.010448 0.006358
12 0.136119 0.937784 0.007761 0.004541
18 0.136119 0.942325 0.007761 0.004541
11 0.269254 0.935173 0.009552 0.006131
11 0.410896 0.934718 0.009851 0.006131
11 0.305672 0.930177 0.009552 0.006131
12 0.165224 0.928134 0.009254 0.006131
12 0.201940 0.921776 0.008657 0.007039
11 0.715075 0.914282 0.009254 0.006131
11 0.603731 0.909514 0.009851 0.005677
11 0.758657 0.908833 0.009254 0.006131
11 0.484925 0.907243 0.009851 0.006131
11 0.838507 0.905881 0.010149 0.007039
11 0.640448 0.904292 0.009254 0.006131
11 0.376269 0.902021 0.009851 0.006131
11 0.522537 0.901907 0.009851 0.006358
12 0.135821 0.899977 0.007761 0.004314
11 0.270597 0.897480 0.009851 0.006131
11 0.411791 0.896912 0.008060 0.005904
11 0.305672 0.892484 0.010149 0.006131
12 0.164776 0.890213 0.008955 0.005677
12 0.201045 0.884310 0.009254 0.006585
12 0.184179 0.883856 0.009552 0.006585
17 0.838657 0.868074 0.011642 0.005904
17 0.838657 0.873978 0.011642 0.005904
12 0.623433 0.866144 0.009254 0.005223
12 0.740896 0.865917 0.009552 0.005677
12 0.740896 0.871594 0.009552 0.005677
12 0.639851 0.865917 0.009254 0.005677
12 0.759254 0.865577 0.009254 0.005904
12 0.759254 0.871480 0.009254 0.005904
11 0.714478 0.868529 0.009254 0.005450
12 0.714478 0.863079 0.009254 0.005450
11 0.673433 0.863079 0.009552 0.005450
11 0.673433 0.868529 0.009552 0.005450
12 0.603731 0.863647 0.009851 0.006585
12 0.559403 0.863306 0.009552 0.006358
12 0.525224 0.861149 0.009254 0.005677
12 0.506119 0.861149 0.009254 0.005677
12 0.484925 0.858424 0.009851 0.006585
12 0.449104 0.858311 0.009851 0.006358
12 0.410299 0.855472 0.008657 0.005677
12 0.393881 0.855699 0.010448 0.006131
12 0.375522 0.853202 0.009552 0.006585
12 0.341940 0.852975 0.009851 0.006131
12 0.306716 0.851045 0.008060 0.005904
12 0.289104 0.851158 0.009851 0.006131
13 0.234478 0.848433 0.009254 0.006585
12 0.268955 0.848093 0.010149 0.007266
12 0.183134 0.846163 0.009254 0.005677
12 0.201045 0.845595 0.009254 0.006358
12 0.162537 0.842870 0.008657 0.006358
12 0.624179 0.833220 0.009552 0.006585
12 0.640149 0.832993 0.009851 0.007039
12 0.604925 0.830268 0.009851 0.006131
12 0.560149 0.829587 0.009851 0.006131
12 0.524478 0.826862 0.009552 0.005223
12 0.508209 0.826862 0.009254 0.005223
12 0.448358 0.824478 0.010149 0.005904
12 0.486866 0.824137 0.010149 0.006131
12 0.413134 0.821639 0.008955 0.006131
12 0.395970 0.821639 0.009254 0.006131
12 0.375672 0.819369 0.009254 0.006131
12 0.341642 0.819369 0.009254 0.006131
18 0.321343 0.816644 0.006866 0.004314
13 0.429104 0.816644 0.005075 0.004768
12 0.307313 0.817098 0.009851 0.006131
12 0.288657 0.816757 0.008955 0.005450
12 0.270896 0.814600 0.009851 0.005677
12 0.234328 0.814714 0.009552 0.006358
12 0.202836 0.812103 0.009851 0.005677
12 0.185522 0.812330 0.009851 0.006131
17 0.134776 0.811876 0.007463 0.005223
18 0.134478 0.806880 0.006866 0.004314
12 0.165224 0.809378 0.008657 0.006585
12 0.861493 0.788601 0.007761 0.005904
12 0.881343 0.788942 0.009254 0.007493
12 0.840746 0.786104 0.009254 0.006358
12 0.793134 0.786217 0.009552 0.006585
12 0.759104 0.785309 0.009552 0.006131
13 0.739254 0.785763 0.009254 0.007039
12 0.903433 0.785309 0.009254 0.006585
12 0.717463 0.783833 0.008657 0.005904
12 0.674776 0.783946 0.009254 0.006131
12 0.640299 0.781676 0.009552 0.006131
12 0.623284 0.781335 0.010149 0.006358
12 0.562985 0.779178 0.008955 0.006131
12 0.604925 0.778951 0.009254 0.006131
12 0.524627 0.776680 0.009851 0.005677
12 0.507015 0.776453 0.009254 0.006131
18 0.429254 0.775204 0.005373 0.003633
12 0.486716 0.774410 0.009254 0.005677
12 0.449552 0.774296 0.008955 0.005450
18 0.774179 0.772820 0.005075 0.004314
12 0.775821 0.767598 0.004179 0.003860
12 0.413582 0.771458 0.009851 0.005677
12 0.394925 0.771571 0.009552 0.005904
12 0.376269 0.769414 0.009254 0.006131
12 0.341940 0.769187 0.009851 0.005677
12 0.305821 0.766916 0.010448 0.005677
12 0.288806 0.767144 0.009851 0.006131
12 0.269701 0.765100 0.009851 0.005677
12 0.234776 0.764873 0.009254 0.005677
18 0.135970 0.763851 0.006269 0.003633
12 0.200597 0.762148 0.010149 0.006585
12 0.183284 0.761921 0.010149 0.007039
12 0.163731 0.759537 0.008060 0.005904
12 0.743731 0.720368 0.009851 0.006131
12 0.713881 0.720595 0.009851 0.006585
11 0.850299 0.717870 0.009254 0.005223
12 0.812239 0.718211 0.009552 0.005904
13 0.781194 0.715599 0.010149 0.006131
12 0.761791 0.715372 0.009552 0.006131
12 0.915672 0.712421 0.008657 0.006131
12 0.212836 0.711399 0.009552 0.005904
12 0.197612 0.709355 0.008955 0.006358
12 0.181343 0.709242 0.008657 0.007039
11 0.638955 0.708560 0.008060 0.007039
13 0.596567 0.708333 0.009254 0.006585
12 0.581045 0.705949 0.009254 0.005904
12 0.563433 0.706063 0.008657 0.006131
12 0.164925 0.705381 0.008657 0.006585
12 0.547015 0.703224 0.009254 0.006812
12 0.502239 0.703338 0.009254 0.007039
12 0.321791 0.701181 0.008955 0.005904
12 0.417761 0.700840 0.008657 0.006131
12 0.485522 0.700840 0.008060 0.006585
12 0.468657 0.700840 0.009552 0.006585
11 0.357612 0.699024 0.010149 0.007039
11 0.263881 0.698569 0.010149 0.007039
12 0.452388 0.697207 0.008657 0.007493
18 0.121343 0.676203 0.005075 0.003633
12 0.133881 0.673025 0.006269 0.003633
12 0.745075 0.669505 0.009552 0.006131
12 0.714627 0.669278 0.009552 0.006585
12 0.814179 0.666780 0.009254 0.005677
11 0.850896 0.666553 0.009851 0.006131
12 0.764179 0.664510 0.009552 0.006131
12 0.781940 0.664282 0.009254 0.006131
12 0.915970 0.660876 0.008657 0.005677
12 0.214328 0.660649 0.009552 0.006131
12 0.198209 0.658379 0.009552 0.007039
12 0.181791 0.658379 0.008955 0.007039
11 0.640299 0.657016 0.008955 0.006585
12 0.597612 0.657016 0.009552 0.007493
12 0.163433 0.655995 0.009254 0.005904
12 0.581343 0.654746 0.009254 0.006131
12 0.565522 0.654746 0.008657 0.006131
12 0.547910 0.652475 0.009254 0.007039
12 0.503134 0.651453 0.008060 0.005904
12 0.322836 0.650431 0.009254 0.006131
12 0.487910 0.650204 0.009851 0.006131
12 0.470746 0.650204 0.009552 0.006131
12 0.417761 0.650091 0.009254 0.005904
11 0.357463 0.647934 0.008060 0.006585
11 0.262687 0.647707 0.008955 0.007039
11 0.453582 0.646685 0.008060 0.006358
17 0.771045 0.635104 0.006567 0.002271
12 0.780448 0.613079 0.009851 0.005450
12 0.780448 0.618529 0.009851 0.005450
18 0.751642 0.634877 0.007164 0.002271
13 0.189701 0.621026 0.005075 0.003179
13 0.454179 0.617053 0.010448 0.006131
13 0.549552 0.616599 0.010149 0.006131
11 0.813433 0.615690 0.008955 0.005223
12 0.813433 0.620913 0.008955 0.005223
18 0.849104 0.615009 0.007463 0.005677
18 0.849701 0.620913 0.008657 0.004768
13 0.262239 0.615009 0.006269 0.006131
13 0.358060 0.614555 0.010448 0.007039
12 0.763433 0.612965 0.009254 0.005677
12 0.763433 0.618642 0.009254 0.005677
13 0.393433 0.611830 0.008955 0.006131
13 0.294925 0.612057 0.009552 0.006585
13 0.581343 0.611149 0.009851 0.006131
13 0.486716 0.611490 0.009851 0.006812
12 0.746119 0.610581 0.009254 0.005450
12 0.746119 0.616031 0.009254 0.005450
12 0.714030 0.610581 0.009552 0.005450
12 0.714030 0.616031 0.009552 0.005450
13 0.165821 0.608311 0.010448 0.005904
13 0.165821 0.614214 0.010448 0.005904
12 0.916866 0.607516 0.009254 0.006131
11 0.641045 0.605359 0.009254 0.005904
11 0.641045 0.611262 0.009254 0.005904
12 0.199254 0.603769 0.010448 0.005904
12 0.199254 0.609673 0.010448 0.005904
17 0.069701 0.598206 0.004478 0.003406
12 0.069552 0.584809 0.004179 0.004768
12 0.070000 0.544505 0.004478 0.005904
12 0.573582 0.590827 0.003881 0.004541
13 0.580746 0.576635 0.008060 0.005223
13 0.581343 0.568120 0.010448 0.007266
12 0.386567 0.587988 0.004776 0.006585
12 0.393582 0.570845 0.011045 0.005904
12 0.393582 0.576748 0.011045 0.005904
11 0.706119 0.585718 0.006866 0.004768
12 0.714179 0.573683 0.009851 0.005223
18 0.897910 0.580041 0.009552 0.004768
12 0.881045 0.580495 0.009254 0.005677
12 0.866119 0.580722 0.009254 0.006131
12 0.813582 0.578451 0.009851 0.006131
12 0.849851 0.577997 0.008955 0.006131
13 0.487910 0.576635 0.009851 0.006131
13 0.487761 0.568688 0.010746 0.006585
13 0.454179 0.576294 0.010448 0.005450
13 0.454179 0.581744 0.010448 0.005450
13 0.357761 0.576067 0.009851 0.005450
13 0.357761 0.581517 0.009851 0.005450
13 0.264328 0.577203 0.010448 0.007720
12 0.781493 0.575954 0.008358 0.005677
13 0.549701 0.575840 0.010448 0.005450
13 0.549701 0.581290 0.010448 0.005450
12 0.763881 0.575840 0.008955 0.005904
13 0.167015 0.574251 0.010448 0.006812
12 0.745672 0.573342 0.009552 0.006358
12 0.914925 0.572775 0.009552 0.006585
12 0.679851 0.571185 0.008060 0.005677
12 0.664478 0.571299 0.008955 0.005904
13 0.296567 0.570845 0.010448 0.005904
13 0.296567 0.576748 0.010448 0.005904
13 0.200746 0.570731 0.010448 0.007039
12 0.640149 0.568460 0.009851 0.006585
12 0.916866 0.526226 0.008657 0.006131
12 0.866418 0.524750 0.009254 0.006812
12 0.410000 0.524183 0.009851 0.006131
12 0.881642 0.524069 0.009851 0.006358
12 0.392985 0.521685 0.009254 0.007493
12 0.377761 0.521231 0.009851 0.007493
12 0.848806 0.520890 0.008657 0.007266
12 0.812985 0.520663 0.009851 0.006812
12 0.358657 0.518733 0.008657 0.006131
12 0.312687 0.518733 0.009851 0.006131
12 0.781343 0.518733 0.009851 0.006585
12 0.762239 0.518506 0.009851 0.006585
12 0.295373 0.516235 0.008657 0.006585
12 0.744179 0.515781 0.008358 0.006585
13 0.714179 0.516122 0.009254 0.007266
12 0.226418 0.515781 0.009254 0.007039
12 0.280448 0.515554 0.008657 0.007039
12 0.514776 0.514078 0.009254 0.006358
12 0.678358 0.513738 0.009254 0.006131
12 0.608209 0.513738 0.009254 0.006131
12 0.662537 0.513510 0.009851 0.006585
12 0.262836 0.512943 0.009254 0.006358
11 0.166119 0.512602 0.009254 0.006131
12 0.636866 0.511467 0.008657 0.007039
11 0.547910 0.511467 0.009851 0.007493
11 0.455373 0.511013 0.008657 0.006585
12 0.592090 0.471503 0.009851 0.006131
12 0.558657 0.469687 0.009254 0.005677
12 0.575522 0.469233 0.009552 0.006585
11 0.543134 0.465940 0.009851 0.006358
12 0.503731 0.466281 0.009851 0.007039
12 0.468209 0.464918 0.009254 0.006131
12 0.329701 0.464237 0.009254 0.006131
12 0.903433 0.463783 0.009254 0.005677
12 0.485224 0.464010 0.009851 0.006131
12 0.404925 0.463783 0.009254 0.006131
11 0.361493 0.461853 0.008358 0.006812
11 0.279104 0.461853 0.008358 0.006812
12 0.807612 0.461626 0.008657 0.006812
12 0.888955 0.461285 0.008955 0.007039
12 0.443134 0.461058 0.009254 0.006585
12 0.709104 0.461285 0.008657 0.007493
12 0.870896 0.460831 0.009851 0.007039
11 0.639851 0.458787 0.009851 0.006131
12 0.846567 0.458447 0.009552 0.005904
11 0.741343 0.458106 0.009851 0.005677
18 0.138806 0.429496 0.007164 0.003406
12 0.208358 0.428588 0.008955 0.006131
12 0.168806 0.428588 0.009254 0.006131
12 0.592388 0.421435 0.009851 0.006358
12 0.576269 0.418597 0.008657 0.006131
12 0.559851 0.418029 0.009254 0.005904
11 0.544030 0.414850 0.008657 0.005904
12 0.505970 0.415645 0.009552 0.007493
12 0.469104 0.412920 0.009254 0.005677
12 0.406269 0.412693 0.008955 0.005677
12 0.903881 0.412466 0.008955 0.005677
12 0.487612 0.412693 0.009254 0.006131
12 0.329701 0.412239 0.008657 0.006585
12 0.872836 0.410763 0.008358 0.006812
12 0.806716 0.410876 0.008657 0.007039
12 0.707910 0.410422 0.008060 0.006585
12 0.887612 0.410309 0.009254 0.006812
12 0.440149 0.410536 0.009851 0.007266
12 0.185970 0.410422 0.008955 0.007039
11 0.278955 0.410195 0.008657 0.007039
12 0.224925 0.409968 0.009254 0.007039
11 0.362537 0.409628 0.008657 0.006812
11 0.744328 0.408152 0.009254 0.006585
12 0.845821 0.407698 0.009254 0.006131
11 0.640149 0.407470 0.008657 0.006131
13 0.454627 0.389986 0.008358 0.007947
11 0.769104 0.386807 0.005075 0.004314
13 0.776866 0.368983 0.009851 0.006812
13 0.669254 0.381017 0.005373 0.003179
12 0.207910 0.381358 0.007463 0.005223
12 0.207910 0.386580 0.007463 0.005223
12 0.186418 0.381358 0.008657 0.005223
12 0.186418 0.386580 0.008657 0.005223
12 0.169552 0.379087 0.008955 0.005223
12 0.169552 0.384310 0.008955 0.005223
12 0.225522 0.376362 0.008060 0.005223
12 0.225522 0.381585 0.008060 0.005223
13 0.362239 0.376817 0.010448 0.006585
13 0.544925 0.376589 0.010448 0.006585
13 0.444179 0.376589 0.010149 0.006585
13 0.281642 0.376362 0.010448 0.006585
13 0.640000 0.374205 0.009552 0.006812
13 0.742836 0.373865 0.008657 0.007039
13 0.847164 0.373183 0.010149 0.008856
13 0.575373 0.371367 0.009254 0.006131
13 0.487164 0.371594 0.009552 0.006585
13 0.388209 0.371367 0.009851 0.006585
13 0.311791 0.371594 0.009851 0.007039
12 0.679254 0.368756 0.010448 0.006812
13 0.887761 0.368188 0.010149 0.007039
11 0.767015 0.351499 0.008060 0.004087
13 0.777313 0.334128 0.009552 0.007039
18 0.459851 0.350590 0.006269 0.004541
18 0.465522 0.345708 0.008060 0.003860
12 0.187463 0.346163 0.010149 0.005677
13 0.744030 0.338896 0.010448 0.006131
13 0.641194 0.338896 0.010746 0.007039
13 0.364179 0.338896 0.010746 0.007039
13 0.281045 0.338669 0.010448 0.006585
12 0.544478 0.338442 0.009552 0.006585
13 0.444776 0.338556 0.009552 0.006812
13 0.388806 0.333447 0.009851 0.006131
13 0.312388 0.333674 0.009851 0.006585
13 0.846119 0.333674 0.009851 0.007039
13 0.486567 0.333447 0.010149 0.006585
13 0.678657 0.333333 0.010448 0.006812
13 0.576567 0.332993 0.010448 0.006585
13 0.888507 0.330268 0.008657 0.006585
12 0.226567 0.328224 0.009552 0.006131
18 0.115821 0.326181 0.006567 0.003406
17 0.115075 0.331403 0.005672 0.003406
18 0.191493 0.299046 0.007463 0.005450
12 0.281642 0.288034 0.009851 0.006131
12 0.280597 0.269414 0.008955 0.007039
13 0.169851 0.287579 0.009552 0.006585
12 0.795224 0.286331 0.010149 0.005904
12 0.761642 0.284287 0.008657 0.005904
11 0.778060 0.283719 0.009254 0.006131
12 0.701940 0.281449 0.008657 0.006585
12 0.745522 0.279632 0.008657 0.005677
12 0.606418 0.278497 0.009851 0.006131
12 0.682090 0.278043 0.009552 0.006131
12 0.663134 0.278043 0.009851 0.006131
12 0.516866 0.277816 0.008657 0.006131
12 0.919254 0.276226 0.009851 0.006585
12 0.640000 0.275772 0.008955 0.007039
11 0.444478 0.275204 0.008358 0.007266
11 0.545672 0.274977 0.008955 0.007720
18 0.846119 0.273161 0.009254 0.005904
13 0.210746 0.269074 0.010149 0.007720
11 0.867313 0.238079 0.009851 0.006585
12 0.639851 0.237625 0.009851 0.006131
18 0.915522 0.220027 0.008955 0.004995
12 0.915821 0.177339 0.008955 0.006812
12 0.696567 0.220595 0.009851 0.006585
12 0.534627 0.201294 0.008955 0.005677
12 0.463433 0.201521 0.009254 0.006131
12 0.311791 0.201067 0.008060 0.005677
12 0.171493 0.198115 0.009254 0.006585
12 0.851642 0.194482 0.009552 0.005677
12 0.792090 0.194482 0.009851 0.005677
12 0.893433 0.194255 0.009552 0.006131
12 0.749104 0.193801 0.009851 0.005677
12 0.669403 0.193801 0.009254 0.005677
12 0.612537 0.193688 0.010149 0.006358
12 0.562090 0.182788 0.008358 0.005904
11 0.340448 0.182675 0.008060 0.006131
12 0.495672 0.182448 0.009254 0.006131
12 0.207910 0.179950 0.009254 0.006585
12 0.868806 0.177679 0.009254 0.006585
12 0.812687 0.177225 0.009254 0.006585
12 0.770000 0.176998 0.008657 0.007039
12 0.697463 0.176658 0.009254 0.006812
12 0.639254 0.176771 0.008657 0.007039
12 0.074328 0.165645 0.004776 0.004314
18 0.687015 0.164396 0.006866 0.002271
12 0.768806 0.165191 0.008060 0.005223
12 0.769104 0.159514 0.007463 0.005677
12 0.892388 0.163034 0.006866 0.004541
12 0.892239 0.157243 0.008955 0.005677
12 0.794030 0.159401 0.009552 0.005450
12 0.794030 0.164850 0.009552 0.005450
12 0.869403 0.156789 0.008657 0.005677
12 0.869403 0.162466 0.008657 0.005677
12 0.750000 0.156108 0.009851 0.005677
12 0.750000 0.161785 0.009851 0.005677
12 0.852836 0.154746 0.008955 0.005223
12 0.852836 0.159968 0.008955 0.005223
12 0.813284 0.154405 0.008657 0.005450
12 0.813284 0.159855 0.008657 0.005450
18 0.417313 0.152248 0.005373 0.003406
12 0.416567 0.146571 0.004478 0.003860
18 0.263731 0.152021 0.006866 0.003860
12 0.917463 0.151680 0.009254 0.005450
12 0.917463 0.157130 0.009254 0.005450
12 0.535075 0.144868 0.008657 0.005450
12 0.535075 0.150318 0.008657 0.005450
13 0.518358 0.144868 0.008657 0.005450
13 0.518358 0.150318 0.008657 0.005450
12 0.427761 0.144414 0.010149 0.005450
12 0.427761 0.149864 0.010149 0.005450
12 0.275970 0.144074 0.008657 0.005223
12 0.275970 0.149296 0.008657 0.005223
12 0.669254 0.143506 0.008358 0.004995
12 0.669254 0.148501 0.008358 0.004995
12 0.640448 0.143165 0.009254 0.005223
12 0.640448 0.148388 0.009254 0.005223
12 0.465224 0.142144 0.008657 0.005450
12 0.465224 0.147593 0.008657 0.005450
11 0.313881 0.141462 0.009254 0.005450
11 0.313881 0.146912 0.009254 0.005450
11 0.170597 0.140554 0.009254 0.004995
11 0.170597 0.145550 0.009254 0.004995
12 0.698209 0.140327 0.008955 0.005904
12 0.698209 0.146231 0.008955 0.005904
12 0.613284 0.140213 0.007463 0.005677
12 0.613284 0.145890 0.007463 0.005677
13 0.578657 0.139192 0.009851 0.005904
13 0.578657 0.145095 0.009851 0.005904
12 0.769104 0.120232 0.009851 0.005223
11 0.171045 0.112057 0.010149 0.006131
13 0.535075 0.108651 0.009851 0.005677
12 0.464627 0.108424 0.008657 0.005223
11 0.314179 0.108197 0.009851 0.006131
12 0.814478 0.102293 0.009851 0.006585
12 0.141343 0.100704 0.008060 0.004314
11 0.349104 0.073569 0.004478 0.005904
12 0.355522 0.053928 0.008955 0.005677
13 0.262239 0.064146 0.008657 0.006131
13 0.207910 0.063919 0.008657 0.006131
13 0.697463 0.061421 0.009851 0.006131
13 0.638209 0.061194 0.008358 0.005677
13 0.851791 0.061421 0.008060 0.006585
13 0.670896 0.060967 0.009254 0.006131
13 0.750597 0.060967 0.011045 0.007039
13 0.496567 0.060286 0.009254 0.006131
13 0.403731 0.059605 0.009851 0.006131
13 0.342239 0.059378 0.008657 0.006585
13 0.249701 0.059378 0.009851 0.006585
13 0.223433 0.058924 0.009851 0.006131
13 0.184627 0.058924 0.009851 0.006131
13 0.564030 0.058243 0.009254 0.005677
13 0.627015 0.055064 0.008657 0.006131
13 0.480149 0.053928 0.009851 0.006131
13 0.388060 0.053247 0.008955 0.006131
13 0.327910 0.052566 0.009851 0.006585
13 0.237463 0.052112 0.009254 0.006131
13 0.551045 0.052112 0.009552 0.007039
13 0.170896 0.051658 0.008657 0.006131
13 0.277761 0.050976 0.009851 0.007039
13 0.535373 0.049387 0.008060 0.005223
13 0.612985 0.049160 0.009254 0.006131
13 0.465672 0.048479 0.008955 0.006131
13 0.374478 0.048025 0.008657 0.005677
13 0.311940 0.047570 0.008955 0.006585
13 0.580149 0.047116 0.009254 0.007039
13 0.520448 0.047116 0.009254 0.007039
13 0.428955 0.046208 0.008955 0.007039
13 0.684478 0.043597 0.008955 0.007720
13 0.713881 0.042802 0.009254 0.007039
13 0.653582 0.042802 0.009254 0.007039
13 0.793582 0.042575 0.008657 0.007039
0 0.090597 0.858424 0.023582 0.022934
1 0.095672 0.067552 0.021791 0.039737
3 0.157164 0.377044 0.006269 0.015668
4 0.196866 0.062330 0.006866 0.012035
2 0.089104 0.674728 0.018209 0.018847
3 0.159254 0.199024 0.007463 0.017484
2 0.094478 0.195845 0.017612 0.018392
5 0.456866 0.408379 0.006269 0.008401
3 0.195970 0.179723 0.006866 0.017030
0 0.095075 0.151340 0.022985 0.023842
4 0.502836 0.514192 0.009254 0.013851
4 0.112687 0.897934 0.009254 0.012943
3 0.415970 0.046776 0.006866 0.018619
4 0.317463 0.464010 0.008657 0.014759
0 0.092388 0.535309 0.021791 0.031562
1 0.093881 0.383856 0.021791 0.039282
4 0.504328 0.150431 0.009254 0.012943
4 0.596866 0.513738 0.009851 0.016122
5 0.456567 0.463329 0.006269 0.010218
4 0.138358 0.334128 0.009254 0.013397
2 0.090299 0.482175 0.017612 0.018847
0 0.125821 0.667688 0.008060 0.009310
5 0.134776 0.768506 0.008657 0.009310
2 0.093881 0.240350 0.018806 0.019301
1 0.090896 0.769868 0.022388 0.033833
2 0.090299 0.725136 0.022388 0.018847
4 0.858955 0.461285 0.008657 0.013397
3 0.650299 0.511921 0.006866 0.016122
2 0.091940 0.431540 0.016119 0.017484
0 0.092388 0.624092 0.022388 0.023842
2 0.089403 0.939941 0.020000 0.019755
2 0.088806 0.902248 0.020000 0.018847
4 0.651194 0.276907 0.008657 0.012035
4 0.116567 0.286217 0.009254 0.012943
4 0.133134 0.726385 0.008358 0.013624
0 0.111343 0.721390 0.008955 0.011807
4 0.124776 0.065168 0.008955 0.015441
4 0.116418 0.057902 0.010149 0.014532
4 0.116119 0.097411 0.009552 0.013624
4 0.133433 0.094233 0.007164 0.011807
4 0.134328 0.855586 0.008955 0.015895
4 0.127463 0.799955 0.007761 0.012716
4 0.136418 0.482516 0.008955 0.013624
0 0.093433 0.333333 0.020299 0.027702
4 0.112836 0.849228 0.008955 0.013170
4 0.128657 0.524523 0.007761 0.013170
0 0.138806 0.241144 0.008955 0.011353
4 0.124478 0.382153 0.008358 0.013624
4 0.138507 0.378974 0.008955 0.014532
4 0.113731 0.615577 0.008358 0.013624
4 0.124627 0.718097 0.008657 0.013397
5 0.118955 0.728088 0.008657 0.013397
4 0.132985 0.055745 0.008657 0.013397
4 0.140597 0.063238 0.008358 0.013397
4 0.128209 0.566190 0.008657 0.013397
4 0.135522 0.571185 0.008358 0.013397
5 0.124328 0.199478 0.008657 0.013397
4 0.132090 0.188579 0.008657 0.013397
4 0.139701 0.197888 0.008358 0.013397
4 0.114179 0.478769 0.008657 0.013397
4 0.121791 0.484446 0.008358 0.013397
4 0.094179 0.343438 0.008657 0.013397
5 0.100000 0.343438 0.008358 0.013397
4 0.113582 0.529632 0.008657 0.013397
5 0.120597 0.534855 0.008358 0.013397
5 0.124627 0.152248 0.008657 0.013397
4 0.131642 0.149069 0.008358 0.013397
4 0.088209 0.297570 0.008657 0.013397
4 0.098507 0.293256 0.008358 0.013397
4 0.088507 0.109105 0.008657 0.013397
4 0.095373 0.105245 0.008657 0.013397
5 0.102388 0.114555 0.008358 0.013397
4 0.112985 0.934718 0.008657 0.013397
4 0.121493 0.941757 0.008358 0.013397
4 0.090597 0.583674 0.008657 0.011580
5 0.097015 0.583674 0.008358 0.011580
4 0.084627 0.579587 0.008657 0.013397
4 0.096716 0.566190 0.008358 0.013397
4 0.084030 0.814373 0.008657 0.013397
4 0.090597 0.810513 0.008657 0.013397
5 0.097313 0.801658 0.008358 0.013397
5 0.119851 0.623411 0.008657 0.013397
4 0.127463 0.614555 0.008358 0.013397