7 0.848893 0.938950 0.011969 0.012506
8 0.776780 0.935312 0.012567 0.007049
7 0.628067 0.938495 0.011969 0.013415
7 0.561640 0.937131 0.011969 0.014325
7 0.517355 0.937813 0.011969 0.012960
7 0.450329 0.936676 0.011969 0.017053
7 0.400658 0.932924 0.011969 0.022738
7 0.336026 0.937813 0.011969 0.012960
7 0.288749 0.937813 0.011969 0.012960
7 0.216038 0.937585 0.011370 0.012506
6 0.897068 0.937358 0.008977 0.017508
6 0.673549 0.937813 0.009575 0.018417
10 0.353980 0.928377 0.007181 0.002729
6 0.169060 0.936221 0.008378 0.019782
10 0.459306 0.905184 0.007181 0.004548
7 0.850688 0.893702 0.011969 0.012960
10 0.776780 0.890177 0.012567 0.004548
7 0.626870 0.893474 0.011969 0.013415
7 0.561939 0.893474 0.011370 0.013415
7 0.517654 0.893474 0.012567 0.013415
7 0.451227 0.893247 0.011370 0.012960
7 0.399761 0.896430 0.011370 0.020236
7 0.336625 0.893020 0.011969 0.013415
7 0.289348 0.893247 0.011969 0.013870
7 0.218731 0.892565 0.011969 0.012506
6 0.672651 0.894156 0.008977 0.018417
6 0.170257 0.892337 0.008378 0.019327
9 0.641532 0.856867 0.011370 0.018417
8 0.473668 0.856185 0.011969 0.018872
7 0.171155 0.854366 0.012567 0.013415
8 0.584381 0.854366 0.013166 0.018872
8 0.531418 0.853001 0.012567 0.026148
8 0.420706 0.855161 0.012567 0.023647
8 0.353381 0.856639 0.011969 0.018872
8 0.307002 0.856639 0.011370 0.017963
8 0.243268 0.856867 0.013166 0.019327
7 0.915619 0.853683 0.011370 0.014779
7 0.785757 0.853911 0.012567 0.013415
8 0.698384 0.851410 0.011370 0.009322
6 0.739378 0.852774 0.009575 0.017508
10 0.299521 0.844702 0.005984 0.001819
10 0.231897 0.844702 0.007181 0.001819
8 0.434171 0.852092 0.011969 0.023420
8 0.257929 0.852092 0.011370 0.023420
8 0.655895 0.852092 0.013764 0.023420
10 0.642130 0.842201 0.010174 0.002274
8 0.598444 0.852092 0.013764 0.023420
10 0.578995 0.841974 0.009575 0.001819
8 0.489826 0.852092 0.013166 0.023420
10 0.555655 0.811733 0.010772 0.005002
7 0.189707 0.815030 0.012567 0.013870
8 0.881209 0.811164 0.011969 0.007049
10 0.779773 0.811278 0.012567 0.005002
8 0.667864 0.811392 0.012567 0.006594
8 0.439856 0.811619 0.012567 0.007049
6 0.218432 0.813893 0.008977 0.017963
9 0.171155 0.810937 0.011370 0.036608
7 0.353381 0.785016 0.010772 0.012051
10 0.583782 0.778536 0.005984 0.003183
8 0.643327 0.786153 0.011370 0.013415
10 0.351586 0.777854 0.005984 0.004548
8 0.303710 0.783879 0.011969 0.018872
8 0.865649 0.783879 0.010772 0.018872
8 0.532615 0.784334 0.011370 0.019782
8 0.473668 0.783652 0.011969 0.018417
8 0.420407 0.785471 0.010772 0.012960
9 0.239976 0.785925 0.011370 0.013870
8 0.189408 0.781833 0.013166 0.024784
10 0.347397 0.771487 0.005984 0.002729
10 0.237882 0.770578 0.023938 0.002729
7 0.601735 0.780696 0.007181 0.026148
10 0.467086 0.770578 0.005984 0.004548
10 0.251646 0.769213 0.005984 0.003638
7 0.785458 0.770691 0.011969 0.012506
7 0.695392 0.771146 0.012567 0.013415
7 0.914722 0.771146 0.011969 0.015234
6 0.738779 0.769100 0.009575 0.018417
9 0.757630 0.730673 0.013764 0.017963
10 0.552065 0.723511 0.011969 0.005002
10 0.324057 0.723511 0.011969 0.005002
7 0.188211 0.727035 0.011969 0.013415
7 0.807600 0.726126 0.011969 0.012506
7 0.673549 0.726580 0.011969 0.013415
8 0.443746 0.722942 0.011969 0.007049
7 0.893776 0.725898 0.011969 0.013870
6 0.218133 0.726353 0.009575 0.017508
6 0.850090 0.726353 0.009575 0.018417
6 0.625374 0.724761 0.008977 0.017963
8 0.877618 0.676330 0.011969 0.006594
8 0.752843 0.676558 0.012567 0.007049
8 0.622083 0.676558 0.011969 0.007049
7 0.472771 0.679741 0.012567 0.013415
6 0.505984 0.677467 0.009575 0.017963
10 0.875823 0.640291 0.011969 0.005002
8 0.753441 0.640177 0.012567 0.007049
8 0.621185 0.639723 0.012567 0.007049
10 0.493417 0.639836 0.010772 0.005002
8 0.382705 0.639495 0.011969 0.006594
8 0.292639 0.639495 0.012567 0.006594
10 0.291741 0.610732 0.011969 0.005002
9 0.298923 0.601296 0.005984 0.018417
7 0.508079 0.598568 0.011370 0.002501
7 0.766008 0.595612 0.011370 0.017963
7 0.704069 0.598113 0.011969 0.012960
7 0.635248 0.598340 0.011969 0.013415
7 0.472172 0.598340 0.011370 0.013415
7 0.581987 0.597885 0.011969 0.013415
9 0.800718 0.558436 0.007780 0.020009
9 0.546379 0.559118 0.004189 0.019554
9 0.868941 0.558890 0.004189 0.019100
8 0.534111 0.557185 0.013166 0.020236
9 0.911430 0.559231 0.012567 0.015234
8 0.855177 0.560482 0.011370 0.016826
8 0.790545 0.556730 0.012567 0.020236
8 0.726511 0.556730 0.013764 0.019327
8 0.652902 0.556958 0.012567 0.019782
9 0.599042 0.557754 0.013764 0.022283
8 0.470975 0.556048 0.012567 0.018872
10 0.584680 0.516598 0.012567 0.002274
10 0.481448 0.513870 0.007181 0.004093
8 0.534411 0.510800 0.012567 0.018417
8 0.857570 0.510118 0.013764 0.017963
8 0.790545 0.513529 0.012567 0.015689
8 0.651107 0.510800 0.012567 0.019327
8 0.600838 0.510346 0.012567 0.018417
8 0.471275 0.511028 0.013166 0.019782
9 0.485039 0.507617 0.008378 0.026603
9 0.506882 0.505798 0.008977 0.023874
8 0.192699 0.463506 0.012567 0.006594
8 0.496110 0.463279 0.012567 0.007049
8 0.391682 0.463279 0.011969 0.007049
8 0.292041 0.463506 0.012567 0.007503
10 0.769898 0.423374 0.011969 0.002274
7 0.574806 0.420987 0.011969 0.013415
7 0.288450 0.420305 0.011370 0.012960
8 0.496409 0.416894 0.013166 0.007049
8 0.391981 0.416894 0.012567 0.007049
6 0.305805 0.419395 0.010174 0.018417
8 0.715739 0.414620 0.013764 0.021601
10 0.493417 0.371078 0.011969 0.005002
7 0.388689 0.374375 0.011969 0.012960
8 0.192101 0.370509 0.012567 0.007049
6 0.408438 0.373238 0.009575 0.017963
8 0.494614 0.324579 0.011969 0.007049
8 0.292340 0.324807 0.011969 0.006594
8 0.194195 0.325034 0.011969 0.007049
10 0.393477 0.288768 0.011969 0.005002
8 0.291442 0.288881 0.011370 0.006594
8 0.191502 0.288881 0.011370 0.006594
10 0.180431 0.236244 0.007181 0.002729
10 0.797127 0.236471 0.012567 0.005002
8 0.891083 0.235675 0.011370 0.006594
6 0.699282 0.239313 0.009575 0.018417
6 0.347696 0.238404 0.010174 0.019327
6 0.580192 0.237949 0.009575 0.017508
6 0.473668 0.238404 0.009575 0.019327
6 0.232196 0.238859 0.008977 0.018417
7 0.767804 0.199523 0.012567 0.013415
10 0.893776 0.193497 0.005984 0.001819
6 0.473070 0.199295 0.009575 0.018417
6 0.232196 0.199068 0.008977 0.018872
6 0.698085 0.199068 0.009575 0.018872
6 0.578995 0.198386 0.009575 0.018417
6 0.347696 0.198840 0.010174 0.018417
9 0.177439 0.198613 0.007181 0.037062
8 0.795631 0.147681 0.011969 0.007049
6 0.473369 0.152001 0.010174 0.018417
6 0.347397 0.152001 0.009575 0.018417
6 0.579892 0.151319 0.008977 0.017963
6 0.698983 0.151091 0.008977 0.017508
6 0.233992 0.150182 0.008977 0.017508
9 0.221424 0.114484 0.007780 0.020691
10 0.661580 0.114598 0.007181 0.003183
10 0.580192 0.114598 0.007181 0.003183
10 0.350987 0.114598 0.005984 0.003183
10 0.328845 0.114598 0.007181 0.003183
10 0.351885 0.110505 0.008977 0.003183
10 0.327648 0.110050 0.005984 0.002274
7 0.792340 0.109709 0.011370 0.012960
8 0.598444 0.112437 0.012567 0.018417
9 0.365949 0.114484 0.013166 0.013415
7 0.294434 0.109936 0.011370 0.013415
7 0.533214 0.109709 0.012567 0.013870
8 0.888390 0.105389 0.011969 0.007049
6 0.807301 0.109254 0.010174 0.017508
8 0.461400 0.102206 0.008977 0.005230
10 0.201676 0.096407 0.008977 0.004093
8 0.796828 0.067872 0.011969 0.006594
6 0.347696 0.071510 0.010174 0.018417
6 0.471275 0.070146 0.009575 0.017508
6 0.233094 0.070373 0.009575 0.017963
6 0.698085 0.070146 0.009575 0.017508
6 0.578995 0.069918 0.009575 0.017053
10 0.423399 0.063211 0.007181 0.003183
8 0.085877 0.035812 0.005984 0.013415
12 0.866996 0.944179 0.008677 0.005230
11 0.644674 0.943724 0.010473 0.006139
12 0.586774 0.935994 0.008977 0.005230
12 0.475913 0.932583 0.009276 0.007503
12 0.534411 0.930764 0.008977 0.005684
12 0.353680 0.930423 0.007181 0.005002
12 0.422501 0.928377 0.010174 0.006367
12 0.244764 0.927922 0.008977 0.006367
13 0.233094 0.924966 0.007181 0.004093
12 0.308348 0.924852 0.009276 0.005684
12 0.586924 0.909618 0.009874 0.006139
12 0.866846 0.907344 0.009575 0.006139
11 0.645123 0.906548 0.010174 0.006367
12 0.475464 0.906435 0.009575 0.006139
12 0.532615 0.903934 0.009575 0.005684
11 0.353680 0.903706 0.010174 0.006139
11 0.422950 0.901432 0.009874 0.006139
12 0.246559 0.900864 0.008977 0.005912
13 0.306703 0.898249 0.009575 0.006139
11 0.139288 0.896885 0.005087 0.004320
12 0.139587 0.890518 0.005685 0.005230
18 0.125224 0.859141 0.004488 0.003411
13 0.881658 0.859482 0.010473 0.005912
12 0.851885 0.859368 0.010174 0.005684
13 0.818073 0.859368 0.010174 0.005684
12 0.676990 0.859595 0.009276 0.006139
11 0.657540 0.859595 0.009874 0.006139
13 0.655895 0.845498 0.008378 0.006594
13 0.599491 0.859709 0.009874 0.006367
12 0.563136 0.859709 0.010174 0.006367
13 0.547427 0.859709 0.009874 0.006367
13 0.490575 0.859709 0.009874 0.006367
12 0.454219 0.859595 0.010174 0.006139
12 0.401406 0.859709 0.009874 0.006367
13 0.369988 0.859709 0.010473 0.006367
12 0.337522 0.859595 0.010174 0.006139
13 0.320317 0.859595 0.009276 0.006139
11 0.896768 0.859141 0.010772 0.006139
12 0.627020 0.859482 0.009874 0.006821
12 0.517804 0.859595 0.010473 0.007049
12 0.289348 0.859368 0.009575 0.006594
12 0.220377 0.859482 0.009276 0.006821
12 0.201526 0.859595 0.010473 0.007049
12 0.434770 0.847090 0.004788 0.003865
13 0.434470 0.859482 0.010174 0.006821
18 0.257331 0.847090 0.005984 0.003865
12 0.258378 0.859823 0.009874 0.006594
12 0.171604 0.825261 0.009874 0.006594
12 0.169360 0.807299 0.005984 0.005230
18 0.096798 0.819236 0.013465 0.004548
18 0.096798 0.823784 0.013465 0.004548
12 0.132256 0.802524 0.007780 0.004320
13 0.256882 0.791155 0.009276 0.007503
12 0.674895 0.790246 0.009874 0.006594
13 0.658438 0.790246 0.009276 0.006594
13 0.201825 0.790473 0.009276 0.007049
11 0.898115 0.789791 0.009874 0.006594
13 0.879563 0.790018 0.009874 0.007049
12 0.852035 0.790018 0.009874 0.007049
12 0.627020 0.789791 0.009874 0.006594
13 0.599192 0.789791 0.009276 0.006594
12 0.564632 0.790246 0.009575 0.007503
13 0.544883 0.790018 0.009575 0.007049
12 0.517205 0.789791 0.009276 0.006594
13 0.489677 0.790018 0.009276 0.007049
13 0.435518 0.790018 0.009874 0.007049
11 0.219779 0.790018 0.009276 0.007049
11 0.227858 0.769782 0.007481 0.003411
12 0.818821 0.789450 0.009276 0.006821
12 0.455715 0.789563 0.009575 0.007049
12 0.403501 0.789336 0.009276 0.006594
13 0.369090 0.789677 0.008677 0.007276
13 0.366697 0.774784 0.006284 0.002956
12 0.288300 0.789336 0.008677 0.006594
12 0.336924 0.788995 0.008977 0.007731
13 0.317624 0.788881 0.008677 0.007503
18 0.583034 0.783311 0.006882 0.003638
12 0.417415 0.783083 0.007181 0.004093
12 0.170108 0.770919 0.009276 0.006139
13 0.768402 0.745452 0.009575 0.007049
12 0.789048 0.744316 0.008378 0.005684
12 0.706912 0.729764 0.009276 0.005684
12 0.922950 0.728740 0.009276 0.006367
12 0.168911 0.727262 0.009276 0.006139
12 0.741323 0.726808 0.009874 0.006139
12 0.447038 0.685425 0.010772 0.006139
17 0.356972 0.685766 0.010772 0.006821
17 0.270646 0.685425 0.010473 0.007049
17 0.171604 0.684970 0.009874 0.007049
12 0.236685 0.633015 0.010174 0.006821
12 0.213794 0.630855 0.009276 0.006139
12 0.189856 0.629718 0.009276 0.007503
12 0.169808 0.623352 0.009874 0.006594
17 0.914572 0.611187 0.009276 0.005912
12 0.913674 0.592769 0.008677 0.006367
11 0.791592 0.608799 0.009874 0.006594
12 0.790395 0.590609 0.009874 0.005684
11 0.652454 0.606639 0.009276 0.005912
12 0.651706 0.588449 0.010174 0.005912
13 0.856523 0.606071 0.006882 0.005684
12 0.857121 0.587653 0.009276 0.006139
12 0.730551 0.603570 0.011071 0.006139
12 0.729503 0.585834 0.008977 0.005230
12 0.532017 0.603570 0.007780 0.006139
12 0.532466 0.585834 0.009874 0.006139
12 0.519150 0.601069 0.008378 0.004775
18 0.519150 0.605844 0.008378 0.004775
12 0.598893 0.600955 0.009874 0.006367
12 0.597696 0.582879 0.008677 0.005684
12 0.321813 0.598568 0.009874 0.006139
12 0.304907 0.596066 0.008378 0.005684
12 0.287702 0.593565 0.009874 0.006139
17 0.170557 0.593565 0.011370 0.006139
17 0.170557 0.599704 0.011370 0.006139
12 0.414572 0.592997 0.009874 0.006821
12 0.399013 0.590950 0.008677 0.005457
12 0.269150 0.588563 0.009874 0.006139
12 0.381059 0.588336 0.009874 0.006594
12 0.357121 0.585834 0.009874 0.006139
12 0.446589 0.582651 0.009276 0.006139
11 0.607421 0.564688 0.005386 0.002956
12 0.617145 0.554116 0.010473 0.006367
11 0.542190 0.564916 0.006583 0.003411
12 0.551616 0.554002 0.009874 0.006139
11 0.866098 0.565257 0.006882 0.005002
12 0.874028 0.553774 0.009575 0.005684
18 0.734740 0.563779 0.006284 0.002956
17 0.171305 0.559686 0.010473 0.007503
13 0.669509 0.554229 0.009874 0.005684
13 0.808348 0.554002 0.009874 0.006139
12 0.766008 0.554002 0.009575 0.006139
12 0.744764 0.554116 0.009575 0.006367
12 0.703770 0.554002 0.009575 0.006139
12 0.635248 0.554002 0.009575 0.006139
12 0.580341 0.554002 0.009874 0.006139
12 0.507929 0.554002 0.009874 0.006139
12 0.488480 0.554002 0.010473 0.006139
13 0.929533 0.553774 0.009276 0.006594
12 0.892729 0.553661 0.009874 0.006367
12 0.841412 0.553774 0.010174 0.006594
18 0.447487 0.549000 0.009874 0.006139
17 0.355625 0.545703 0.010473 0.005912
17 0.355625 0.551614 0.010473 0.005912
17 0.268851 0.545248 0.010473 0.005912
17 0.268851 0.551160 0.010473 0.005912
11 0.919659 0.526603 0.006284 0.004093
12 0.928486 0.517735 0.009575 0.006367
11 0.660533 0.515462 0.006284 0.005457
12 0.670108 0.499886 0.009874 0.007049
11 0.609515 0.515462 0.007780 0.006367
12 0.618791 0.499432 0.009575 0.007049
11 0.482795 0.516144 0.007481 0.007731
11 0.492519 0.499204 0.009575 0.007503
12 0.543387 0.515462 0.005984 0.007276
11 0.551317 0.499886 0.009276 0.007049
17 0.171005 0.501933 0.011071 0.007503
17 0.355625 0.501478 0.011071 0.007503
17 0.267654 0.501478 0.010473 0.007503
13 0.874177 0.500341 0.009874 0.007049
12 0.892430 0.499886 0.009276 0.007049
13 0.808498 0.500114 0.009575 0.007503
12 0.705566 0.499432 0.008378 0.006139
12 0.764063 0.499432 0.009874 0.007049
12 0.635099 0.499659 0.008079 0.007503
12 0.839467 0.499204 0.008677 0.007503
13 0.745961 0.498977 0.009575 0.007049
12 0.508827 0.499090 0.009276 0.007276
12 0.580640 0.498863 0.009276 0.007731
12 0.447636 0.498749 0.009575 0.007503
17 0.699431 0.472601 0.009874 0.007049
17 0.574806 0.472601 0.010772 0.007049
17 0.834381 0.472146 0.010473 0.007049
12 0.168911 0.444407 0.009276 0.006139
12 0.187163 0.439177 0.008677 0.006594
12 0.205416 0.433492 0.009276 0.006139
12 0.225314 0.428490 0.009575 0.006139
12 0.263615 0.425762 0.009575 0.006139
11 0.653800 0.418827 0.005984 0.005912
12 0.662777 0.405753 0.009575 0.006139
11 0.788300 0.417576 0.008079 0.004320
12 0.796379 0.405298 0.008677 0.006139
12 0.916667 0.415530 0.009874 0.005684
12 0.883303 0.413142 0.008977 0.005457
12 0.863405 0.410755 0.009874 0.006139
13 0.732496 0.405525 0.009575 0.005684
12 0.698833 0.405753 0.009874 0.006139
12 0.624925 0.405753 0.009276 0.006139
12 0.832286 0.405298 0.009874 0.006139
12 0.757181 0.405412 0.009276 0.006367
12 0.603680 0.405184 0.008677 0.005912
12 0.264662 0.395634 0.009276 0.005912
12 0.287104 0.389836 0.009874 0.006139
12 0.305955 0.384834 0.010473 0.006139
12 0.324955 0.382333 0.010174 0.005684
12 0.364602 0.379832 0.009276 0.006139
17 0.698534 0.372328 0.010473 0.006594
17 0.573609 0.372101 0.011370 0.007049
17 0.833483 0.369600 0.011071 0.005684
17 0.833483 0.375284 0.011071 0.005684
12 0.362807 0.349363 0.009276 0.006139
12 0.390634 0.346180 0.009276 0.006139
12 0.409635 0.341519 0.009575 0.005912
12 0.429234 0.336062 0.009276 0.005002
17 0.696738 0.336289 0.010473 0.006367
17 0.574806 0.336062 0.010772 0.006821
17 0.833333 0.333220 0.010772 0.006594
12 0.139886 0.320714 0.006284 0.004320
12 0.461251 0.295248 0.008677 0.006139
13 0.490575 0.292292 0.009874 0.005684
12 0.519001 0.287062 0.010473 0.006139
12 0.539497 0.282060 0.009575 0.006139
17 0.572561 0.276603 0.011071 0.007049
17 0.832286 0.276148 0.009874 0.007049
17 0.699431 0.276262 0.011071 0.007276
11 0.660533 0.245452 0.009874 0.006594
11 0.531867 0.243179 0.008677 0.005684
11 0.426242 0.240791 0.009276 0.006367
11 0.296230 0.240905 0.009575 0.006594
11 0.180281 0.238631 0.008079 0.005684
18 0.139886 0.243406 0.008677 0.005684
12 0.139886 0.237722 0.008677 0.005684
12 0.922501 0.219077 0.009575 0.006594
12 0.902154 0.212256 0.009575 0.006594
13 0.884051 0.207026 0.009276 0.005230
11 0.659336 0.205207 0.008677 0.006139
11 0.659037 0.189859 0.010473 0.006367
12 0.867744 0.204525 0.010174 0.006594
11 0.533064 0.203161 0.008677 0.005684
12 0.532765 0.187813 0.009276 0.005912
11 0.294135 0.200659 0.010174 0.006139
11 0.294584 0.187699 0.009276 0.005684
11 0.425943 0.200432 0.009874 0.006594
12 0.426391 0.187926 0.010174 0.006139
12 0.827798 0.199636 0.009874 0.005912
11 0.179384 0.198272 0.006882 0.005002
11 0.180281 0.184970 0.009276 0.006594
13 0.809545 0.194407 0.009874 0.006367
12 0.792639 0.189291 0.009575 0.006139
11 0.533962 0.170873 0.009276 0.006594
11 0.532615 0.155412 0.007780 0.005684
11 0.532466 0.147453 0.009874 0.006139
11 0.426990 0.167917 0.010174 0.006139
11 0.426541 0.155639 0.009874 0.006139
11 0.426840 0.147681 0.009276 0.005684
11 0.181029 0.165871 0.007181 0.005684
12 0.181478 0.152683 0.009276 0.006594
12 0.181179 0.142678 0.009874 0.006594
11 0.294584 0.155412 0.009276 0.005684
11 0.294883 0.144952 0.008677 0.005684
11 0.294883 0.168372 0.009874 0.007049
18 0.658438 0.149727 0.006882 0.005230
11 0.660233 0.171555 0.009276 0.007049
11 0.659635 0.157799 0.009276 0.005912
18 0.413375 0.145975 0.007481 0.005002
18 0.413375 0.150978 0.007481 0.005002
18 0.522442 0.145634 0.007780 0.005230
18 0.522442 0.150864 0.007780 0.005230
13 0.493866 0.128467 0.009276 0.006367
12 0.765859 0.127899 0.008677 0.007049
12 0.725015 0.123238 0.009575 0.005912
12 0.473220 0.120396 0.009874 0.006594
12 0.255087 0.120282 0.009276 0.006367
12 0.701526 0.117667 0.009276 0.005684
18 0.459755 0.122328 0.009276 0.005002
18 0.459755 0.117326 0.009276 0.005002
12 0.681179 0.115166 0.009276 0.006139
12 0.444494 0.115393 0.009874 0.006594
12 0.235637 0.114825 0.009874 0.006367
12 0.661131 0.112665 0.009874 0.005684
13 0.614303 0.112892 0.009575 0.006139
12 0.579743 0.112779 0.008677 0.005912
12 0.563435 0.112892 0.009575 0.006139
12 0.425344 0.112892 0.009874 0.006139
11 0.380012 0.112437 0.008977 0.005230
12 0.380012 0.097544 0.005386 0.006367
12 0.350987 0.112665 0.009575 0.005684
12 0.327648 0.112437 0.009575 0.006139
12 0.209156 0.112665 0.009575 0.006594
12 0.180431 0.109936 0.009575 0.006594
18 0.120736 0.105957 0.005087 0.003183
12 0.140335 0.102660 0.007181 0.004775
17 0.113555 0.099704 0.008677 0.008868
18 0.139288 0.071282 0.007481 0.004775
12 0.140186 0.065143 0.008079 0.005230
18 0.122681 0.067644 0.007181 0.003865
12 0.112507 0.066053 0.006583 0.004320
11 0.532765 0.064916 0.008079 0.005684
12 0.532166 0.046157 0.009276 0.006367
11 0.659934 0.062528 0.007481 0.006367
12 0.659186 0.043997 0.008378 0.007503
11 0.294883 0.062528 0.008677 0.006367
12 0.294584 0.043429 0.009276 0.007276
12 0.422651 0.046044 0.009276 0.006139
18 0.179533 0.041724 0.009575 0.006594
13 0.086026 0.037176 0.003890 0.003865
0 0.089617 0.373693 0.023040 0.022965
5 0.091712 0.814575 0.023639 0.024329
2 0.088121 0.853229 0.021245 0.019782
0 0.089916 0.598113 0.022442 0.023420
3 0.316427 0.111983 0.007481 0.019782
3 0.413375 0.200205 0.006284 0.020691
4 0.195542 0.112665 0.009874 0.016598
3 0.413076 0.169964 0.006882 0.017508
4 0.711700 0.124261 0.009276 0.014325
2 0.092908 0.198386 0.020048 0.017963
4 0.376571 0.345498 0.009276 0.016598
3 0.170108 0.142224 0.008079 0.019327
4 0.410981 0.046271 0.009874 0.013870
2 0.089617 0.239541 0.018253 0.018417
4 0.519300 0.046271 0.009874 0.016598
0 0.092011 0.152228 0.023040 0.023874
4 0.518701 0.065371 0.009874 0.015689
3 0.256882 0.586744 0.006882 0.018872
4 0.139587 0.643588 0.010473 0.016144
3 0.823908 0.333447 0.007481 0.018872
3 0.168911 0.239313 0.008079 0.020691
2 0.089318 0.936448 0.020048 0.019782
4 0.154548 0.443952 0.009276 0.016144
3 0.414273 0.239768 0.006882 0.018872
4 0.518701 0.584243 0.009874 0.016598
3 0.160533 0.560596 0.008079 0.015689
3 0.687163 0.405070 0.006882 0.020236
4 0.234141 0.900068 0.009276 0.015234
4 0.571664 0.910073 0.009276 0.015234
4 0.853531 0.204297 0.010473 0.016144
3 0.169808 0.197704 0.007481 0.018417
1 0.088420 0.552183 0.023040 0.035243
2 0.086924 0.466007 0.020048 0.019327
4 0.503441 0.287062 0.009276 0.016144
2 0.088121 0.678377 0.021245 0.019327
4 0.090215 0.767508 0.021843 0.032970
5 0.202124 0.624943 0.006284 0.009777
2 0.089916 0.641769 0.016457 0.017963
2 0.090515 0.418486 0.015260 0.017963
4 0.753591 0.128809 0.009276 0.015234
4 0.646768 0.245907 0.009874 0.015689
4 0.251496 0.424852 0.009276 0.014325
3 0.411580 0.928035 0.007481 0.020236
4 0.572861 0.935766 0.009276 0.015689
4 0.849042 0.409618 0.009874 0.015689
4 0.475015 0.292974 0.009874 0.016144
3 0.718881 0.604934 0.006882 0.017963
3 0.369689 0.588563 0.007481 0.020691
4 0.902005 0.592883 0.009276 0.012960
4 0.818522 0.405980 0.012268 0.016598
4 0.817325 0.276830 0.009874 0.016598
4 0.226062 0.633811 0.009874 0.012960
3 0.590814 0.405980 0.006882 0.020236
3 0.718582 0.583788 0.007481 0.019327
3 0.410981 0.901205 0.007481 0.018417
4 0.140186 0.680196 0.009276 0.014779
4 0.902005 0.611073 0.009276 0.016598
4 0.115350 0.849136 0.009874 0.016144
4 0.139288 0.596521 0.009874 0.016598
4 0.140485 0.766371 0.009874 0.015234
4 0.692549 0.729309 0.009276 0.016598
2 0.088420 0.891428 0.020646 0.019782
1 0.091113 0.728854 0.022442 0.030241
4 0.252394 0.397112 0.008677 0.012506
4 0.139737 0.202137 0.008977 0.014097
4 0.130162 0.192588 0.008977 0.015007
4 0.138540 0.548886 0.008977 0.015462
4 0.131358 0.233288 0.008977 0.014552
4 0.140934 0.854025 0.008977 0.013643
4 0.141532 0.937472 0.008977 0.015007
4 0.132256 0.928377 0.008378 0.013188
4 0.114004 0.145748 0.008977 0.014097
4 0.140335 0.722146 0.008977 0.014552
4 0.131358 0.713734 0.008977 0.015007
4 0.139437 0.371533 0.009575 0.015462
4 0.121783 0.154388 0.008977 0.013188
4 0.138839 0.150523 0.009575 0.015462
4 0.123579 0.815825 0.010174 0.013643
4 0.115799 0.807185 0.008977 0.015462
4 0.113704 0.759891 0.009575 0.015462
4 0.131658 0.757844 0.008378 0.014097
4 0.123579 0.941564 0.008977 0.013188
4 0.114901 0.933379 0.008378 0.015007
0 0.130760 0.278990 0.008977 0.011369
4 0.113405 0.638472 0.008977 0.015462
2 0.094554 0.078445 0.015560 0.016826
4 0.112807 0.674852 0.008977 0.014552
4 0.113106 0.589586 0.008378 0.014097
4 0.128665 0.458618 0.008378 0.013188
4 0.412627 0.065712 0.008977 0.015916
4 0.123279 0.896999 0.008378 0.013188
4 0.120886 0.552296 0.008378 0.013188
4 0.112507 0.544338 0.008378 0.013643
4 0.120586 0.203274 0.010174 0.015462
4 0.112807 0.195998 0.008977 0.014552
4 0.113405 0.506594 0.008977 0.013643
4 0.112507 0.717599 0.009575 0.015462
0 0.112208 0.415189 0.008977 0.011824
5 0.642879 0.154047 0.009276 0.016598
4 0.648414 0.150409 0.008977 0.016598
4 0.090215 0.521260 0.009276 0.013870
5 0.095452 0.521260 0.008977 0.013870
4 0.083034 0.517849 0.009276 0.016598
4 0.093656 0.511710 0.008977 0.016598
4 0.114752 0.239313 0.009276 0.016598
4 0.121783 0.242724 0.008977 0.016598
4 0.121933 0.645180 0.009276 0.016598
4 0.128965 0.636312 0.008977 0.016598
4 0.086026 0.071737 0.009276 0.016598
4 0.091263 0.071510 0.008977 0.016598
4 0.647068 0.174511 0.009276 0.016598
4 0.647666 0.205662 0.009276 0.016598
3 0.647068 0.189063 0.009276 0.016598
4 0.084530 0.294793 0.009276 0.016598
3 0.097846 0.290246 0.008977 0.016598
4 0.121335 0.681560 0.009276 0.016598
4 0.128965 0.672237 0.008977 0.016598
5 0.120736 0.597431 0.009276 0.016598
4 0.129563 0.588563 0.008977 0.016598
4 0.112657 0.285016 0.009276 0.016598
5 0.122382 0.285471 0.008977 0.016598
4 0.090814 0.334129 0.009276 0.013415
5 0.096050 0.334129 0.008977 0.013415
4 0.084231 0.329582 0.009276 0.016598
4 0.091263 0.326626 0.008977 0.016598
4 0.086326 0.109027 0.009276 0.016598
4 0.097846 0.106071 0.008977 0.016598
3 0.134201 0.809800 0.009276 0.016598
4 0.142130 0.812528 0.008977 0.016598