8 0.316403 0.934007 0.011353 0.007497
7 0.711085 0.933099 0.010756 0.007497
7 0.885569 0.933780 0.011951 0.010677
6 0.602330 0.934916 0.009561 0.017946
6 0.797431 0.934462 0.010158 0.018401
6 0.481625 0.934689 0.010756 0.019309
6 0.348969 0.934689 0.007171 0.018855
6 0.542575 0.931736 0.010756 0.021581
10 0.305946 0.844843 0.011353 0.004998
9 0.286226 0.836324 0.010158 0.019309
10 0.887362 0.788278 0.006573 0.003635
10 0.857783 0.788505 0.005976 0.004089
8 0.542874 0.787710 0.008366 0.013403
9 0.573648 0.784643 0.008963 0.019537
10 0.543771 0.783280 0.007768 0.002272
10 0.230356 0.777715 0.008366 0.001590
10 0.766358 0.772376 0.005976 0.001817
7 0.772632 0.772944 0.010158 0.011586
10 0.464296 0.768969 0.006573 0.003635
9 0.605617 0.779873 0.008366 0.029986
10 0.315208 0.737165 0.005976 0.003180
10 0.375859 0.736597 0.006573 0.002499
10 0.460412 0.727624 0.008366 0.002726
10 0.192112 0.723308 0.007171 0.002726
10 0.585599 0.721263 0.007768 0.002726
8 0.779803 0.732735 0.012549 0.031122
7 0.503735 0.721377 0.007768 0.015220
10 0.447565 0.721490 0.007768 0.004998
10 0.385270 0.725352 0.007469 0.004089
9 0.201673 0.730236 0.008366 0.030668
7 0.755303 0.722058 0.012549 0.019764
10 0.609949 0.693776 0.016433 0.004998
10 0.624141 0.692526 0.010158 0.002953
8 0.288019 0.683439 0.011951 0.007042
8 0.256349 0.682303 0.011951 0.008405
9 0.895429 0.671172 0.010158 0.041572
7 0.351957 0.608701 0.011951 0.011131
7 0.576337 0.609382 0.012549 0.013857
6 0.289812 0.608701 0.009561 0.019309
6 0.608605 0.607792 0.010158 0.018855
6 0.809680 0.607565 0.009561 0.017946
6 0.748730 0.607338 0.009561 0.018401
6 0.229758 0.607792 0.010158 0.019309
8 0.810875 0.508746 0.011951 0.006588
8 0.778906 0.507610 0.011353 0.007951
8 0.273827 0.506701 0.012847 0.007042
10 0.427696 0.499546 0.006274 0.002726
10 0.443083 0.477283 0.008366 0.004543
10 0.579026 0.461381 0.007768 0.002726
10 0.750224 0.460700 0.005976 0.001817
9 0.317897 0.461268 0.007768 0.024761
10 0.810577 0.456383 0.008366 0.003180
10 0.778608 0.456611 0.007768 0.003635
9 0.870033 0.458996 0.006573 0.030214
10 0.288915 0.455475 0.007171 0.004089
10 0.426053 0.455702 0.008963 0.004998
10 0.352256 0.455475 0.005976 0.004998
10 0.167613 0.455475 0.007171 0.004998
9 0.257245 0.458428 0.009561 0.022263
9 0.229758 0.455816 0.009561 0.027488
8 0.719151 0.455134 0.010756 0.013857
10 0.574544 0.445479 0.005976 0.001817
7 0.558112 0.447865 0.013744 0.008860
10 0.467583 0.442753 0.007171 0.001817
10 0.458620 0.440482 0.008366 0.004543
10 0.768151 0.437983 0.010756 0.001817
10 0.442785 0.439346 0.006573 0.004998
10 0.302062 0.437642 0.005976 0.001590
10 0.381536 0.407542 0.005976 0.003180
10 0.258440 0.403680 0.005976 0.003180
10 0.314013 0.390277 0.005976 0.001817
10 0.635494 0.390391 0.008366 0.002499
7 0.190917 0.390391 0.008366 0.009768
10 0.588288 0.387778 0.007171 0.002726
7 0.899910 0.396070 0.012549 0.028396
7 0.769943 0.388119 0.007171 0.002499
10 0.760980 0.383916 0.005976 0.002726
9 0.704213 0.393117 0.009561 0.028851
8 0.547655 0.344502 0.013146 0.006588
7 0.516881 0.345866 0.011353 0.012949
10 0.760382 0.276920 0.011353 0.004998
8 0.521064 0.275443 0.011951 0.006588
7 0.296086 0.277942 0.011353 0.012949
6 0.337317 0.276352 0.010158 0.018855
10 0.760980 0.232394 0.011353 0.004998
8 0.520765 0.230463 0.011353 0.006588
7 0.296385 0.233189 0.011951 0.013403
6 0.337317 0.231145 0.010158 0.018401
7 0.761876 0.181622 0.011951 0.007497
8 0.521362 0.178442 0.012549 0.007042
8 0.296982 0.178442 0.011951 0.007497
6 0.338213 0.180486 0.009561 0.017946
10 0.765760 0.141299 0.006573 0.002726
10 0.823125 0.141072 0.006573 0.003180
10 0.724828 0.131077 0.005976 0.003180
10 0.723932 0.126761 0.010158 0.003635
10 0.521960 0.126306 0.011353 0.004998
6 0.666268 0.130282 0.009561 0.018401
8 0.257245 0.123921 0.012549 0.006588
9 0.757096 0.131531 0.005976 0.022263
9 0.858082 0.127101 0.008366 0.027488
10 0.565432 0.088596 0.008067 0.003180
10 0.297729 0.085416 0.005677 0.002726
9 0.910218 0.077465 0.009262 0.019082
10 0.596056 0.078828 0.007171 0.003635
8 0.780699 0.078033 0.011951 0.006588
6 0.723932 0.079169 0.009561 0.017946
10 0.339110 0.071331 0.005976 0.002726
8 0.636092 0.076329 0.013146 0.029532
7 0.381237 0.077578 0.011353 0.031577
10 0.300866 0.063835 0.007171 0.004089
11 0.287870 0.952067 0.009262 0.006815
17 0.168957 0.951045 0.008067 0.004771
11 0.542127 0.938551 0.008664 0.004771
12 0.857484 0.938323 0.008366 0.005679
12 0.680460 0.935825 0.009262 0.006134
12 0.421422 0.933780 0.008067 0.006134
12 0.140275 0.932985 0.008067 0.005906
17 0.140275 0.938891 0.008067 0.005906
11 0.119062 0.932076 0.006274 0.009087
11 0.740813 0.928442 0.008067 0.005906
11 0.856887 0.905611 0.008963 0.006588
17 0.543322 0.905611 0.010457 0.007042
11 0.680460 0.902431 0.008664 0.006588
11 0.348670 0.901295 0.009561 0.006134
17 0.170451 0.900045 0.008067 0.006361
11 0.420825 0.900159 0.011055 0.007042
17 0.741111 0.895843 0.009262 0.007042
18 0.127726 0.889936 0.005079 0.004316
17 0.119361 0.880622 0.007469 0.008405
11 0.799821 0.849159 0.009561 0.006361
13 0.286824 0.847001 0.007768 0.003862
13 0.286973 0.831327 0.006872 0.006134
11 0.858829 0.841095 0.009262 0.005679
17 0.543322 0.841209 0.010457 0.006361
11 0.681058 0.838710 0.009860 0.006361
11 0.482671 0.836211 0.009860 0.006361
11 0.741858 0.831213 0.009561 0.005906
12 0.316702 0.828487 0.009561 0.006815
12 0.257245 0.828487 0.008963 0.006815
13 0.376606 0.828146 0.009262 0.006588
12 0.349119 0.825875 0.009262 0.006134
11 0.168808 0.826215 0.008963 0.006815
11 0.421123 0.825420 0.009860 0.006588
13 0.389901 0.822467 0.008963 0.006134
12 0.226471 0.797024 0.008366 0.005679
12 0.256200 0.796683 0.008664 0.005906
12 0.196146 0.796797 0.009262 0.006134
12 0.316702 0.796456 0.008963 0.006361
12 0.288169 0.796570 0.009262 0.006588
12 0.376606 0.796115 0.009262 0.006134
12 0.348372 0.796002 0.008963 0.006361
18 0.772632 0.793844 0.010158 0.005679
12 0.771885 0.785552 0.008664 0.005452
18 0.743502 0.793276 0.010457 0.006361
18 0.742904 0.785893 0.010457 0.006134
11 0.713923 0.793276 0.009860 0.006361
12 0.713325 0.785438 0.008664 0.006134
12 0.604272 0.791118 0.009262 0.006134
12 0.603376 0.778169 0.008664 0.006588
12 0.830445 0.791118 0.008664 0.006588
12 0.830146 0.784984 0.008664 0.005225
12 0.640125 0.788164 0.010457 0.007042
12 0.639229 0.777715 0.009860 0.006134
12 0.168957 0.786120 0.009860 0.005679
12 0.168957 0.791799 0.009860 0.005679
12 0.168957 0.797478 0.009860 0.005679
12 0.573200 0.785666 0.010457 0.005225
12 0.573200 0.790891 0.010457 0.005225
12 0.544517 0.785666 0.010457 0.005225
12 0.544517 0.790891 0.010457 0.005225
12 0.512100 0.785666 0.009561 0.005225
12 0.512100 0.790891 0.009561 0.005225
12 0.483866 0.785552 0.009262 0.004998
12 0.483866 0.790550 0.009262 0.004998
12 0.888706 0.785438 0.009262 0.005225
12 0.888706 0.790663 0.009262 0.005225
12 0.858829 0.785438 0.009262 0.005225
12 0.858829 0.790663 0.009262 0.005225
12 0.801165 0.785438 0.009860 0.005225
12 0.801165 0.790663 0.009860 0.005225
12 0.450403 0.785552 0.009262 0.005452
12 0.450403 0.791004 0.009262 0.005452
12 0.682402 0.785211 0.008963 0.005225
12 0.681655 0.779873 0.007469 0.004998
12 0.421273 0.785325 0.008963 0.005452
12 0.421273 0.790777 0.008963 0.005452
13 0.843890 0.744548 0.009262 0.006134
13 0.784733 0.744434 0.009262 0.005906
13 0.725575 0.744548 0.009262 0.006134
18 0.723484 0.725806 0.006274 0.004089
13 0.210188 0.742049 0.008664 0.005679
13 0.587242 0.742276 0.009860 0.006588
13 0.525695 0.742163 0.009860 0.006361
13 0.712728 0.741595 0.009860 0.005679
13 0.332387 0.741822 0.009262 0.006134
17 0.271586 0.741822 0.009561 0.006134
13 0.271138 0.723080 0.005677 0.004089
12 0.902749 0.741708 0.009860 0.006361
13 0.465940 0.741595 0.009860 0.006134
13 0.390947 0.741595 0.009262 0.006134
13 0.830445 0.741368 0.009860 0.006134
13 0.770989 0.741368 0.009262 0.006134
13 0.572453 0.739550 0.009561 0.005679
13 0.755901 0.739437 0.010158 0.005906
13 0.698387 0.739323 0.009860 0.005679
13 0.256200 0.739323 0.008664 0.005679
13 0.196146 0.739550 0.009262 0.006134
13 0.511652 0.739323 0.009262 0.006134
13 0.449656 0.739096 0.009561 0.005679
13 0.376606 0.739096 0.009262 0.005679
13 0.315506 0.739323 0.008963 0.006134
13 0.887362 0.738869 0.008963 0.005679
13 0.814610 0.739096 0.009262 0.006134
13 0.653421 0.739096 0.009561 0.006134
13 0.302360 0.736824 0.008963 0.006134
13 0.243053 0.736824 0.009860 0.006134
13 0.181954 0.737051 0.009561 0.006588
13 0.558560 0.736711 0.009262 0.006361
13 0.497610 0.736711 0.009860 0.006361
13 0.434867 0.736597 0.009860 0.006134
13 0.872124 0.736483 0.009561 0.006361
13 0.362414 0.736483 0.008366 0.006815
13 0.638482 0.736143 0.009561 0.006588
13 0.626232 0.734098 0.008963 0.006134
13 0.682850 0.731599 0.009860 0.005679
13 0.168061 0.731826 0.009262 0.006134
13 0.603227 0.731713 0.009561 0.006361
13 0.542426 0.731599 0.009860 0.006134
13 0.227069 0.731599 0.008963 0.006134
13 0.800568 0.731259 0.009860 0.005906
13 0.742307 0.731372 0.009262 0.006134
13 0.287870 0.731486 0.009860 0.006361
13 0.482671 0.731259 0.009860 0.006361
13 0.859128 0.731031 0.009860 0.006361
13 0.348820 0.731145 0.009860 0.006588
13 0.420227 0.731031 0.010457 0.006815
18 0.625336 0.693662 0.010756 0.002499
18 0.640872 0.693435 0.008366 0.002953
13 0.638632 0.677306 0.008067 0.006134
13 0.638632 0.659132 0.009262 0.006134
11 0.168509 0.690595 0.007171 0.006361
12 0.168509 0.672649 0.009561 0.005906
12 0.800717 0.679464 0.008963 0.005906
12 0.800866 0.661404 0.008664 0.007042
13 0.887511 0.679350 0.009860 0.006588
13 0.886764 0.661404 0.009561 0.007042
12 0.543322 0.677533 0.009860 0.006134
12 0.541829 0.658451 0.009262 0.006134
12 0.830595 0.676624 0.008366 0.005679
12 0.829399 0.658451 0.007768 0.005679
12 0.771736 0.676851 0.008963 0.006134
12 0.771736 0.658451 0.008963 0.005679
12 0.572304 0.674807 0.009262 0.006134
12 0.571108 0.656179 0.009262 0.007042
12 0.512100 0.674807 0.008366 0.006134
12 0.511503 0.656406 0.009561 0.007497
11 0.681356 0.674693 0.009860 0.006361
12 0.681058 0.656179 0.009262 0.007497
12 0.858829 0.674125 0.008664 0.006134
12 0.858530 0.656179 0.010457 0.007497
13 0.903346 0.674012 0.009262 0.006361
13 0.902151 0.655157 0.009262 0.006815
12 0.603376 0.671854 0.009262 0.006588
11 0.420376 0.671627 0.006573 0.007042
12 0.653720 0.671399 0.008963 0.007042
18 0.652674 0.653907 0.008664 0.006588
18 0.603376 0.654362 0.009262 0.006134
18 0.420376 0.653680 0.008963 0.005679
12 0.547804 0.625057 0.009262 0.006588
17 0.427547 0.625170 0.010756 0.007724
12 0.378697 0.614834 0.009262 0.006134
17 0.900209 0.614380 0.010158 0.005679
11 0.168061 0.607338 0.008664 0.006134
17 0.688527 0.606883 0.009860 0.006134
17 0.427398 0.579396 0.011055 0.007042
11 0.610248 0.578601 0.009860 0.006361
12 0.378697 0.567924 0.009262 0.005906
12 0.899910 0.567356 0.009561 0.006588
12 0.352405 0.560541 0.009262 0.006134
12 0.872423 0.559746 0.008366 0.005452
17 0.688975 0.559859 0.010158 0.006588
17 0.169256 0.560200 0.011055 0.007269
18 0.547206 0.519309 0.005677 0.003180
13 0.547206 0.503067 0.008664 0.006134
12 0.577980 0.500341 0.009262 0.006134
13 0.638034 0.500341 0.009860 0.006588
12 0.516283 0.500114 0.009561 0.006588
11 0.688527 0.497842 0.010457 0.006134
12 0.610547 0.497842 0.009860 0.006588
11 0.426203 0.497615 0.009262 0.006134
13 0.652823 0.495457 0.008366 0.005906
12 0.609650 0.463994 0.009262 0.006134
17 0.624440 0.446729 0.019122 0.002499
18 0.607410 0.446615 0.008366 0.002272
18 0.577233 0.463880 0.008366 0.005906
12 0.548252 0.463994 0.009561 0.006134
12 0.516134 0.463766 0.008664 0.005679
12 0.638632 0.463766 0.009860 0.006134
12 0.487750 0.463539 0.009262 0.006134
12 0.456528 0.463085 0.008963 0.007042
11 0.319390 0.459223 0.007171 0.005679
12 0.319540 0.453090 0.009860 0.005679
12 0.257992 0.458655 0.007469 0.004543
18 0.258889 0.452181 0.009262 0.004771
12 0.902151 0.455588 0.008664 0.005679
12 0.902151 0.461268 0.008664 0.005679
12 0.895279 0.453203 0.009262 0.006361
12 0.383926 0.455020 0.008963 0.005452
12 0.383926 0.460473 0.008963 0.005452
12 0.376606 0.452862 0.009262 0.005679
12 0.690021 0.453317 0.009860 0.005225
12 0.690021 0.458542 0.009860 0.005225
12 0.872274 0.452976 0.008664 0.005452
11 0.872274 0.458428 0.008664 0.005452
12 0.841201 0.453203 0.008664 0.005906
11 0.841201 0.459109 0.008664 0.005906
12 0.811324 0.452976 0.008664 0.005452
12 0.811324 0.458428 0.008664 0.005452
12 0.780251 0.452862 0.008664 0.005225
12 0.780251 0.458087 0.008664 0.005225
12 0.750822 0.452976 0.009561 0.005452
12 0.750822 0.458428 0.009561 0.005452
12 0.718703 0.452976 0.009262 0.005452
12 0.718703 0.458428 0.009262 0.005452
12 0.290857 0.458428 0.008664 0.005452
12 0.290857 0.452976 0.008664 0.005452
12 0.230654 0.458087 0.008963 0.005225
11 0.230654 0.452862 0.008963 0.005225
11 0.426800 0.464221 0.009262 0.005679
12 0.426800 0.452862 0.009262 0.005679
12 0.426800 0.458542 0.009262 0.005679
18 0.352405 0.452976 0.009860 0.005906
11 0.352405 0.458882 0.009860 0.005906
18 0.198835 0.452522 0.009860 0.005452
12 0.198835 0.457974 0.009860 0.005452
12 0.168659 0.452522 0.009262 0.005452
12 0.168659 0.457974 0.009262 0.005452
13 0.914700 0.418105 0.009860 0.007042
13 0.395429 0.417537 0.008664 0.007724
13 0.853003 0.409019 0.008963 0.005679
13 0.793098 0.408791 0.009262 0.006134
13 0.732596 0.408791 0.008963 0.006134
13 0.653421 0.408791 0.009561 0.006134
13 0.592471 0.408791 0.009561 0.006588
13 0.531073 0.408678 0.009860 0.006361
13 0.471318 0.408564 0.009860 0.006134
13 0.334329 0.408564 0.009561 0.006588
13 0.272782 0.407769 0.009561 0.004998
13 0.211533 0.408564 0.010158 0.006588
13 0.578279 0.406293 0.008664 0.005225
13 0.516582 0.406293 0.009561 0.005225
13 0.899910 0.406520 0.008963 0.006134
13 0.840006 0.406520 0.008664 0.006134
12 0.779056 0.406293 0.008664 0.005679
13 0.717060 0.406406 0.008963 0.005906
13 0.457723 0.406065 0.008963 0.005679
12 0.319988 0.405725 0.009561 0.004998
13 0.639229 0.406293 0.009860 0.006588
18 0.258590 0.405838 0.009860 0.005679
13 0.197640 0.405838 0.008664 0.005679
13 0.380789 0.405498 0.009860 0.005452
13 0.625486 0.403794 0.009860 0.005679
13 0.884523 0.403794 0.009262 0.006134
13 0.825665 0.403680 0.009860 0.005906
13 0.765312 0.403794 0.009860 0.006134
13 0.703765 0.403794 0.009860 0.006134
13 0.502988 0.403567 0.009860 0.006134
13 0.304601 0.403453 0.009860 0.006361
13 0.244249 0.403339 0.009860 0.006134
13 0.184344 0.403339 0.009561 0.006134
13 0.563490 0.403453 0.009561 0.006815
13 0.442635 0.403339 0.009860 0.006588
13 0.366597 0.403339 0.009561 0.006588
13 0.750971 0.398682 0.009860 0.005906
13 0.870481 0.398569 0.009860 0.006588
13 0.809830 0.398342 0.009262 0.006134
13 0.689423 0.398342 0.009860 0.006134
13 0.291455 0.398342 0.009860 0.006134
13 0.610547 0.398114 0.009860 0.006134
13 0.548999 0.398114 0.009860 0.006134
13 0.488647 0.398114 0.009860 0.006134
12 0.427547 0.398455 0.009561 0.006815
13 0.352704 0.398114 0.009262 0.006588
13 0.231102 0.398114 0.009860 0.006588
13 0.170451 0.397887 0.009262 0.006134
12 0.809830 0.357110 0.008067 0.006361
12 0.810128 0.339050 0.008664 0.005679
12 0.292501 0.356202 0.008963 0.006361
12 0.292351 0.338142 0.008664 0.006588
12 0.840155 0.354839 0.006573 0.005452
12 0.839707 0.336779 0.009262 0.005679
11 0.779056 0.354952 0.007469 0.005679
12 0.779504 0.336552 0.010158 0.006134
13 0.900359 0.354839 0.008664 0.005906
13 0.899462 0.336779 0.009262 0.006134
18 0.320735 0.353589 0.006274 0.005679
12 0.259785 0.353589 0.006274 0.005679
12 0.260084 0.335189 0.009262 0.006134
12 0.380789 0.353816 0.008067 0.006588
13 0.381386 0.335416 0.009860 0.006134
12 0.871377 0.352113 0.009262 0.006361
12 0.870929 0.334166 0.008963 0.005906
11 0.689722 0.351772 0.009262 0.005679
12 0.689722 0.334053 0.009262 0.005679
11 0.427995 0.351090 0.009262 0.006588
12 0.427248 0.333144 0.009561 0.006134
12 0.353152 0.350863 0.008963 0.006588
12 0.352405 0.332917 0.009860 0.006134
12 0.171049 0.350750 0.008067 0.006361
12 0.170601 0.332349 0.009561 0.005906
13 0.915297 0.349727 0.008664 0.005679
13 0.914700 0.331327 0.008664 0.006134
13 0.397072 0.348251 0.008366 0.006361
13 0.396773 0.329964 0.008963 0.006134
12 0.320735 0.335643 0.009860 0.006134
12 0.267404 0.292026 0.008963 0.006134
17 0.147296 0.291572 0.008963 0.006134
18 0.911413 0.280895 0.006274 0.003408
18 0.910816 0.286801 0.006274 0.003862
12 0.268151 0.238414 0.009262 0.006134
17 0.148342 0.238755 0.009860 0.006815
18 0.912608 0.235802 0.007469 0.004089
12 0.903794 0.234325 0.005378 0.003862
18 0.912011 0.241368 0.007469 0.004316
18 0.911712 0.188551 0.006872 0.004089
18 0.912011 0.182531 0.007469 0.004771
12 0.919779 0.170491 0.006274 0.003408
18 0.148491 0.185825 0.010158 0.005452
17 0.148491 0.191277 0.010158 0.005452
17 0.148790 0.177419 0.009561 0.005906
18 0.268748 0.178669 0.009262 0.005679
12 0.269047 0.186279 0.008664 0.005452
12 0.269047 0.191731 0.008664 0.005452
13 0.822079 0.139596 0.009262 0.005679
13 0.764864 0.139482 0.009561 0.005452
13 0.866149 0.136983 0.008963 0.005906
13 0.808933 0.136983 0.009262 0.005906
13 0.751718 0.137097 0.008963 0.006134
13 0.795339 0.134371 0.008366 0.005225
13 0.851061 0.134371 0.009860 0.006134
12 0.738124 0.134371 0.008664 0.006134
13 0.838064 0.131645 0.009561 0.006134
13 0.782044 0.131645 0.009262 0.006134
13 0.926053 0.130395 0.006872 0.004089
13 0.723782 0.129373 0.008664 0.005225
12 0.880042 0.121990 0.005079 0.003635
13 0.879444 0.139482 0.008067 0.005452
17 0.906633 0.122672 0.007469 0.007724
13 0.579773 0.092799 0.008664 0.006134
12 0.458321 0.090981 0.008963 0.005225
13 0.381386 0.089505 0.009860 0.005906
13 0.318345 0.089278 0.008664 0.005906
12 0.708097 0.087801 0.008963 0.005679
13 0.637138 0.087574 0.009262 0.006134
13 0.565432 0.087006 0.009262 0.005452
13 0.507469 0.086552 0.009262 0.005452
17 0.518823 0.072240 0.011055 0.004998
12 0.520466 0.092117 0.007768 0.005679
13 0.436510 0.085302 0.009561 0.005679
12 0.693457 0.085302 0.009561 0.006134
13 0.623095 0.084961 0.009860 0.006361
13 0.367792 0.083939 0.009561 0.005679
13 0.296684 0.083712 0.009561 0.005679
13 0.252316 0.083258 0.009262 0.005679
13 0.680161 0.082690 0.008067 0.005452
13 0.609800 0.082690 0.009561 0.005906
13 0.551539 0.081895 0.008963 0.005225
13 0.494473 0.081213 0.008963 0.005679
12 0.423065 0.079850 0.008963 0.005679
13 0.666119 0.079850 0.009860 0.006134
13 0.537795 0.078941 0.008963 0.005679
13 0.354497 0.078601 0.009262 0.005906
13 0.283388 0.078260 0.008067 0.005679
13 0.238572 0.077806 0.008067 0.004771
13 0.196445 0.077692 0.007469 0.005452
13 0.596056 0.077124 0.009561 0.005679
13 0.410069 0.076897 0.009262 0.006134
13 0.480878 0.076102 0.008664 0.005452
18 0.910965 0.074852 0.007171 0.003862
13 0.268748 0.075307 0.008664 0.006134
13 0.224978 0.074852 0.008366 0.006134
13 0.182103 0.074852 0.008664 0.006134
13 0.340454 0.073603 0.007469 0.004543
18 0.158201 0.072808 0.005677 0.002953
18 0.924858 0.072808 0.006872 0.005225
13 0.212578 0.069855 0.009860 0.006134
13 0.168957 0.069400 0.008664 0.006134
18 0.902749 0.067469 0.006274 0.004543
13 0.148790 0.064630 0.008963 0.005679
12 0.122647 0.061677 0.006872 0.005225
1 0.096952 0.681508 0.021811 0.033621
0 0.097251 0.782599 0.023006 0.024080
4 0.097849 0.340754 0.021811 0.033621
0 0.098745 0.179918 0.023006 0.023626
1 0.098148 0.074284 0.022408 0.041345
2 0.096355 0.276692 0.018225 0.019991
0 0.095459 0.449341 0.024201 0.024534
2 0.095459 0.935030 0.018823 0.019082
2 0.096355 0.231259 0.018225 0.020900
2 0.097401 0.509541 0.023304 0.021354
4 0.448163 0.092799 0.010158 0.013403
4 0.121751 0.226374 0.009262 0.014766
5 0.469525 0.073035 0.007469 0.014766
4 0.117568 0.440368 0.009860 0.014766
4 0.626083 0.788505 0.009860 0.015902
2 0.095459 0.884371 0.018225 0.020445
4 0.904840 0.176056 0.008664 0.014539
2 0.096355 0.609041 0.017030 0.019537
4 0.308336 0.089846 0.008963 0.015220
2 0.096952 0.837574 0.015238 0.018628
2 0.094562 0.562017 0.018225 0.020900
4 0.097849 0.728532 0.021811 0.032258
4 0.121751 0.273398 0.009262 0.015220
4 0.122050 0.116197 0.008664 0.011586
4 0.614431 0.734325 0.009262 0.017038
4 0.138333 0.176965 0.008366 0.014539
4 0.126382 0.566561 0.009561 0.014085
4 0.141918 0.609496 0.008366 0.015448
4 0.119510 0.604498 0.008963 0.015448
4 0.119062 0.504316 0.008664 0.014993
4 0.120406 0.674239 0.008366 0.015902
4 0.127278 0.396184 0.008366 0.014085
4 0.119510 0.387324 0.008366 0.015448
4 0.126083 0.449796 0.008366 0.013176
4 0.141022 0.447297 0.008366 0.016356
4 0.140424 0.884371 0.008366 0.014539
4 0.142217 0.391186 0.008366 0.014085
4 0.134748 0.383235 0.007768 0.013630
4 0.133403 0.555657 0.009262 0.014993
4 0.140424 0.562472 0.008963 0.014993
4 0.132507 0.601090 0.009262 0.014993
4 0.127428 0.612222 0.009262 0.014993
4 0.134299 0.502499 0.009262 0.014993
4 0.141022 0.510223 0.008963 0.014993
4 0.128025 0.681963 0.009262 0.014993
4 0.140424 0.679918 0.008963 0.014993
4 0.120556 0.834621 0.009262 0.014993
4 0.128174 0.840981 0.008963 0.014993
4 0.133702 0.832349 0.009262 0.014993
4 0.140723 0.837801 0.008963 0.014993
4 0.090977 0.126306 0.009262 0.014993
4 0.099791 0.121536 0.008963 0.014993
4 0.119659 0.721717 0.009262 0.014993
5 0.130415 0.721036 0.009262 0.014993
4 0.141321 0.726034 0.008963 0.014993
4 0.089782 0.398228 0.009262 0.014993
5 0.102480 0.393458 0.008963 0.014993
4 0.120257 0.334848 0.009262 0.014993
4 0.131610 0.339846 0.009262 0.014993
4 0.143113 0.339618 0.008963 0.014993
5 0.126531 0.781917 0.009262 0.014993
4 0.134001 0.773285 0.009262 0.014993
4 0.141321 0.780554 0.008963 0.014993