8 0.866248 0.940996 0.013166 0.013870
8 0.600838 0.943952 0.013764 0.018872
7 0.507481 0.940769 0.012567 0.013415
7 0.741771 0.940541 0.011969 0.012960
10 0.406942 0.936107 0.006583 0.002729
7 0.378217 0.940314 0.012567 0.013415
7 0.380012 0.886198 0.011370 0.013415
7 0.230102 0.886198 0.011969 0.013415
10 0.757331 0.868577 0.005984 0.002274
10 0.353381 0.845271 0.005984 0.002501
7 0.246260 0.846407 0.009575 0.007503
10 0.598743 0.841974 0.013166 0.001819
10 0.579593 0.841291 0.008378 0.002274
10 0.187014 0.842428 0.008378 0.004548
9 0.896768 0.833333 0.007181 0.007731
8 0.804010 0.821396 0.009575 0.008413
10 0.581388 0.782515 0.009575 0.002501
10 0.583184 0.780127 0.008378 0.001819
10 0.243567 0.767622 0.006583 0.002274
10 0.283064 0.767394 0.007780 0.004548
7 0.172950 0.767281 0.011370 0.012960
8 0.228306 0.769782 0.013166 0.019782
10 0.337223 0.752387 0.007181 0.002729
9 0.279773 0.711005 0.004788 0.017735
10 0.492220 0.703729 0.008378 0.001819
10 0.711849 0.696680 0.022741 0.002274
10 0.877020 0.695998 0.009575 0.001819
10 0.243866 0.659618 0.007181 0.003638
10 0.398265 0.658709 0.011969 0.004548
10 0.883303 0.657572 0.010174 0.003183
10 0.486834 0.658481 0.011969 0.005002
10 0.871335 0.657572 0.011370 0.004093
10 0.714542 0.657799 0.017355 0.004548
9 0.614602 0.648704 0.005386 0.021373
9 0.734291 0.646544 0.011370 0.024329
9 0.378815 0.646089 0.012567 0.025239
7 0.195691 0.594020 0.012567 0.013870
7 0.327050 0.594020 0.011969 0.013870
7 0.882406 0.592656 0.011969 0.013870
7 0.708857 0.592656 0.011969 0.012960
7 0.576002 0.593338 0.011969 0.013415
7 0.447935 0.593338 0.011969 0.013415
7 0.858169 0.593111 0.011370 0.013870
7 0.731299 0.592883 0.010174 0.013415
6 0.470676 0.592883 0.008378 0.016144
6 0.600239 0.591746 0.010174 0.017508
6 0.218133 0.591974 0.009575 0.018872
6 0.343208 0.591291 0.009575 0.018417
7 0.859366 0.547408 0.011370 0.014325
7 0.732795 0.547635 0.011969 0.012960
7 0.708558 0.547635 0.011370 0.012960
7 0.575105 0.547635 0.011370 0.012960
7 0.195093 0.547863 0.011370 0.013415
7 0.882705 0.547408 0.011370 0.014325
7 0.447935 0.547408 0.011969 0.013415
7 0.327648 0.547408 0.011969 0.013415
6 0.600239 0.546726 0.008977 0.018417
6 0.216936 0.546271 0.009575 0.018417
6 0.469479 0.545362 0.009575 0.017508
6 0.343208 0.545134 0.009575 0.017963
10 0.301616 0.511596 0.006583 0.003183
7 0.859964 0.501478 0.011370 0.013415
7 0.736086 0.501478 0.011370 0.013415
7 0.712148 0.501705 0.012567 0.013870
7 0.576302 0.501251 0.012567 0.012960
7 0.448534 0.501478 0.011969 0.013415
7 0.327050 0.501251 0.011969 0.013870
7 0.196290 0.501705 0.012567 0.013870
6 0.600539 0.500114 0.009575 0.017963
6 0.470377 0.499886 0.008977 0.017508
6 0.344704 0.499432 0.008977 0.018417
6 0.219330 0.499204 0.009575 0.017963
10 0.158288 0.474307 0.005984 0.004093
10 0.857870 0.451796 0.005984 0.003638
10 0.911430 0.448840 0.008977 0.003183
10 0.324656 0.445657 0.005984 0.003183
9 0.375823 0.444861 0.008977 0.027967
10 0.788151 0.443383 0.008977 0.005002
9 0.237582 0.446680 0.008977 0.023874
10 0.880910 0.441337 0.006583 0.004548
8 0.733992 0.444407 0.013166 0.012960
10 0.393477 0.440200 0.007181 0.004093
7 0.835428 0.443952 0.011370 0.013870
7 0.686116 0.443724 0.011969 0.014325
7 0.553860 0.443497 0.011969 0.012960
8 0.601436 0.445771 0.012567 0.018417
7 0.471574 0.443042 0.011370 0.012960
7 0.427588 0.443042 0.011969 0.012960
8 0.344105 0.445316 0.012567 0.018417
7 0.300718 0.443042 0.011969 0.013870
7 0.220227 0.442588 0.011370 0.012960
10 0.237882 0.437472 0.009575 0.004093
10 0.777678 0.434516 0.010772 0.002729
10 0.758229 0.408595 0.050868 0.004548
7 0.602932 0.390291 0.011969 0.008413
8 0.469180 0.389609 0.012567 0.007958
7 0.195990 0.392110 0.011969 0.013870
8 0.345901 0.388699 0.012567 0.007049
6 0.552364 0.391655 0.008977 0.017508
6 0.217235 0.390746 0.008977 0.017508
10 0.511670 0.349932 0.008977 0.003638
10 0.757331 0.347885 0.019150 0.003183
10 0.739976 0.347203 0.013166 0.004548
8 0.261819 0.346180 0.007181 0.009777
7 0.344405 0.341405 0.011969 0.013415
9 0.681628 0.329809 0.004189 0.028422
10 0.760323 0.277171 0.005984 0.002729
7 0.793836 0.277285 0.011969 0.013415
7 0.687313 0.277058 0.011969 0.012960
7 0.559545 0.274557 0.011370 0.008868
7 0.436864 0.275921 0.011370 0.013415
7 0.330341 0.275239 0.011370 0.012960
7 0.215141 0.275011 0.011969 0.013415
10 0.772292 0.244884 0.008378 0.002729
10 0.589767 0.244884 0.031119 0.004548
9 0.758229 0.237949 0.010174 0.021146
10 0.613704 0.221464 0.007181 0.003183
7 0.438659 0.224761 0.011370 0.013870
7 0.216338 0.223397 0.011969 0.013870
10 0.589168 0.195316 0.005984 0.001819
10 0.580790 0.195202 0.005984 0.002046
10 0.570616 0.195202 0.011969 0.002046
10 0.214841 0.177581 0.008977 0.002729
10 0.527229 0.118236 0.007780 0.002274
10 0.801915 0.091860 0.007780 0.002274
10 0.717534 0.090950 0.013764 0.005002
9 0.798624 0.079582 0.009575 0.021828
7 0.332436 0.070600 0.011969 0.012960
9 0.435069 0.072306 0.004189 0.023647
10 0.486535 0.062528 0.006583 0.002729
9 0.407241 0.068327 0.004788 0.022965
11 0.691352 0.940882 0.009276 0.005912
12 0.635248 0.940996 0.009575 0.006139
12 0.550718 0.940996 0.009276 0.006139
11 0.173399 0.938950 0.008677 0.005684
12 0.900509 0.938495 0.009874 0.005684
12 0.406194 0.938495 0.007481 0.005684
11 0.327798 0.938267 0.008677 0.005230
12 0.817175 0.938154 0.009575 0.005912
11 0.263764 0.938267 0.009874 0.006139
12 0.467983 0.935766 0.010174 0.006594
13 0.551915 0.904843 0.009276 0.006594
13 0.693148 0.904388 0.009276 0.006594
13 0.817774 0.901660 0.009575 0.005684
12 0.468731 0.899159 0.009276 0.006139
13 0.636146 0.885971 0.008977 0.006139
12 0.578247 0.885971 0.009276 0.006139
13 0.779025 0.885744 0.009874 0.006594
12 0.721724 0.885630 0.008977 0.006367
12 0.407391 0.883697 0.008677 0.006139
11 0.327798 0.883697 0.009874 0.006139
12 0.263465 0.883583 0.009276 0.005912
11 0.173698 0.883697 0.009276 0.006139
12 0.902005 0.883015 0.009276 0.005684
12 0.843507 0.883015 0.009575 0.005684
12 0.491023 0.880855 0.009575 0.005912
13 0.526780 0.880514 0.009276 0.006139
18 0.894225 0.833106 0.005685 0.002729
13 0.283363 0.832538 0.010174 0.006594
12 0.325404 0.832083 0.009874 0.006594
13 0.264512 0.830036 0.008977 0.006139
12 0.228755 0.827308 0.009276 0.006139
12 0.203172 0.825034 0.008977 0.006139
13 0.552364 0.824352 0.008977 0.005684
12 0.578097 0.822078 0.010174 0.005684
13 0.818223 0.821623 0.009276 0.005684
13 0.637792 0.821851 0.009874 0.006139
12 0.510024 0.821851 0.009276 0.006139
12 0.173399 0.822078 0.009874 0.006594
12 0.903800 0.819350 0.009276 0.005684
12 0.742071 0.819350 0.009575 0.005684
12 0.469629 0.819577 0.009874 0.006139
12 0.844554 0.819122 0.009276 0.006139
13 0.407690 0.819122 0.009874 0.006139
12 0.380162 0.816849 0.009276 0.006139
12 0.694494 0.816394 0.008977 0.006139
12 0.352035 0.813665 0.009276 0.007958
17 0.327499 0.780696 0.010473 0.006594
12 0.326601 0.764779 0.009874 0.005684
12 0.355326 0.775011 0.009874 0.006139
12 0.379563 0.772055 0.009276 0.006594
13 0.244464 0.770123 0.008378 0.005457
13 0.244464 0.775580 0.008378 0.005457
12 0.407690 0.769554 0.009276 0.006139
14 0.742819 0.768986 0.009276 0.005912
13 0.696140 0.769441 0.009276 0.006821
14 0.779473 0.768645 0.009575 0.006139
13 0.263764 0.767394 0.008677 0.005457
13 0.263764 0.772851 0.008677 0.005457
14 0.796978 0.766144 0.009874 0.005684
12 0.601287 0.766371 0.009874 0.006139
11 0.469031 0.766371 0.009874 0.006139
18 0.128217 0.765462 0.006882 0.004320
14 0.761071 0.766030 0.009874 0.006367
13 0.719928 0.766144 0.009575 0.006594
12 0.200778 0.765007 0.009575 0.005230
12 0.200778 0.770236 0.009575 0.005230
13 0.285009 0.764666 0.009276 0.005457
13 0.285009 0.770123 0.009276 0.005457
12 0.552663 0.763870 0.009575 0.005684
12 0.868043 0.763415 0.009575 0.005684
18 0.136595 0.760573 0.006882 0.004548
12 0.819270 0.760914 0.009575 0.006139
12 0.552813 0.723397 0.009874 0.006594
11 0.560293 0.705434 0.004488 0.006139
11 0.636595 0.721123 0.008677 0.005684
12 0.636445 0.705434 0.006583 0.005230
13 0.820616 0.720668 0.010473 0.005684
11 0.827499 0.698272 0.003890 0.005457
12 0.579443 0.720896 0.009276 0.006139
12 0.509425 0.720896 0.009276 0.006139
11 0.172202 0.718849 0.009874 0.006594
13 0.903501 0.718054 0.009874 0.005912
12 0.845452 0.717826 0.009874 0.006367
12 0.741921 0.717826 0.009874 0.006367
12 0.468133 0.717940 0.009276 0.006594
12 0.693896 0.716121 0.009575 0.005684
13 0.425943 0.716121 0.008677 0.005684
13 0.407241 0.712824 0.009575 0.006367
12 0.381658 0.710437 0.009874 0.006139
13 0.285009 0.707935 0.009276 0.006594
11 0.326900 0.707481 0.010473 0.006594
13 0.263615 0.705548 0.008378 0.005457
18 0.570766 0.703047 0.011670 0.002274
12 0.228007 0.703161 0.010174 0.006139
18 0.877917 0.696680 0.013166 0.002274
11 0.173100 0.646544 0.009276 0.006594
14 0.637792 0.645862 0.009874 0.006139
14 0.601287 0.646089 0.009874 0.006594
13 0.553411 0.645634 0.009874 0.006594
13 0.577199 0.643133 0.009575 0.006139
14 0.902902 0.642678 0.008677 0.006139
14 0.618043 0.642451 0.008677 0.005684
12 0.509276 0.642906 0.008977 0.006594
14 0.867145 0.642224 0.008977 0.006139
13 0.819420 0.641769 0.009276 0.006139
14 0.655147 0.641883 0.008677 0.006367
13 0.844554 0.639950 0.009276 0.006139
13 0.426840 0.640177 0.009276 0.006594
14 0.920407 0.639495 0.009575 0.007049
14 0.883752 0.639268 0.008677 0.006594
12 0.743118 0.639723 0.009874 0.007503
12 0.469928 0.639040 0.009276 0.006139
12 0.378366 0.638131 0.008079 0.006139
12 0.694195 0.636767 0.008977 0.006139
11 0.326002 0.635402 0.008677 0.007049
13 0.285607 0.635402 0.009276 0.007049
13 0.264213 0.632788 0.008977 0.006367
12 0.227110 0.630400 0.008977 0.007958
12 0.551317 0.606753 0.008079 0.006139
11 0.172651 0.602206 0.009575 0.006139
12 0.301167 0.601751 0.009276 0.006139
11 0.684470 0.598681 0.009874 0.006367
11 0.771095 0.596066 0.009575 0.005684
12 0.425494 0.593565 0.009575 0.006139
12 0.834680 0.593111 0.009874 0.006139
12 0.913226 0.592997 0.010174 0.006821
12 0.550718 0.561164 0.009276 0.005912
12 0.301167 0.556048 0.009276 0.005684
12 0.073609 0.559459 0.004788 0.013870
12 0.684770 0.553206 0.009276 0.006367
18 0.897965 0.551501 0.005984 0.003865
12 0.172352 0.551046 0.009575 0.005684
11 0.771245 0.550364 0.009874 0.006139
12 0.912777 0.548090 0.009276 0.006139
12 0.835877 0.547863 0.009874 0.006594
12 0.426541 0.547863 0.009874 0.006594
12 0.073758 0.531946 0.004488 0.009777
12 0.073758 0.516144 0.004488 0.007276
12 0.553710 0.515121 0.009276 0.005684
12 0.301616 0.509663 0.010174 0.005684
12 0.684770 0.507162 0.009276 0.006139
12 0.773040 0.504434 0.008677 0.005230
12 0.173100 0.504775 0.009276 0.005912
12 0.836026 0.501478 0.009575 0.006594
11 0.426840 0.501251 0.010473 0.007049
12 0.073758 0.499090 0.004488 0.010005
12 0.913974 0.491246 0.009276 0.006139
12 0.576750 0.454638 0.008677 0.003865
11 0.576750 0.448386 0.009874 0.005912
11 0.858917 0.454638 0.009276 0.005230
12 0.858618 0.448727 0.008677 0.005684
13 0.756583 0.451455 0.009276 0.005684
11 0.756583 0.457140 0.009276 0.005684
12 0.706613 0.454297 0.008677 0.005912
17 0.714393 0.451569 0.008677 0.005912
13 0.896619 0.449068 0.009276 0.005457
13 0.896619 0.454525 0.009276 0.005457
18 0.881358 0.447362 0.008677 0.003865
12 0.773639 0.448272 0.009874 0.005684
12 0.773639 0.453956 0.009874 0.005684
13 0.617744 0.448158 0.009276 0.005457
13 0.617744 0.453615 0.009276 0.005457
11 0.448085 0.448272 0.009874 0.005684
11 0.448085 0.453956 0.009874 0.005684
12 0.172202 0.448272 0.009874 0.006594
13 0.912029 0.446680 0.008378 0.005230
13 0.912029 0.451910 0.008378 0.005230
11 0.787403 0.451796 0.008677 0.005457
12 0.787403 0.446339 0.008677 0.005457
13 0.632705 0.445998 0.009276 0.005684
13 0.632705 0.451683 0.009276 0.005684
12 0.488779 0.445998 0.008677 0.005684
12 0.488779 0.451683 0.008677 0.005684
11 0.236984 0.445998 0.007780 0.005684
11 0.237133 0.440200 0.009276 0.005002
13 0.928336 0.443383 0.009276 0.005912
13 0.928336 0.449295 0.009276 0.005912
13 0.649461 0.443270 0.009276 0.005684
13 0.649461 0.448954 0.009276 0.005684
13 0.361161 0.442929 0.009575 0.005912
13 0.361161 0.448840 0.009575 0.005912
12 0.325554 0.442815 0.008977 0.005684
12 0.325554 0.448499 0.008977 0.005684
12 0.195990 0.448386 0.010174 0.005912
12 0.195990 0.442474 0.010174 0.005912
13 0.377618 0.445884 0.008977 0.005457
13 0.377618 0.440427 0.008977 0.005457
13 0.394225 0.437472 0.009874 0.005912
13 0.394225 0.443383 0.009874 0.005912
14 0.073758 0.415757 0.004488 0.003411
12 0.834979 0.402001 0.009276 0.005912
12 0.911281 0.396658 0.008677 0.006139
12 0.632256 0.396317 0.009575 0.006367
11 0.171305 0.395180 0.009276 0.005912
11 0.860263 0.394043 0.009575 0.006367
14 0.802962 0.391428 0.008677 0.005684
12 0.734440 0.391428 0.009276 0.005684
14 0.787403 0.388927 0.009874 0.006139
11 0.687163 0.388699 0.009276 0.006594
18 0.751646 0.346862 0.020946 0.002956
11 0.553561 0.345271 0.010174 0.006139
11 0.302962 0.339245 0.009276 0.005457
12 0.378067 0.339472 0.009874 0.006367
14 0.519898 0.334811 0.009874 0.006139
12 0.472621 0.334811 0.009874 0.006139
12 0.835278 0.332992 0.009874 0.006139
13 0.504189 0.332083 0.009575 0.006139
11 0.427738 0.332083 0.009874 0.006139
12 0.218582 0.328899 0.008079 0.005684
14 0.268253 0.328672 0.009276 0.005684
11 0.912777 0.327649 0.009276 0.006367
12 0.633303 0.326626 0.009276 0.006139
13 0.250898 0.325148 0.009276 0.006821
11 0.859964 0.324807 0.008977 0.007049
11 0.172501 0.324807 0.009276 0.007049
14 0.804608 0.322419 0.008977 0.005912
12 0.734440 0.322078 0.009276 0.006139
11 0.685667 0.320487 0.009874 0.006594
14 0.786804 0.318895 0.009276 0.007049
12 0.468432 0.284561 0.009874 0.006594
12 0.360712 0.284106 0.008677 0.005684
11 0.409186 0.283879 0.008677 0.006139
12 0.308498 0.283652 0.009575 0.005684
12 0.247756 0.283652 0.008977 0.005684
12 0.287702 0.283424 0.009874 0.006139
12 0.191951 0.283197 0.008677 0.005684
12 0.172053 0.283197 0.008378 0.005684
12 0.535458 0.282174 0.009874 0.006367
12 0.516457 0.281833 0.010174 0.005684
12 0.577050 0.279786 0.009276 0.006139
12 0.715290 0.277171 0.009276 0.006367
12 0.668911 0.277285 0.009874 0.006594
12 0.643477 0.277171 0.009276 0.006367
13 0.129713 0.275239 0.007481 0.004320
12 0.911879 0.275693 0.009874 0.006139
12 0.817624 0.275352 0.008079 0.005457
12 0.778725 0.275125 0.008079 0.005912
12 0.759575 0.275125 0.009276 0.005912
17 0.120586 0.273647 0.005984 0.003865
17 0.852334 0.272965 0.009276 0.006139
12 0.840963 0.269327 0.005685 0.003411
11 0.644674 0.234538 0.009276 0.005684
12 0.759874 0.232265 0.009874 0.006594
12 0.713794 0.229764 0.009874 0.006139
12 0.911430 0.227945 0.008977 0.006139
11 0.409485 0.227376 0.009276 0.005912
11 0.670407 0.226580 0.009276 0.006139
12 0.892280 0.225443 0.008378 0.005684
11 0.457959 0.224989 0.010473 0.006594
14 0.611909 0.223965 0.008977 0.005912
12 0.562687 0.223397 0.009276 0.006139
11 0.854129 0.222715 0.009276 0.006594
12 0.816427 0.222601 0.009276 0.006367
13 0.596200 0.221123 0.009276 0.006139
11 0.172801 0.221123 0.009874 0.006139
11 0.519599 0.220668 0.009874 0.006139
12 0.797127 0.220100 0.008977 0.005912
12 0.235039 0.218395 0.009874 0.006139
12 0.779922 0.217030 0.009276 0.006139
14 0.378965 0.217030 0.008079 0.006139
12 0.331089 0.216576 0.008079 0.006139
14 0.364153 0.214075 0.008977 0.006594
11 0.288001 0.213620 0.010473 0.006594
17 0.758977 0.190541 0.009874 0.006821
13 0.852932 0.187926 0.009276 0.006139
12 0.910981 0.185653 0.009276 0.006139
17 0.644823 0.186335 0.010772 0.007503
12 0.892430 0.182924 0.009276 0.006139
11 0.331538 0.181560 0.008977 0.006139
12 0.873579 0.180423 0.008677 0.005684
17 0.884201 0.163256 0.010772 0.003183
12 0.517355 0.180309 0.009575 0.006367
11 0.411131 0.179400 0.008977 0.005457
11 0.411131 0.184857 0.008977 0.005457
11 0.288300 0.178604 0.009874 0.006594
11 0.438360 0.177126 0.009575 0.005457
11 0.438360 0.182583 0.009575 0.005457
11 0.215889 0.175307 0.008677 0.005457
14 0.612956 0.175421 0.009276 0.006594
12 0.560892 0.175307 0.009874 0.006367
14 0.596798 0.172692 0.008079 0.004775
12 0.538151 0.172465 0.008079 0.005230
11 0.173698 0.172351 0.009276 0.006821
12 0.130461 0.170191 0.005386 0.003865
11 0.333633 0.143020 0.009575 0.007276
11 0.288899 0.139723 0.009276 0.006139
11 0.517504 0.137790 0.008677 0.005912
11 0.525434 0.119941 0.006583 0.003865
17 0.411730 0.137221 0.010174 0.006594
11 0.217086 0.135175 0.009874 0.006139
11 0.561789 0.134834 0.009276 0.006367
18 0.549521 0.132333 0.008079 0.005002
12 0.549521 0.137335 0.008079 0.005002
17 0.645422 0.132788 0.010772 0.006821
12 0.537702 0.132333 0.009575 0.005912
11 0.173100 0.131878 0.009276 0.005912
11 0.853830 0.131764 0.009874 0.006594
11 0.761370 0.130855 0.010473 0.007503
12 0.893028 0.129036 0.009276 0.005684
12 0.913076 0.126535 0.008677 0.006139
11 0.644823 0.082538 0.009575 0.005912
12 0.578845 0.079468 0.010473 0.006594
13 0.520197 0.076057 0.009276 0.004775
11 0.854428 0.075944 0.009874 0.006821
12 0.819270 0.075830 0.009575 0.006594
12 0.760772 0.075261 0.009276 0.006367
13 0.729054 0.075148 0.009276 0.007049
12 0.691951 0.075148 0.009276 0.007049
12 0.893926 0.073101 0.008677 0.005684
12 0.799820 0.072988 0.008378 0.005457
12 0.913226 0.070941 0.008977 0.005912
12 0.782166 0.070373 0.009575 0.006594
11 0.290245 0.067872 0.008977 0.006139
12 0.364004 0.066166 0.009276 0.006367
14 0.487283 0.065257 0.008079 0.005457
12 0.439707 0.064234 0.008677 0.006139
14 0.472920 0.062301 0.009276 0.006821
11 0.410981 0.061733 0.008677 0.006594
12 0.075254 0.059459 0.003890 0.003865
11 0.217983 0.056048 0.009276 0.005230
11 0.174596 0.052410 0.009874 0.007049
0 0.099192 0.441678 0.023040 0.024329
0 0.099491 0.170873 0.023639 0.024784
0 0.099791 0.117212 0.021843 0.033879
1 0.098594 0.222942 0.021843 0.040700
0 0.098594 0.656321 0.021843 0.033424
4 0.538749 0.722942 0.009276 0.016598
2 0.095302 0.273647 0.020048 0.020236
0 0.098594 0.767053 0.021843 0.023874
1 0.097397 0.548317 0.021843 0.040246
2 0.098893 0.592883 0.023639 0.019327
4 0.897217 0.592428 0.009276 0.013870
4 0.805655 0.643588 0.009276 0.014325
2 0.267953 0.544225 0.013465 0.013870
4 0.314632 0.938040 0.009874 0.015689
2 0.101287 0.939859 0.024835 0.019327
4 0.701526 0.277740 0.009276 0.016598
1 0.097098 0.340950 0.022442 0.041155
4 0.313136 0.780696 0.009276 0.015689
1 0.097995 0.501251 0.021843 0.040700
2 0.097995 0.884834 0.021843 0.020236
2 0.268851 0.498067 0.012867 0.014325
4 0.538749 0.825261 0.009276 0.013870
1 0.099192 0.711346 0.021843 0.035243
1 0.100688 0.831401 0.022442 0.040700
4 0.680880 0.904843 0.009874 0.018417
1 0.099791 0.065371 0.021843 0.034789
4 0.711400 0.886198 0.008677 0.012960
4 0.139587 0.644725 0.009276 0.015689
4 0.131358 0.889723 0.008977 0.013188
4 0.122083 0.880855 0.008378 0.013643
0 0.140634 0.876990 0.008378 0.010459
4 0.131059 0.712597 0.008378 0.012733
4 0.121783 0.702819 0.008977 0.015916
4 0.140036 0.699864 0.008378 0.014552
4 0.129862 0.221464 0.008378 0.016371
4 0.120287 0.212824 0.008378 0.016371
4 0.139138 0.209641 0.008977 0.016371
4 0.121185 0.536380 0.008977 0.014097
4 0.139737 0.532742 0.008977 0.014097
4 0.122382 0.111869 0.008977 0.013643
4 0.140634 0.109141 0.008378 0.013643
4 0.128965 0.339245 0.008977 0.017281
4 0.120287 0.330377 0.008378 0.015916
4 0.138540 0.327876 0.008977 0.015462
4 0.132256 0.066166 0.008378 0.015916
4 0.142130 0.056162 0.008977 0.014097
4 0.130461 0.389723 0.008378 0.016371
4 0.121185 0.381992 0.008977 0.015462
4 0.139737 0.379491 0.008977 0.015007
4 0.131957 0.943838 0.010174 0.015916
4 0.123279 0.935880 0.009575 0.016371
4 0.131358 0.829695 0.008977 0.015916
4 0.122382 0.821737 0.008977 0.016371
4 0.140036 0.819236 0.009575 0.015916
4 0.130162 0.500000 0.008977 0.015007
4 0.120886 0.491132 0.008378 0.016371
4 0.139138 0.488404 0.008977 0.015462
4 0.130461 0.657572 0.008378 0.015462
4 0.120586 0.649386 0.008977 0.016371
4 0.131658 0.597090 0.011969 0.016371
4 0.122980 0.588904 0.008977 0.016371
4 0.140934 0.585721 0.008977 0.016371
5 0.079144 0.074920 0.009276 0.015689
3 0.086326 0.076512 0.009276 0.015689
5 0.093656 0.077649 0.008977 0.015689
4 0.130910 0.442360 0.009276 0.015689
4 0.139138 0.433038 0.008977 0.015689
4 0.091113 0.393020 0.009276 0.015689
5 0.103830 0.388927 0.008977 0.015689
3 0.884650 0.503297 0.009276 0.015689
5 0.898564 0.503524 0.008977 0.015689