9 0.416816 0.945543 0.009575 0.025693
9 0.360862 0.943724 0.008977 0.022965
7 0.292041 0.938495 0.008977 0.012506
7 0.238480 0.938495 0.011969 0.013415
6 0.254339 0.936448 0.006583 0.017508
9 0.740275 0.901432 0.004189 0.022965
9 0.552962 0.900750 0.007780 0.026148
9 0.360263 0.902115 0.007780 0.022510
7 0.292340 0.897794 0.009575 0.012960
7 0.237582 0.897794 0.012567 0.013870
6 0.256433 0.895975 0.009575 0.017508
10 0.681329 0.875853 0.010772 0.003183
10 0.902753 0.868008 0.007181 0.002046
9 0.893776 0.861528 0.009575 0.015916
9 0.807600 0.865734 0.009575 0.024329
9 0.675943 0.863574 0.009575 0.021828
7 0.486834 0.858913 0.011969 0.013415
7 0.418013 0.858458 0.009575 0.012506
9 0.708857 0.857208 0.009575 0.025466
9 0.912029 0.858686 0.008977 0.022055
9 0.239378 0.857322 0.010174 0.026603
9 0.310892 0.854025 0.009575 0.020919
9 0.256433 0.859141 0.009575 0.025693
9 0.174446 0.849136 0.009575 0.014779
9 0.293836 0.855957 0.010174 0.029332
9 0.362657 0.855503 0.011370 0.028422
10 0.330042 0.839927 0.005984 0.003183
10 0.842310 0.829241 0.007181 0.004548
10 0.174746 0.819691 0.006583 0.004548
9 0.894075 0.822988 0.007780 0.018872
7 0.743268 0.817417 0.007780 0.029104
10 0.315081 0.811733 0.005984 0.004093
10 0.786655 0.802183 0.011969 0.004093
10 0.480401 0.800136 0.008079 0.001819
10 0.593058 0.800023 0.007780 0.002046
9 0.676541 0.813893 0.009575 0.033424
10 0.475165 0.797976 0.007780 0.002046
9 0.493417 0.808549 0.008378 0.022283
10 0.561341 0.795930 0.006583 0.002501
10 0.556852 0.772624 0.005984 0.003183
10 0.468282 0.771942 0.005984 0.003638
10 0.899162 0.769895 0.007181 0.003183
8 0.857271 0.776035 0.009575 0.017735
8 0.838121 0.776035 0.008378 0.017735
8 0.259425 0.720214 0.011969 0.007049
10 0.641233 0.717826 0.005984 0.001819
7 0.241472 0.722260 0.011969 0.012960
6 0.362059 0.719532 0.010174 0.017508
10 0.407840 0.692815 0.005984 0.002729
8 0.257630 0.680196 0.010772 0.007049
8 0.594255 0.684629 0.011370 0.017735
7 0.238480 0.681787 0.011969 0.013870
6 0.363256 0.681787 0.008977 0.017508
9 0.742669 0.672010 0.004189 0.023420
10 0.319569 0.644156 0.007780 0.004548
10 0.293836 0.639836 0.007780 0.005002
7 0.714841 0.628354 0.011969 0.013415
7 0.520946 0.628126 0.011969 0.012960
8 0.486535 0.625171 0.012567 0.007958
7 0.418013 0.627672 0.011969 0.012960
7 0.392280 0.627444 0.011969 0.012506
6 0.676840 0.627217 0.010174 0.019327
6 0.640036 0.625625 0.009575 0.017053
10 0.896170 0.602774 0.010772 0.003638
10 0.204069 0.598909 0.011370 0.004093
8 0.860862 0.585948 0.007181 0.018190
7 0.714841 0.587881 0.011969 0.013415
7 0.520946 0.587426 0.011969 0.013415
7 0.486834 0.587426 0.011969 0.013415
7 0.416816 0.587426 0.011969 0.013415
7 0.391083 0.587199 0.011969 0.012960
6 0.640036 0.585607 0.009575 0.017053
6 0.679234 0.585834 0.008977 0.017508
8 0.438959 0.552638 0.010772 0.023874
7 0.831239 0.547181 0.011370 0.012960
7 0.893178 0.546726 0.011969 0.013870
9 0.565829 0.548317 0.007181 0.031605
9 0.518552 0.542974 0.005984 0.020009
9 0.366547 0.548545 0.010772 0.032970
6 0.860263 0.544679 0.009575 0.017053
9 0.731897 0.543429 0.010174 0.020919
8 0.783363 0.537858 0.005386 0.014325
9 0.777080 0.544679 0.004788 0.027967
9 0.599641 0.549909 0.008977 0.037517
9 0.279174 0.543429 0.010772 0.025466
9 0.235189 0.543315 0.010174 0.030696
9 0.184022 0.550819 0.010772 0.032970
9 0.659485 0.546953 0.011370 0.027967
9 0.261520 0.544793 0.010174 0.023647
7 0.877618 0.503183 0.007181 0.018190
10 0.184321 0.505684 0.007780 0.003183
10 0.531119 0.497271 0.007181 0.001819
10 0.534111 0.494543 0.010772 0.001819
9 0.391682 0.465780 0.009575 0.022965
9 0.304010 0.460664 0.010174 0.021828
9 0.405446 0.418145 0.005984 0.017281
10 0.295931 0.420191 0.005984 0.003183
10 0.681927 0.418372 0.011969 0.005002
7 0.625673 0.419850 0.011969 0.012960
6 0.640634 0.417804 0.009575 0.017963
6 0.781269 0.417121 0.011969 0.017508
10 0.441951 0.390859 0.005984 0.001819
8 0.681029 0.378467 0.011370 0.006594
7 0.625673 0.380286 0.011969 0.012960
6 0.780371 0.378013 0.010174 0.018417
6 0.640634 0.378013 0.009575 0.017508
10 0.604728 0.370850 0.007181 0.002729
10 0.522741 0.370850 0.005984 0.002729
10 0.340215 0.335834 0.010772 0.004548
9 0.804907 0.324693 0.008977 0.022283
7 0.235488 0.325489 0.011969 0.012506
6 0.593357 0.322988 0.009575 0.016598
10 0.545781 0.316053 0.008977 0.002274
10 0.437163 0.310823 0.005984 0.001819
9 0.438360 0.293770 0.007181 0.017735
10 0.806104 0.289222 0.006583 0.005002
10 0.304608 0.275807 0.006583 0.002729
10 0.766607 0.250341 0.008977 0.004548
10 0.653202 0.242156 0.007181 0.003638
7 0.618492 0.245680 0.010772 0.015689
10 0.669958 0.239200 0.009575 0.005002
10 0.821963 0.235562 0.007181 0.005002
9 0.846200 0.242724 0.013764 0.022510
7 0.314482 0.233402 0.011969 0.015689
10 0.329443 0.226694 0.008378 0.004548
10 0.670856 0.208959 0.006583 0.002729
10 0.562837 0.191678 0.005984 0.001819
10 0.872831 0.171442 0.016756 0.005002
10 0.887792 0.166667 0.011969 0.004548
9 0.722920 0.160755 0.005386 0.018190
8 0.564333 0.157344 0.007780 0.017735
9 0.306703 0.163938 0.009575 0.022283
10 0.368941 0.154843 0.005984 0.002729
10 0.810592 0.155070 0.005984 0.005002
10 0.644225 0.146317 0.005984 0.001592
10 0.653202 0.146203 0.007181 0.001819
9 0.554458 0.155412 0.008378 0.021601
10 0.203172 0.125057 0.007181 0.002274
10 0.201975 0.120737 0.005984 0.002729
7 0.620287 0.118804 0.011969 0.012960
10 0.856673 0.113688 0.011969 0.005002
6 0.654099 0.116530 0.010174 0.017508
10 0.418013 0.106412 0.011969 0.003183
9 0.404548 0.114939 0.012567 0.023420
10 0.253441 0.106639 0.009575 0.004548
10 0.341412 0.095043 0.005984 0.002274
10 0.458109 0.088449 0.007181 0.004548
9 0.804907 0.078672 0.007780 0.020464
8 0.471275 0.076285 0.013166 0.017963
12 0.743417 0.953729 0.009276 0.006139
11 0.875075 0.951228 0.009276 0.006594
11 0.790993 0.951228 0.011071 0.007503
11 0.313435 0.943838 0.008677 0.006367
12 0.448085 0.941223 0.008677 0.004775
13 0.503291 0.939177 0.008378 0.006139
12 0.418163 0.938722 0.006284 0.005230
12 0.467983 0.938950 0.008378 0.006594
11 0.173998 0.937131 0.009276 0.005684
17 0.556104 0.937017 0.010473 0.006367
12 0.485039 0.936789 0.007780 0.005912
11 0.362507 0.936335 0.007481 0.005002
12 0.520048 0.933947 0.007181 0.006594
17 0.640335 0.934402 0.009575 0.008413
13 0.076152 0.927922 0.004488 0.004093
12 0.312089 0.903479 0.007181 0.006594
12 0.448085 0.900864 0.007481 0.004093
12 0.503591 0.898704 0.008977 0.006139
12 0.468731 0.898818 0.009276 0.006367
12 0.418312 0.898363 0.007780 0.005457
12 0.361460 0.896317 0.004788 0.004093
11 0.173698 0.896999 0.009276 0.005457
12 0.554159 0.896317 0.006583 0.005002
12 0.487283 0.896430 0.009276 0.006139
11 0.743716 0.895066 0.008079 0.006139
13 0.075105 0.894725 0.007181 0.006367
13 0.075105 0.901091 0.007181 0.006367
13 0.073758 0.866644 0.004488 0.010232
13 0.520497 0.893815 0.008677 0.006367
13 0.678187 0.889609 0.009276 0.006139
12 0.878067 0.887563 0.009276 0.006594
17 0.593806 0.884948 0.011670 0.008640
12 0.792190 0.881878 0.011071 0.008868
11 0.639587 0.862096 0.008677 0.004775
11 0.647217 0.848113 0.007780 0.005002
12 0.835877 0.860618 0.008677 0.006367
13 0.694195 0.859823 0.008378 0.006594
12 0.658139 0.859823 0.009874 0.006594
12 0.609515 0.859595 0.008977 0.006139
12 0.808049 0.858458 0.006882 0.004775
12 0.504039 0.858913 0.008079 0.005684
13 0.894973 0.858231 0.008977 0.005230
12 0.857870 0.857776 0.007181 0.006139
12 0.677439 0.857435 0.008378 0.005457
12 0.554907 0.856980 0.009276 0.005457
12 0.877169 0.855730 0.009276 0.006594
13 0.912926 0.853911 0.005984 0.003865
13 0.710353 0.854934 0.005984 0.005912
11 0.744764 0.854820 0.008977 0.006594
12 0.148564 0.852319 0.004488 0.004320
13 0.258378 0.851523 0.009276 0.005457
12 0.311191 0.848226 0.007780 0.005230
12 0.311191 0.853456 0.007780 0.005230
12 0.239677 0.848226 0.008378 0.005230
12 0.239677 0.853456 0.008378 0.005230
13 0.277678 0.848568 0.008977 0.006821
11 0.175643 0.846521 0.009575 0.005457
11 0.175643 0.851978 0.009575 0.005457
13 0.363854 0.845839 0.008977 0.005002
13 0.363854 0.850841 0.008977 0.005002
12 0.295332 0.845725 0.009575 0.005684
12 0.295332 0.851410 0.009575 0.005684
13 0.328845 0.842542 0.008977 0.006139
13 0.328845 0.848681 0.008977 0.006139
18 0.760772 0.828558 0.008079 0.002274
11 0.276032 0.820941 0.008079 0.005230
11 0.241921 0.821396 0.009276 0.006139
11 0.201077 0.821510 0.010174 0.006367
12 0.362956 0.821169 0.008977 0.006594
12 0.776481 0.820146 0.007780 0.005912
12 0.768253 0.817417 0.008677 0.004548
12 0.779623 0.800932 0.011071 0.003411
12 0.695242 0.819236 0.008677 0.006367
12 0.505536 0.818668 0.008677 0.005230
12 0.505536 0.812642 0.007481 0.003183
13 0.100539 0.817303 0.005386 0.004320
12 0.895721 0.817531 0.008079 0.005684
12 0.858169 0.817190 0.007780 0.005457
11 0.837672 0.817417 0.007481 0.005912
12 0.809396 0.817190 0.008977 0.005912
12 0.793836 0.817076 0.008378 0.005684
12 0.741323 0.817190 0.008677 0.005912
12 0.749102 0.819691 0.008677 0.005912
12 0.610862 0.816394 0.009874 0.005230
12 0.595302 0.816508 0.009874 0.005457
12 0.468432 0.816394 0.009874 0.005230
12 0.173998 0.816621 0.008677 0.005684
13 0.173998 0.822306 0.008677 0.005684
12 0.486535 0.816280 0.010174 0.005912
12 0.419958 0.815825 0.008677 0.005002
12 0.448683 0.816053 0.009874 0.005912
12 0.402304 0.815598 0.009276 0.005457
12 0.381957 0.815598 0.010473 0.005457
12 0.658139 0.814575 0.008677 0.005230
12 0.658139 0.819804 0.008677 0.005230
12 0.639587 0.814120 0.008677 0.005230
12 0.639587 0.819350 0.008677 0.005230
17 0.650209 0.798658 0.011969 0.003411
12 0.107870 0.814575 0.008079 0.008868
12 0.575703 0.811392 0.008977 0.005230
12 0.575703 0.816621 0.008977 0.005230
12 0.555506 0.811278 0.009276 0.005002
12 0.555506 0.816280 0.009276 0.005002
12 0.313734 0.810027 0.009276 0.006139
12 0.678336 0.801955 0.008378 0.005457
12 0.877469 0.799568 0.009276 0.006139
13 0.074806 0.796612 0.004189 0.004775
12 0.770197 0.777171 0.008977 0.005002
12 0.769150 0.771601 0.008079 0.004775
12 0.659934 0.774329 0.008079 0.005684
12 0.696439 0.774102 0.008677 0.006139
12 0.640036 0.774102 0.007780 0.006139
12 0.839318 0.772624 0.005984 0.004093
12 0.898863 0.772397 0.008378 0.005457
12 0.858318 0.772397 0.007481 0.005457
12 0.612208 0.771601 0.009575 0.004775
13 0.609814 0.754548 0.009575 0.003411
12 0.747008 0.771714 0.009276 0.005457
12 0.747008 0.777171 0.009276 0.005457
12 0.810144 0.771373 0.009874 0.005230
12 0.810144 0.776603 0.009874 0.005230
12 0.793686 0.771373 0.009276 0.005230
12 0.793686 0.776603 0.009276 0.005230
12 0.576152 0.771146 0.008677 0.004775
12 0.593656 0.771146 0.008977 0.005684
12 0.505835 0.770919 0.009276 0.005230
12 0.176092 0.771146 0.009276 0.005684
11 0.364153 0.770350 0.008378 0.004548
12 0.371484 0.753524 0.006284 0.003183
12 0.554907 0.770805 0.009276 0.005912
12 0.488181 0.770691 0.009874 0.005684
13 0.467385 0.770464 0.008977 0.005230
12 0.448833 0.770578 0.008977 0.005457
11 0.239378 0.770691 0.008977 0.005684
11 0.201376 0.770691 0.008977 0.005684
12 0.420557 0.769782 0.008677 0.004775
12 0.400509 0.769782 0.009276 0.004775
12 0.412328 0.753524 0.010174 0.003183
13 0.381807 0.769554 0.008977 0.004320
12 0.312238 0.769782 0.008677 0.004775
11 0.275284 0.770123 0.008977 0.005457
12 0.680580 0.757049 0.008079 0.005684
12 0.876571 0.753638 0.008677 0.006139
11 0.401706 0.738859 0.009276 0.006594
12 0.408887 0.710550 0.006284 0.004093
11 0.594853 0.737722 0.008977 0.006139
12 0.603381 0.710778 0.007481 0.005002
18 0.093507 0.736698 0.005685 0.004093
11 0.794434 0.736357 0.009575 0.006139
17 0.804758 0.711346 0.012268 0.004775
11 0.556104 0.727717 0.009276 0.006139
11 0.177289 0.727717 0.009276 0.006139
12 0.696290 0.725330 0.009575 0.005912
12 0.505236 0.724989 0.009276 0.005230
13 0.896469 0.723283 0.009575 0.006367
11 0.746110 0.723283 0.009874 0.006367
11 0.450030 0.722374 0.008977 0.006367
13 0.430730 0.722033 0.009874 0.006594
11 0.640485 0.720555 0.008079 0.005457
13 0.621484 0.720441 0.008378 0.005230
13 0.820168 0.718849 0.007181 0.004775
11 0.839318 0.718508 0.008378 0.005912
11 0.422501 0.691905 0.005984 0.004548
12 0.429982 0.664848 0.008378 0.006821
18 0.809844 0.690314 0.005087 0.004093
12 0.400359 0.682242 0.009575 0.006139
12 0.594405 0.679854 0.008079 0.005002
12 0.795183 0.677922 0.008677 0.006594
11 0.557151 0.670191 0.010174 0.005684
11 0.176990 0.669964 0.009874 0.006139
12 0.505536 0.668599 0.009276 0.006139
12 0.697038 0.668031 0.009874 0.005912
12 0.897367 0.665075 0.008378 0.006367
11 0.746709 0.665302 0.008677 0.006821
11 0.450329 0.664279 0.008977 0.007503
11 0.640784 0.662233 0.007481 0.006139
13 0.622980 0.662119 0.007780 0.005912
11 0.842160 0.660869 0.009276 0.007049
13 0.822412 0.660186 0.009276 0.006594
12 0.732795 0.634038 0.009575 0.006139
12 0.546828 0.633242 0.008677 0.006367
12 0.465141 0.633242 0.009276 0.006367
12 0.438211 0.633242 0.009276 0.006367
12 0.367295 0.633129 0.008677 0.006139
12 0.182974 0.633242 0.009874 0.006367
18 0.325703 0.632788 0.009276 0.006367
12 0.860413 0.630969 0.008677 0.005457
13 0.910383 0.628922 0.008079 0.005912
12 0.877768 0.629036 0.009874 0.006139
12 0.828995 0.628922 0.008677 0.005912
12 0.893776 0.626307 0.008977 0.005230
12 0.780072 0.626307 0.009575 0.006139
11 0.601436 0.625625 0.010174 0.005684
18 0.162029 0.630286 0.012268 0.005002
18 0.162029 0.625284 0.012268 0.005002
18 0.149611 0.625398 0.007780 0.005230
13 0.922950 0.624261 0.006882 0.006594
12 0.307750 0.615734 0.009276 0.005912
12 0.280221 0.615848 0.009276 0.006139
12 0.235338 0.615734 0.009276 0.005912
12 0.217385 0.615848 0.009874 0.006139
12 0.200928 0.615848 0.009276 0.006139
12 0.263315 0.615393 0.009575 0.006139
12 0.733543 0.593565 0.009874 0.006139
11 0.545482 0.593224 0.009575 0.006367
12 0.466338 0.593111 0.009276 0.006139
11 0.438809 0.593224 0.009276 0.006367
12 0.446140 0.577990 0.004788 0.003183
11 0.366996 0.593111 0.009276 0.006139
12 0.182974 0.593111 0.009874 0.006139
12 0.327199 0.592883 0.009874 0.006594
12 0.860862 0.590723 0.008977 0.005002
13 0.910981 0.588449 0.009276 0.005912
13 0.877319 0.588563 0.008977 0.006139
12 0.830042 0.588336 0.008378 0.006594
11 0.158887 0.587653 0.004788 0.005230
12 0.600090 0.585834 0.008677 0.005684
12 0.892430 0.585607 0.008079 0.005684
11 0.780521 0.585834 0.008079 0.006139
12 0.923549 0.583447 0.008677 0.005912
12 0.262867 0.575603 0.009276 0.005684
12 0.235787 0.575603 0.009575 0.005684
12 0.217983 0.575830 0.009276 0.006139
11 0.200928 0.575830 0.009874 0.006139
12 0.309844 0.575375 0.009276 0.006139
12 0.280072 0.575375 0.009575 0.006139
12 0.077947 0.557526 0.005685 0.010459
12 0.483992 0.553320 0.007481 0.005684
18 0.162029 0.548772 0.009874 0.008413
12 0.911430 0.547408 0.008378 0.006594
11 0.439557 0.545362 0.009575 0.005230
17 0.439557 0.550591 0.009575 0.005230
11 0.505386 0.543543 0.003591 0.007049
12 0.496559 0.541951 0.003890 0.003865
11 0.390335 0.542633 0.009276 0.005230
17 0.390335 0.547863 0.009276 0.005230
12 0.367594 0.541041 0.009276 0.004775
12 0.367594 0.545816 0.009276 0.004775
12 0.326601 0.540928 0.009276 0.004548
12 0.326601 0.545475 0.009276 0.004548
12 0.680281 0.540132 0.007481 0.005230
11 0.184321 0.538313 0.008378 0.004775
11 0.184321 0.543088 0.008378 0.004775
12 0.660233 0.537631 0.008079 0.005230
12 0.660233 0.542860 0.008079 0.005230
12 0.262268 0.537631 0.009276 0.005230
12 0.262268 0.542860 0.009276 0.005230
13 0.732496 0.537290 0.008977 0.005457
13 0.732496 0.542747 0.008977 0.005457
12 0.698833 0.537631 0.009874 0.006139
12 0.521694 0.537744 0.008677 0.006367
12 0.308648 0.537290 0.008677 0.005457
12 0.308648 0.542747 0.008677 0.005457
13 0.568671 0.538313 0.008079 0.008413
13 0.601436 0.535357 0.010174 0.005230
13 0.601436 0.540587 0.010174 0.005230
11 0.781418 0.534675 0.009276 0.004775
11 0.781418 0.539450 0.009276 0.004775
12 0.546828 0.535130 0.009276 0.005684
13 0.280521 0.534789 0.009276 0.005002
13 0.280521 0.539791 0.009276 0.005002
12 0.236834 0.534789 0.008677 0.005002
12 0.236834 0.539791 0.008677 0.005002
12 0.716338 0.534561 0.009575 0.005457
12 0.716338 0.540018 0.009575 0.005457
13 0.750598 0.531833 0.009276 0.006367
13 0.750598 0.538199 0.009276 0.006367
11 0.663076 0.514211 0.008977 0.005684
11 0.626122 0.514325 0.009276 0.005912
12 0.602484 0.514211 0.009276 0.005684
12 0.780820 0.513870 0.009874 0.005912
11 0.697935 0.513756 0.008079 0.005684
12 0.546828 0.511710 0.008677 0.006139
12 0.520048 0.511482 0.008977 0.006594
12 0.485787 0.509209 0.008677 0.005684
12 0.894524 0.508527 0.008677 0.005230
12 0.878366 0.508299 0.008677 0.005684
12 0.860862 0.508640 0.009575 0.006367
12 0.830790 0.508072 0.009276 0.005230
12 0.815829 0.508186 0.008079 0.005457
12 0.799970 0.508299 0.008677 0.005684
17 0.112657 0.507276 0.005685 0.007276
11 0.440604 0.506480 0.009276 0.006594
12 0.912478 0.506025 0.009874 0.006594
12 0.078546 0.504206 0.004488 0.003865
11 0.391831 0.504093 0.009874 0.005457
11 0.184321 0.504093 0.008977 0.005457
12 0.733992 0.503524 0.009575 0.006139
12 0.369240 0.501023 0.009575 0.006594
12 0.328097 0.501251 0.009276 0.007049
11 0.135996 0.499432 0.005685 0.003411
12 0.142280 0.491473 0.007481 0.008413
12 0.309246 0.498749 0.007481 0.005684
12 0.263315 0.498749 0.007780 0.005684
12 0.280820 0.496362 0.009276 0.006367
12 0.236385 0.496362 0.008977 0.006367
18 0.104728 0.469304 0.005386 0.003183
12 0.548624 0.466235 0.009874 0.006139
12 0.520796 0.466235 0.009276 0.006139
12 0.600987 0.463506 0.009276 0.005230
11 0.486086 0.463506 0.009276 0.005230
12 0.815230 0.463051 0.009276 0.005230
12 0.799072 0.463279 0.009276 0.005684
12 0.734740 0.463279 0.009874 0.005684
11 0.698833 0.463279 0.009874 0.005684
11 0.661430 0.463165 0.009276 0.005457
11 0.625524 0.463165 0.009276 0.005457
12 0.782017 0.462824 0.008677 0.005230
12 0.911430 0.463051 0.009575 0.006139
12 0.894973 0.462824 0.008977 0.005684
12 0.879414 0.462597 0.009575 0.005230
12 0.862657 0.462824 0.009575 0.005684
12 0.831089 0.462824 0.008677 0.005684
11 0.441801 0.461232 0.008677 0.006139
18 0.168462 0.459641 0.004189 0.003865
18 0.164273 0.462369 0.011969 0.008413
11 0.393178 0.458731 0.008378 0.004775
12 0.185069 0.458731 0.008079 0.005684
12 0.368342 0.456571 0.007780 0.005912
12 0.328845 0.456457 0.010772 0.006594
12 0.312238 0.454184 0.008677 0.005684
12 0.264662 0.454184 0.010473 0.006594
12 0.282466 0.451455 0.009575 0.006594
12 0.237433 0.451228 0.009874 0.006139
12 0.816128 0.437131 0.009276 0.007049
13 0.562388 0.433265 0.009874 0.005684
13 0.484590 0.433379 0.008677 0.005912
12 0.601586 0.430537 0.009276 0.005684
13 0.521694 0.430991 0.009874 0.006594
13 0.440904 0.430764 0.008677 0.006139
13 0.548324 0.430537 0.010473 0.006594
13 0.391532 0.428604 0.008079 0.005457
13 0.500299 0.428490 0.008378 0.005684
13 0.534710 0.428263 0.009575 0.005684
12 0.468133 0.428490 0.009276 0.006139
13 0.327349 0.426216 0.009575 0.006139
13 0.454369 0.425875 0.009276 0.006367
12 0.418163 0.425989 0.009874 0.006594
13 0.404548 0.423488 0.008977 0.005230
12 0.402902 0.407572 0.006284 0.002501
13 0.281119 0.423715 0.008677 0.005684
12 0.235637 0.423488 0.008677 0.005230
12 0.369390 0.423033 0.008079 0.005230
11 0.911730 0.421442 0.009575 0.005684
12 0.264213 0.421214 0.009575 0.006139
13 0.341562 0.420873 0.009874 0.006367
12 0.311939 0.420987 0.009276 0.006594
12 0.184171 0.420873 0.009874 0.006367
17 0.160533 0.420759 0.005685 0.006139
11 0.861759 0.419281 0.008977 0.005912
13 0.842460 0.419054 0.009874 0.006367
13 0.248504 0.418713 0.009276 0.005684
13 0.295332 0.418486 0.008378 0.005684
18 0.817624 0.394725 0.006882 0.004548
12 0.816128 0.379377 0.009874 0.006139
18 0.824506 0.394725 0.006882 0.004548
18 0.429084 0.389268 0.010174 0.002274
18 0.161281 0.381651 0.004788 0.004320
12 0.184770 0.381196 0.008677 0.006139
12 0.184171 0.364143 0.009874 0.007503
13 0.562986 0.380514 0.009874 0.006594
18 0.169509 0.379036 0.004488 0.004093
13 0.548474 0.378354 0.007780 0.005912
13 0.486685 0.376194 0.009276 0.006139
12 0.534859 0.375739 0.009276 0.006139
13 0.440305 0.373693 0.006284 0.005684
12 0.602334 0.373124 0.007780 0.005457
13 0.522292 0.373238 0.007481 0.005684
12 0.079743 0.372101 0.004488 0.004320
13 0.500299 0.371191 0.008378 0.006139
13 0.392430 0.371191 0.008677 0.006139
12 0.468881 0.370964 0.010174 0.006594
13 0.453770 0.368463 0.009276 0.006139
12 0.419659 0.368463 0.008079 0.006139
13 0.329892 0.368463 0.009276 0.006139
13 0.280820 0.366644 0.009276 0.006139
12 0.235488 0.366644 0.009575 0.006139
13 0.406344 0.366189 0.008378 0.006139
12 0.369988 0.365734 0.009276 0.006139
12 0.913525 0.364370 0.008977 0.006139
13 0.343956 0.363915 0.009874 0.007049
12 0.312687 0.363915 0.008378 0.007049
12 0.265111 0.363461 0.008977 0.007049
11 0.863405 0.361642 0.009874 0.007049
13 0.296529 0.361187 0.009575 0.006139
13 0.843058 0.361301 0.009874 0.007276
13 0.249102 0.360277 0.009276 0.006139
11 0.740275 0.338222 0.008977 0.005684
17 0.823459 0.337767 0.010174 0.006594
12 0.451676 0.334015 0.008677 0.005457
12 0.396320 0.331173 0.009276 0.006139
13 0.328695 0.328558 0.007481 0.005457
12 0.470227 0.326171 0.009874 0.006139
11 0.512418 0.325830 0.009276 0.006367
12 0.418761 0.323556 0.009874 0.005457
18 0.153052 0.328217 0.008677 0.005230
12 0.153052 0.322988 0.008677 0.005230
18 0.926691 0.322306 0.013166 0.004775
18 0.926691 0.327080 0.013166 0.004775
12 0.353232 0.321055 0.009276 0.005912
12 0.258378 0.321055 0.009874 0.005912
11 0.180580 0.320714 0.009874 0.006139
11 0.702723 0.320259 0.009874 0.006139
11 0.544883 0.318327 0.008977 0.005002
12 0.304309 0.318668 0.007780 0.005684
12 0.286505 0.318554 0.008079 0.005457
11 0.652304 0.317985 0.006583 0.005230
13 0.804309 0.317985 0.010772 0.006139
11 0.804309 0.324125 0.010772 0.006139
11 0.511071 0.302524 0.008977 0.006139
12 0.255236 0.298658 0.009575 0.005684
11 0.180880 0.298431 0.009276 0.006139
17 0.702723 0.297522 0.010473 0.006139
11 0.862358 0.296385 0.008977 0.005684
11 0.822412 0.296612 0.009276 0.006139
12 0.287403 0.295703 0.009276 0.006139
11 0.545631 0.295248 0.009874 0.006139
11 0.655147 0.294793 0.009874 0.006139
11 0.595302 0.294793 0.008677 0.006139
12 0.452573 0.293429 0.008677 0.005230
12 0.081089 0.292406 0.004189 0.005457
12 0.081239 0.283424 0.003890 0.006139
12 0.081239 0.274557 0.003890 0.008413
12 0.396619 0.290473 0.009874 0.006594
12 0.332136 0.288313 0.008977 0.005912
12 0.469330 0.285357 0.009276 0.006367
18 0.924746 0.285016 0.008079 0.007503
12 0.420856 0.282856 0.008079 0.005002
18 0.805655 0.281378 0.005685 0.003865
12 0.808348 0.276148 0.005087 0.004320
12 0.352633 0.280468 0.008677 0.006594
12 0.305955 0.278195 0.009276 0.005684
12 0.801017 0.276148 0.004788 0.004320
11 0.512268 0.261937 0.008977 0.006821
18 0.167864 0.258754 0.007181 0.004548
12 0.256284 0.258640 0.009276 0.005684
11 0.181628 0.258640 0.009575 0.005684
12 0.287403 0.255798 0.009276 0.006367
12 0.595153 0.255230 0.010174 0.006139
11 0.546379 0.255343 0.008977 0.006367
12 0.452424 0.253070 0.008378 0.005457
18 0.768103 0.251137 0.007780 0.004320
12 0.397068 0.250910 0.009575 0.006594
12 0.331388 0.248067 0.008677 0.005457
12 0.470227 0.245225 0.009874 0.006139
11 0.923549 0.244998 0.005685 0.007503
12 0.421604 0.242724 0.009575 0.005684
12 0.805805 0.242383 0.010174 0.005912
18 0.805805 0.248295 0.010174 0.005912
13 0.805955 0.236130 0.011071 0.006139
13 0.762268 0.241587 0.009276 0.006139
12 0.353531 0.240678 0.009276 0.006139
12 0.653800 0.239768 0.008977 0.005230
12 0.653800 0.244998 0.008977 0.005230
12 0.305805 0.238176 0.008977 0.005684
13 0.883154 0.236471 0.005087 0.005002
12 0.778576 0.236698 0.008378 0.005457
12 0.670257 0.242156 0.008977 0.005457
12 0.670257 0.236698 0.008977 0.005457
12 0.846649 0.235903 0.007481 0.005684
12 0.822412 0.233515 0.009276 0.005457
12 0.822412 0.238972 0.009276 0.005457
17 0.703321 0.239313 0.010473 0.005684
17 0.703321 0.233629 0.010473 0.005684
12 0.863704 0.233402 0.008677 0.006139
13 0.906194 0.230446 0.009276 0.005684
12 0.742220 0.209300 0.009276 0.006139
12 0.703770 0.209300 0.008977 0.006139
12 0.761969 0.208845 0.009276 0.006139
12 0.721574 0.208959 0.009874 0.006367
17 0.823459 0.208390 0.010174 0.007049
12 0.546828 0.207481 0.008677 0.005230
12 0.597098 0.207140 0.008677 0.005002
12 0.670407 0.207140 0.009276 0.005457
12 0.653351 0.207253 0.008677 0.005684
12 0.620736 0.207253 0.009276 0.005684
12 0.563734 0.207026 0.008378 0.005230
12 0.530371 0.204980 0.009276 0.006594
12 0.513615 0.204752 0.009276 0.007049
18 0.503142 0.202819 0.006284 0.004093
12 0.331089 0.203388 0.009276 0.005230
12 0.305206 0.203161 0.008378 0.004775
12 0.289647 0.203047 0.008977 0.005457
12 0.258677 0.200773 0.009276 0.006367
12 0.235937 0.200773 0.009276 0.006367
12 0.204369 0.200773 0.009575 0.006367
12 0.181029 0.200887 0.009575 0.006594
11 0.453471 0.200432 0.009874 0.006594
13 0.421454 0.198158 0.009276 0.005684
12 0.398414 0.198158 0.009874 0.005684
18 0.927139 0.200659 0.012867 0.004775
18 0.927139 0.195884 0.012867 0.004775
13 0.354129 0.195657 0.009874 0.006139
13 0.435368 0.195430 0.009575 0.006594
13 0.368193 0.193383 0.009276 0.006139
18 0.805655 0.195089 0.012867 0.005002
18 0.805655 0.200091 0.012867 0.005002
18 0.805655 0.190086 0.012867 0.005002
18 0.241472 0.172351 0.008378 0.003183
18 0.869988 0.171101 0.010473 0.002501
12 0.864901 0.155070 0.008079 0.005457
13 0.763315 0.163370 0.009575 0.006139
12 0.548175 0.162688 0.008977 0.005684
12 0.620586 0.162119 0.009575 0.005457
12 0.596200 0.162233 0.009276 0.005684
12 0.564482 0.162005 0.009276 0.005230
12 0.672801 0.161210 0.009276 0.004548
12 0.654548 0.161778 0.009276 0.005684
12 0.723220 0.161323 0.009575 0.005684
12 0.705715 0.161323 0.009276 0.005684
12 0.741622 0.161096 0.009276 0.006139
12 0.824207 0.160414 0.008079 0.006594
12 0.531119 0.160186 0.009575 0.006139
12 0.513016 0.160186 0.009276 0.006139
11 0.454069 0.160186 0.008677 0.006139
13 0.776631 0.158367 0.009874 0.006139
13 0.422651 0.158140 0.009276 0.005684
12 0.399312 0.158140 0.008079 0.005684
12 0.259126 0.158140 0.008378 0.005684
12 0.845452 0.157799 0.009874 0.005912
12 0.289497 0.157913 0.009874 0.006139
13 0.884351 0.157572 0.009874 0.006367
12 0.308498 0.157572 0.008378 0.006367
13 0.437612 0.155639 0.009874 0.006139
12 0.235637 0.155639 0.009874 0.006139
12 0.203172 0.155639 0.009575 0.006139
12 0.181478 0.155639 0.009276 0.006139
13 0.354428 0.155412 0.009276 0.006594
12 0.333184 0.155412 0.009874 0.006594
18 0.321215 0.158254 0.007481 0.004548
18 0.321215 0.153706 0.007481 0.004548
13 0.367594 0.153138 0.008079 0.005684
13 0.904698 0.152456 0.008677 0.006139
18 0.805955 0.155525 0.012268 0.005002
13 0.805955 0.150523 0.012268 0.005002
17 0.453770 0.127444 0.010473 0.006139
11 0.807301 0.125625 0.004189 0.003865
18 0.805955 0.117099 0.012268 0.006367
12 0.421454 0.125171 0.009276 0.006139
11 0.546978 0.124716 0.008977 0.006139
17 0.596649 0.124261 0.010174 0.006139
12 0.260473 0.123238 0.009276 0.005912
12 0.203920 0.123124 0.008677 0.005684
12 0.399013 0.122556 0.008677 0.005457
12 0.353830 0.122556 0.008079 0.005457
12 0.237133 0.120623 0.009276 0.006139
12 0.182077 0.120850 0.009276 0.006594
11 0.288001 0.120282 0.009276 0.006367
13 0.219031 0.118122 0.008977 0.005684
12 0.927738 0.116985 0.012867 0.008868
13 0.805955 0.110732 0.012268 0.006367
18 0.412777 0.106867 0.005087 0.003183
13 0.806104 0.086176 0.005386 0.003183
13 0.805506 0.070487 0.011370 0.005912
13 0.740874 0.085834 0.005984 0.003865
12 0.741323 0.068099 0.009874 0.006594
18 0.479653 0.084584 0.005984 0.003183
11 0.822262 0.085380 0.007181 0.005684
12 0.823010 0.067417 0.009276 0.006139
11 0.862507 0.080264 0.006882 0.005912
12 0.862956 0.061960 0.009575 0.006139
13 0.434470 0.079468 0.006583 0.005684
13 0.434022 0.061733 0.008079 0.006594
12 0.595751 0.078899 0.007181 0.006367
12 0.595302 0.061278 0.008677 0.007503
12 0.721574 0.078331 0.007481 0.006139
12 0.721125 0.060709 0.008977 0.007276
12 0.564034 0.076967 0.007181 0.005230
12 0.564333 0.058777 0.008378 0.006139
12 0.620437 0.076853 0.007481 0.005912
12 0.620586 0.058095 0.010174 0.005684
13 0.368492 0.076853 0.007481 0.005912
13 0.368791 0.058777 0.009276 0.006139
12 0.671305 0.075716 0.007481 0.005457
12 0.671155 0.058777 0.008378 0.006139
18 0.926840 0.080036 0.012268 0.005002
18 0.926840 0.075034 0.012268 0.005002
12 0.257630 0.074920 0.007181 0.005684
13 0.258528 0.056617 0.008977 0.007276
12 0.306254 0.074693 0.007481 0.006139
12 0.306553 0.056844 0.009276 0.007731
11 0.512717 0.074466 0.008677 0.006594
12 0.512418 0.056730 0.009276 0.007503
12 0.489378 0.074238 0.007481 0.006139
12 0.488779 0.056730 0.008677 0.007503
12 0.655147 0.073784 0.007481 0.006139
12 0.654997 0.056048 0.008977 0.007049
12 0.703321 0.073556 0.008079 0.006594
12 0.703621 0.056048 0.009874 0.007049
12 0.289198 0.072419 0.006882 0.004775
12 0.288450 0.054457 0.008378 0.006594
12 0.080491 0.071737 0.003591 0.004320
12 0.452573 0.072192 0.006882 0.005684
12 0.452573 0.053888 0.009276 0.006367
11 0.180580 0.072192 0.008677 0.005684
12 0.179982 0.054343 0.008677 0.006367
13 0.686266 0.071169 0.006284 0.005457
13 0.686565 0.053433 0.008079 0.006367
12 0.397217 0.069463 0.005685 0.005684
12 0.398414 0.051501 0.009874 0.007049
13 0.273190 0.069918 0.008977 0.006594
13 0.273639 0.052069 0.009276 0.007276
12 0.332585 0.066508 0.008677 0.006139
18 0.332286 0.049454 0.009276 0.005684
3 0.387941 0.122442 0.008079 0.017963
1 0.104877 0.121078 0.021245 0.038881
5 0.127618 0.897340 0.017654 0.021601
4 0.153351 0.198613 0.009276 0.015689
3 0.895123 0.228172 0.006284 0.015689
2 0.100090 0.626307 0.018851 0.018872
3 0.341861 0.198158 0.006882 0.015689
4 0.751496 0.164961 0.008677 0.015689
0 0.100389 0.460095 0.014662 0.022965
2 0.103980 0.243861 0.017056 0.017963
2 0.101586 0.283879 0.019449 0.018872
4 0.440604 0.252729 0.009276 0.015689
4 0.850239 0.062869 0.008677 0.015234
2 0.098893 0.586971 0.020048 0.019327
4 0.193447 0.122442 0.008079 0.014325
3 0.643477 0.292974 0.008079 0.017963
4 0.431927 0.430991 0.012268 0.016598
3 0.510922 0.372783 0.007481 0.017508
3 0.427439 0.504434 0.006882 0.017053
5 0.226661 0.529218 0.006284 0.008413
3 0.410383 0.197704 0.007481 0.018417
4 0.224566 0.422351 0.009276 0.012960
4 0.439707 0.333674 0.009874 0.016598
3 0.359814 0.365052 0.006882 0.019327
3 0.640186 0.205434 0.007481 0.017508
5 0.505536 0.542406 0.006284 0.008413
4 0.542938 0.937131 0.010473 0.016598
4 0.430730 0.373465 0.009874 0.016144
4 0.440006 0.292747 0.009276 0.015689
3 0.343956 0.156094 0.006284 0.018872
4 0.543238 0.896430 0.009874 0.015234
1 0.100688 0.681560 0.022442 0.037517
4 0.223369 0.365962 0.009276 0.015689
3 0.226960 0.451455 0.006882 0.019327
3 0.641682 0.317076 0.008079 0.020691
1 0.102783 0.547635 0.021843 0.038881
4 0.384051 0.197704 0.012268 0.016598
3 0.410981 0.158367 0.007481 0.017963
4 0.155147 0.158140 0.009276 0.016598
4 0.562388 0.556048 0.014662 0.019327
1 0.107271 0.082424 0.022442 0.033424
4 0.850539 0.079923 0.010473 0.015689
3 0.511819 0.430991 0.006882 0.018417
4 0.125823 0.622215 0.009276 0.013415
4 0.149611 0.676671 0.008378 0.014552
0 0.141532 0.668486 0.008977 0.012733
4 0.129862 0.110277 0.008378 0.014097
4 0.132855 0.720555 0.009575 0.015007
4 0.124177 0.712824 0.008977 0.015916
4 0.149013 0.765575 0.008378 0.015916
4 0.150808 0.459527 0.008378 0.012278
4 0.149910 0.587995 0.008977 0.012733
4 0.125972 0.582538 0.008977 0.014552
4 0.153202 0.245566 0.009575 0.014552
0 0.101735 0.159845 0.013166 0.022283
4 0.135847 0.378354 0.008378 0.014552
4 0.126571 0.536835 0.008977 0.013188
4 0.135847 0.418827 0.008378 0.013643
0 0.150209 0.542747 0.008378 0.011369
4 0.142430 0.532970 0.008378 0.012733
4 0.127469 0.492724 0.008378 0.013188
4 0.128965 0.280809 0.008977 0.013188
4 0.144524 0.407231 0.007780 0.015007
4 0.137343 0.077535 0.008977 0.015007
4 0.128665 0.070032 0.009575 0.014552
5 0.104129 0.865621 0.010772 0.014097
4 0.127469 0.452933 0.008378 0.015462
4 0.154399 0.075034 0.008378 0.014552
4 0.146020 0.067076 0.008378 0.012278
4 0.123728 0.673033 0.008079 0.016371
4 0.147068 0.109141 0.008079 0.016371
4 0.155296 0.114143 0.007780 0.016371
4 0.141083 0.709868 0.008079 0.016371
4 0.149312 0.717599 0.007780 0.016371
5 0.081538 0.506594 0.008079 0.016371
4 0.095452 0.497499 0.007780 0.016371
4 0.122531 0.852206 0.008079 0.016371
5 0.131358 0.855844 0.007780 0.016371
4 0.098893 0.197817 0.008079 0.016371
4 0.114602 0.201000 0.007780 0.016371
4 0.099491 0.323329 0.008079 0.016371
3 0.106822 0.323101 0.007780 0.016371
4 0.123130 0.760346 0.008079 0.016371
4 0.131807 0.768076 0.008079 0.016371
4 0.140335 0.758072 0.007780 0.016371
4 0.122531 0.800819 0.008079 0.016371
4 0.131209 0.807185 0.008079 0.016371
4 0.139737 0.799454 0.007780 0.016371
4 0.133303 0.589814 0.008079 0.016371
4 0.142130 0.580719 0.007780 0.016371
4 0.127917 0.321965 0.008079 0.016371
4 0.136744 0.327422 0.007780 0.016371
4 0.129114 0.242383 0.008079 0.016371
4 0.137193 0.246930 0.008079 0.016371
4 0.145123 0.238745 0.007780 0.016371
4 0.093058 0.805821 0.007780 0.016371
4 0.137493 0.159618 0.008079 0.016371
4 0.146320 0.150978 0.007780 0.016371
4 0.097696 0.422010 0.008079 0.016371
4 0.104578 0.417462 0.008079 0.016371
3 0.111610 0.417462 0.007780 0.016371
4 0.628516 0.251023 0.008079 0.016371
4 0.638839 0.252387 0.007780 0.016371
4 0.136894 0.286494 0.008079 0.016371
4 0.144973 0.277399 0.008079 0.016371
4 0.152902 0.284675 0.007780 0.016371
3 0.429234 0.548431 0.008079 0.016371
5 0.136894 0.197362 0.008079 0.016371
4 0.145123 0.191451 0.007780 0.016371
4 0.103830 0.937244 0.007780 0.015916
4 0.092011 0.859936 0.008079 0.016371
4 0.098294 0.857208 0.008079 0.016371
5 0.104428 0.859936 0.007780 0.016371
4 0.133004 0.631196 0.008079 0.016371
4 0.141382 0.621874 0.008079 0.016371
5 0.097098 0.387904 0.008079 0.016371
4 0.104279 0.378354 0.008079 0.016371
3 0.111610 0.377444 0.007780 0.016371
4 0.122531 0.934970 0.008079 0.016371
4 0.131957 0.941337 0.007780 0.016371
4 0.139288 0.931787 0.008079 0.016371
4 0.148115 0.939518 0.007780 0.016371
4 0.094105 0.723056 0.008079 0.016371
4 0.100688 0.718963 0.008079 0.016371
4 0.107421 0.717599 0.007780 0.016371
4 0.099491 0.896771 0.008079 0.015007
4 0.103830 0.896771 0.007780 0.015007
4 0.382555 0.157117 0.008079 0.016371
4 0.388091 0.157117 0.007780 0.016371