7 0.303465 0.941504 0.011947 0.013403
7 0.514636 0.941050 0.012545 0.012949
8 0.190711 0.937642 0.011051 0.006588
6 0.471774 0.941277 0.009259 0.017946
6 0.848566 0.939573 0.010155 0.016356
6 0.261798 0.939687 0.009857 0.018855
6 0.415323 0.939914 0.009857 0.018855
6 0.764486 0.939459 0.008065 0.018401
6 0.606780 0.939459 0.009259 0.017946
6 0.660544 0.938323 0.009259 0.017946
6 0.765532 0.897887 0.008961 0.017038
9 0.196237 0.895616 0.004182 0.021581
6 0.847670 0.898228 0.008363 0.018174
6 0.660693 0.897887 0.009558 0.017946
10 0.566906 0.888914 0.005974 0.002726
10 0.661888 0.864607 0.005974 0.001817
10 0.262246 0.862790 0.005974 0.002726
10 0.625747 0.861881 0.006571 0.004543
10 0.608423 0.860745 0.008961 0.004543
10 0.286738 0.860291 0.007168 0.004998
8 0.515233 0.856883 0.007766 0.020445
8 0.495520 0.856883 0.007766 0.020445
8 0.398148 0.856656 0.006571 0.019991
9 0.199821 0.858246 0.005376 0.021354
10 0.182198 0.855293 0.005974 0.004089
10 0.161888 0.854612 0.005974 0.004543
10 0.740143 0.851658 0.010753 0.003180
10 0.672043 0.841890 0.005974 0.002726
7 0.427121 0.852908 0.013142 0.028396
10 0.590203 0.819627 0.005974 0.003180
10 0.516129 0.820082 0.005974 0.004089
10 0.418757 0.820082 0.007168 0.004089
10 0.867384 0.809518 0.020311 0.002045
10 0.280167 0.803271 0.013142 0.004543
10 0.580048 0.803044 0.013142 0.004543
7 0.606183 0.769991 0.012246 0.013403
7 0.417712 0.769764 0.012843 0.012949
7 0.200269 0.769764 0.012843 0.013403
6 0.511947 0.769309 0.009558 0.018401
6 0.564367 0.769082 0.009857 0.017946
6 0.161738 0.768628 0.009857 0.018401
6 0.370221 0.767719 0.009857 0.018401
6 0.303465 0.767946 0.009558 0.018855
8 0.567204 0.712971 0.009558 0.007497
7 0.393967 0.716152 0.011947 0.013857
7 0.772103 0.715470 0.011947 0.012949
8 0.659797 0.712290 0.010753 0.006588
6 0.354540 0.715925 0.009558 0.017492
6 0.730884 0.714789 0.009558 0.017946
6 0.296595 0.714562 0.009558 0.018401
10 0.752987 0.684689 0.005974 0.004543
7 0.297491 0.675943 0.011350 0.012949
10 0.448626 0.666061 0.006571 0.002272
10 0.636201 0.645616 0.008961 0.004543
10 0.413680 0.636075 0.005974 0.002272
9 0.904421 0.634825 0.010155 0.027033
9 0.671744 0.635279 0.008363 0.027942
10 0.793309 0.633348 0.006571 0.004543
10 0.863501 0.628351 0.005974 0.003180
9 0.730884 0.631985 0.009558 0.031804
10 0.653226 0.628805 0.007168 0.004543
10 0.672342 0.628124 0.007168 0.004089
10 0.751493 0.627896 0.006571 0.004543
10 0.632915 0.627896 0.007168 0.004543
10 0.884409 0.627896 0.007168 0.004998
10 0.561231 0.621763 0.005974 0.002726
9 0.155914 0.626988 0.005376 0.025897
10 0.369474 0.611313 0.005974 0.002272
10 0.191159 0.574739 0.005974 0.001817
7 0.580645 0.537597 0.011947 0.012949
8 0.472820 0.534416 0.011350 0.006588
7 0.278674 0.537824 0.012545 0.013857
8 0.380526 0.534075 0.010753 0.006815
10 0.765830 0.533621 0.011947 0.004998
8 0.872162 0.534189 0.011947 0.007951
6 0.541517 0.537369 0.008961 0.017038
6 0.296894 0.537142 0.009558 0.018855
7 0.608423 0.483757 0.011350 0.009768
7 0.678315 0.485802 0.012545 0.014312
9 0.306750 0.484552 0.010155 0.021808
6 0.648148 0.483530 0.009558 0.017946
10 0.313919 0.475920 0.006571 0.002272
9 0.255376 0.481826 0.008961 0.027260
10 0.458931 0.471149 0.012246 0.004998
7 0.609916 0.445820 0.011947 0.012949
7 0.678315 0.443094 0.012545 0.007951
9 0.408005 0.449455 0.009558 0.021127
6 0.649642 0.444684 0.010155 0.018401
10 0.313321 0.436620 0.006571 0.002726
10 0.590352 0.417992 0.005675 0.003180
10 0.461768 0.415266 0.005974 0.003180
10 0.474612 0.414811 0.010155 0.004998
10 0.848417 0.410154 0.006870 0.002045
10 0.449821 0.400727 0.006571 0.003180
7 0.736858 0.400613 0.011947 0.013857
8 0.608124 0.397547 0.011350 0.007724
7 0.258065 0.400159 0.012545 0.012949
9 0.487007 0.405838 0.013441 0.024761
8 0.674432 0.396524 0.011350 0.006588
10 0.185783 0.396411 0.008961 0.004998
6 0.316010 0.397774 0.005376 0.018628
9 0.769863 0.387892 0.009259 0.022944
10 0.844982 0.360404 0.005974 0.003408
7 0.591099 0.350863 0.011947 0.012949
7 0.507766 0.350863 0.012545 0.012949
10 0.459677 0.342799 0.008363 0.002726
6 0.550478 0.348819 0.009558 0.017946
9 0.850956 0.352113 0.009558 0.020900
10 0.778674 0.339278 0.007766 0.002045
9 0.765532 0.346661 0.010753 0.015448
10 0.845579 0.320195 0.005974 0.002499
10 0.471625 0.320536 0.005974 0.003635
9 0.862903 0.311109 0.013142 0.021581
7 0.592294 0.311109 0.011947 0.012494
7 0.507766 0.311336 0.012545 0.013857
10 0.304361 0.320990 0.008961 0.001817
6 0.550777 0.310427 0.008961 0.018401
10 0.468638 0.296910 0.009558 0.002726
10 0.459677 0.296229 0.005974 0.004089
7 0.893070 0.254998 0.011350 0.013857
10 0.890382 0.211268 0.007766 0.004998
7 0.871565 0.212971 0.011947 0.013403
10 0.848268 0.164584 0.009558 0.002499
6 0.892473 0.163448 0.009558 0.016129
10 0.749104 0.127215 0.005974 0.002726
7 0.666368 0.119605 0.010155 0.013403
7 0.791517 0.119605 0.011947 0.013403
7 0.686380 0.119605 0.011947 0.013403
7 0.603644 0.119378 0.011350 0.013403
7 0.547192 0.118923 0.011947 0.013403
7 0.485962 0.117787 0.012545 0.012949
7 0.441756 0.112676 0.012545 0.022263
8 0.370968 0.113471 0.011947 0.006588
8 0.293907 0.113017 0.008363 0.007497
8 0.199223 0.112335 0.012545 0.007042
9 0.504779 0.118242 0.009558 0.022944
7 0.790621 0.075761 0.011350 0.012949
7 0.689367 0.075534 0.011947 0.012494
7 0.666965 0.075307 0.011350 0.012949
7 0.607228 0.075080 0.011350 0.013857
7 0.545699 0.075080 0.011350 0.013857
7 0.488053 0.074171 0.011947 0.012949
7 0.443250 0.073262 0.011947 0.013857
7 0.295998 0.073035 0.011350 0.013857
7 0.228196 0.071558 0.011947 0.012721
7 0.162186 0.071672 0.012545 0.014766
6 0.390681 0.070877 0.009558 0.018174
13 0.070639 0.712063 0.005675 0.027942
13 0.070639 0.669241 0.005675 0.049523
0 0.092742 0.764312 0.020012 0.029759
2 0.091249 0.444457 0.018817 0.018855
2 0.090352 0.674580 0.017622 0.018401
3 0.452957 0.110064 0.007467 0.015220
3 0.484020 0.819741 0.007467 0.017038
5 0.095430 0.851318 0.022401 0.023853
5 0.574373 0.048728 0.007168 0.015220
2 0.091547 0.252045 0.018817 0.019309
3 0.700866 0.063721 0.008662 0.019309
2 0.095729 0.209109 0.014636 0.017038
3 0.738501 0.123921 0.007467 0.018855
5 0.739098 0.060313 0.007467 0.015220
3 0.574821 0.112790 0.007467 0.016129
4 0.115741 0.300432 0.009857 0.015220
4 0.123208 0.257497 0.010454 0.012949
3 0.386350 0.822467 0.006870 0.017038
3 0.454600 0.049409 0.007766 0.019309
2 0.096326 0.896751 0.012246 0.015675
2 0.094534 0.939914 0.018220 0.019309
4 0.755227 0.752272 0.009259 0.015220
4 0.175030 0.055089 0.008961 0.014766
5 0.429062 0.172081 0.006272 0.010223
4 0.425179 0.271354 0.009857 0.015220
1 0.093041 0.353362 0.021804 0.033848
3 0.274642 0.822467 0.008065 0.017492
1 0.091846 0.538051 0.022401 0.039755
2 0.090950 0.714107 0.018817 0.018401
4 0.720281 0.754316 0.009857 0.013857
4 0.676075 0.865629 0.009259 0.016583
0 0.126643 0.944003 0.009558 0.011131
4 0.863053 0.863812 0.009259 0.014312
3 0.648895 0.821786 0.007467 0.017038
4 0.264188 0.260904 0.010454 0.016583
0 0.090502 0.574512 0.021505 0.032258
4 0.137694 0.624262 0.008961 0.015448
4 0.114994 0.618128 0.008961 0.015902
4 0.137993 0.397206 0.008363 0.017038
4 0.116189 0.391867 0.008961 0.015902
4 0.124552 0.348932 0.008961 0.013630
4 0.117384 0.338937 0.008961 0.013630
4 0.132019 0.335984 0.008363 0.012267
4 0.115591 0.526352 0.009558 0.014085
4 0.114397 0.566561 0.008363 0.013630
4 0.139486 0.849159 0.008363 0.012721
0 0.088112 0.625170 0.012545 0.023626
4 0.122461 0.719219 0.009558 0.014539
4 0.115293 0.711949 0.008363 0.014539
3 0.074074 0.485120 0.008363 0.015675
3 0.089008 0.483076 0.008363 0.015675
5 0.096476 0.482394 0.008363 0.015675
4 0.115890 0.206611 0.008363 0.015675
4 0.123357 0.214562 0.008363 0.015675
3 0.118578 0.108246 0.008363 0.015675
5 0.125149 0.110745 0.008363 0.015675
4 0.083333 0.312017 0.008363 0.015675
4 0.091099 0.307701 0.008363 0.015675
5 0.099164 0.316788 0.008363 0.015675
4 0.563023 0.626306 0.008363 0.011813
4 0.583632 0.626306 0.008363 0.011813
4 0.115293 0.760677 0.008363 0.015675
4 0.124552 0.766356 0.008363 0.015675
4 0.130824 0.756134 0.008363 0.015675
3 0.137694 0.761358 0.008363 0.015675
3 0.122162 0.156179 0.008363 0.015675
4 0.131123 0.150954 0.008363 0.015675
4 0.122461 0.625965 0.008363 0.015675
4 0.130227 0.615743 0.008363 0.015675
4 0.122461 0.399250 0.008363 0.015675
4 0.129630 0.389482 0.008363 0.015675
4 0.122760 0.535098 0.008363 0.015675
4 0.129928 0.524875 0.008363 0.015675
4 0.137097 0.532144 0.008363 0.015675
4 0.128734 0.564857 0.008363 0.015675
4 0.135902 0.570082 0.008363 0.015675
4 0.115293 0.440595 0.008363 0.015675
4 0.122760 0.448092 0.008363 0.015675
4 0.130526 0.437869 0.008363 0.015675
5 0.138292 0.442867 0.008363 0.015675
4 0.117981 0.844048 0.008363 0.015675
4 0.124851 0.851318 0.008363 0.015675
4 0.131720 0.843367 0.008363 0.015675
4 0.086619 0.153907 0.005974 0.015675
5 0.086619 0.161858 0.005974 0.015675
4 0.129331 0.297251 0.008363 0.015675
4 0.088710 0.071445 0.008363 0.015675
4 0.098865 0.065766 0.008363 0.015675
4 0.114397 0.670491 0.008363 0.015675
4 0.121864 0.678442 0.008363 0.015675
4 0.129630 0.667537 0.008363 0.015675
4 0.137395 0.674125 0.008363 0.015675
4 0.114098 0.479896 0.008363 0.015675
4 0.121565 0.487165 0.008363 0.015675
4 0.129331 0.477624 0.008363 0.015675
4 0.137097 0.485120 0.008363 0.015675
4 0.087814 0.115289 0.008363 0.015675
4 0.100060 0.111199 0.008363 0.015675
4 0.130227 0.707974 0.008363 0.015675
4 0.137993 0.715016 0.008363 0.015675
4 0.086619 0.809064 0.008363 0.015675
4 0.092891 0.805202 0.008363 0.015675
5 0.099462 0.804294 0.008363 0.015675