10 0.770347 0.950091 0.011670 0.005230
8 0.683872 0.950318 0.012268 0.007503
8 0.602484 0.950318 0.012268 0.007503
8 0.512717 0.950091 0.012268 0.007049
7 0.430730 0.950773 0.012268 0.008413
8 0.357121 0.950091 0.012268 0.007049
8 0.270347 0.950318 0.012268 0.007503
8 0.188360 0.950546 0.012268 0.007958
8 0.431329 0.895748 0.012268 0.007503
6 0.245212 0.898249 0.009874 0.018872
6 0.150958 0.897794 0.009276 0.018872
6 0.370586 0.897340 0.010473 0.019782
10 0.576451 0.840041 0.009276 0.003411
9 0.780221 0.846180 0.009874 0.026603
8 0.430132 0.840723 0.012268 0.007503
6 0.369988 0.842997 0.010473 0.018417
6 0.244913 0.842087 0.010473 0.018417
6 0.153651 0.841633 0.009874 0.018417
9 0.572861 0.805025 0.004488 0.022510
10 0.429533 0.781378 0.012268 0.005230
6 0.153651 0.783879 0.009874 0.018417
6 0.367594 0.783652 0.009276 0.018872
6 0.244315 0.783652 0.010473 0.018872
10 0.764662 0.744316 0.007481 0.004775
9 0.667115 0.737722 0.009874 0.022510
10 0.200928 0.723852 0.007481 0.002046
9 0.289797 0.734993 0.012867 0.037972
10 0.616846 0.714757 0.006284 0.002046
10 0.785907 0.711346 0.009276 0.005230
8 0.186266 0.663370 0.011670 0.007503
8 0.868791 0.662915 0.012268 0.007503
8 0.767056 0.663142 0.012268 0.007049
8 0.681777 0.663142 0.011670 0.007049
8 0.599192 0.663142 0.011670 0.007049
8 0.513016 0.663142 0.011670 0.007049
8 0.429533 0.663142 0.012268 0.007049
8 0.355925 0.663142 0.012268 0.007049
8 0.274536 0.663142 0.012268 0.007049
7 0.456762 0.597658 0.011670 0.014325
8 0.606074 0.594247 0.012268 0.007503
6 0.684171 0.597658 0.009276 0.018872
6 0.808348 0.597203 0.009874 0.018872
6 0.486685 0.595839 0.009276 0.018872
7 0.457062 0.544679 0.012268 0.013870
8 0.605177 0.541951 0.011670 0.008413
6 0.807151 0.543997 0.009874 0.017963
6 0.486086 0.543315 0.009276 0.017508
6 0.684770 0.543088 0.010473 0.018872
7 0.457959 0.491246 0.011670 0.014325
8 0.605476 0.488063 0.009874 0.007958
6 0.486385 0.490791 0.008677 0.017053
6 0.806852 0.491019 0.010473 0.018417
6 0.684470 0.490791 0.009874 0.018872
9 0.431329 0.487381 0.009874 0.038427
10 0.889737 0.438495 0.009874 0.002501
10 0.884949 0.435994 0.006284 0.002046
9 0.624028 0.445316 0.007481 0.029786
8 0.910383 0.438040 0.010473 0.025239
8 0.853830 0.434175 0.006284 0.017508
8 0.728456 0.438267 0.010473 0.026603
7 0.662328 0.436676 0.011071 0.039791
10 0.597696 0.428263 0.007481 0.002956
9 0.563884 0.437017 0.009276 0.010914
9 0.492968 0.433834 0.006284 0.026376
9 0.515111 0.431901 0.009874 0.035698
8 0.730551 0.375739 0.012268 0.007049
7 0.456762 0.379377 0.010473 0.014325
7 0.855925 0.375512 0.011670 0.007503
8 0.605177 0.375284 0.010473 0.007049
6 0.486685 0.377331 0.009276 0.018417
9 0.334680 0.368463 0.004488 0.030696
9 0.201825 0.358686 0.004488 0.029332
10 0.214093 0.314575 0.009874 0.002046
10 0.617744 0.314120 0.008079 0.002956
10 0.885248 0.310937 0.006882 0.004775
6 0.782017 0.313211 0.006284 0.011141
7 0.316128 0.308663 0.011670 0.014779
6 0.822113 0.308663 0.009874 0.017508
6 0.693148 0.308436 0.009276 0.016144
6 0.556104 0.308208 0.009276 0.019327
9 0.251496 0.306162 0.005685 0.025239
6 0.424446 0.306389 0.009276 0.018417
10 0.792789 0.299795 0.007481 0.004320
8 0.665320 0.307299 0.012268 0.021146
8 0.528875 0.307299 0.008677 0.021146
9 0.205416 0.302296 0.006882 0.027513
10 0.482196 0.260914 0.009874 0.003865
10 0.213495 0.261369 0.006284 0.004775
6 0.651556 0.256139 0.007481 0.019782
10 0.168312 0.257731 0.008079 0.004775
10 0.157241 0.256594 0.008677 0.005230
8 0.316727 0.253183 0.010473 0.007503
6 0.556703 0.255457 0.010473 0.018417
6 0.821215 0.255457 0.010473 0.018417
6 0.692849 0.254775 0.009874 0.017053
6 0.425943 0.255230 0.009874 0.018872
7 0.665619 0.254320 0.010473 0.020691
8 0.532765 0.252729 0.011670 0.037517
10 0.599491 0.219304 0.007481 0.004320
10 0.503142 0.218849 0.013465 0.003411
10 0.759874 0.217258 0.007481 0.002046
9 0.230551 0.208845 0.008079 0.024329
9 0.556703 0.210891 0.009276 0.029332
9 0.243716 0.207481 0.009276 0.023420
10 0.559695 0.198613 0.006882 0.002956
9 0.427439 0.208618 0.009276 0.025693
10 0.243716 0.198386 0.006882 0.002501
9 0.614452 0.205434 0.005087 0.029332
9 0.483094 0.205434 0.011670 0.028422
9 0.884051 0.203843 0.009276 0.030696
9 0.517804 0.204525 0.010473 0.032060
10 0.856822 0.193611 0.007481 0.002956
9 0.781119 0.202251 0.010473 0.032060
9 0.911281 0.201342 0.007481 0.030241
10 0.519300 0.191564 0.006284 0.003411
10 0.318223 0.188381 0.017056 0.003411
10 0.180880 0.158140 0.009276 0.003865
9 0.304159 0.154957 0.006882 0.017508
9 0.328396 0.153138 0.006284 0.021146
10 0.819719 0.146999 0.007481 0.005230
7 0.692849 0.147453 0.011071 0.008868
7 0.557002 0.149955 0.012268 0.013870
7 0.427439 0.149955 0.010473 0.014779
7 0.382855 0.150182 0.011071 0.014325
10 0.235637 0.094361 0.017056 0.002274
10 0.495961 0.093565 0.013465 0.002046
10 0.234440 0.091519 0.014662 0.002501
10 0.770646 0.091064 0.009874 0.002501
10 0.492669 0.091064 0.015260 0.002501
9 0.208109 0.078104 0.005087 0.030241
17 0.744165 0.913142 0.009575 0.006821
11 0.191203 0.910414 0.009575 0.005912
11 0.281568 0.909959 0.009575 0.005912
17 0.669509 0.909845 0.009874 0.006594
11 0.338869 0.909732 0.009276 0.006367
17 0.576750 0.908026 0.009874 0.006594
17 0.842460 0.904957 0.009874 0.006821
17 0.491771 0.904616 0.009276 0.007049
11 0.338420 0.855161 0.009575 0.006367
11 0.282466 0.854934 0.009575 0.006821
11 0.191352 0.854820 0.008677 0.006594
11 0.576152 0.842542 0.008079 0.005230
11 0.781418 0.841519 0.008079 0.005457
17 0.491472 0.839700 0.008079 0.006367
17 0.841263 0.839131 0.009874 0.007049
11 0.695691 0.836744 0.009575 0.005912
11 0.744614 0.834015 0.009276 0.005912
11 0.669808 0.834129 0.009276 0.006139
12 0.624626 0.833561 0.009276 0.006821
12 0.743118 0.804116 0.008677 0.007049
11 0.741622 0.784902 0.009276 0.005912
17 0.669659 0.804457 0.010174 0.007731
11 0.668911 0.785016 0.009874 0.007049
18 0.340215 0.802183 0.008378 0.005002
11 0.339467 0.795589 0.009874 0.005457
11 0.492071 0.801728 0.009276 0.005912
11 0.517804 0.798886 0.009276 0.005684
11 0.839318 0.798090 0.009575 0.005912
11 0.282466 0.795703 0.008378 0.005684
11 0.282466 0.801387 0.008378 0.005684
11 0.864004 0.795475 0.009276 0.006139
12 0.781269 0.795475 0.009575 0.006139
12 0.781119 0.786949 0.008677 0.005457
11 0.788300 0.771714 0.004488 0.004093
11 0.608767 0.795589 0.009276 0.006367
11 0.190455 0.795248 0.009276 0.005684
11 0.190455 0.800932 0.009276 0.005684
12 0.900808 0.793315 0.009276 0.005457
12 0.800868 0.790132 0.009276 0.006367
17 0.576002 0.785471 0.010174 0.007049
11 0.576302 0.798772 0.008378 0.005457
12 0.263764 0.747158 0.008677 0.005912
12 0.172352 0.746930 0.008977 0.006367
11 0.369090 0.745907 0.008677 0.006139
12 0.245512 0.743179 0.008677 0.007049
12 0.153202 0.742951 0.008977 0.006594
12 0.281718 0.743179 0.008677 0.007503
11 0.290245 0.721010 0.007780 0.005457
11 0.416966 0.742724 0.008677 0.007049
11 0.340365 0.742724 0.008677 0.007049
12 0.191352 0.742610 0.008677 0.006821
11 0.299372 0.737494 0.008079 0.005684
12 0.298025 0.721010 0.007780 0.005457
12 0.209007 0.737494 0.008079 0.005684
11 0.444794 0.737381 0.009276 0.006367
12 0.538151 0.734538 0.009276 0.006139
11 0.700628 0.734084 0.009276 0.006139
12 0.901107 0.733743 0.009874 0.006367
12 0.519300 0.731810 0.008677 0.005230
12 0.624925 0.731696 0.008079 0.005912
12 0.881807 0.731241 0.009575 0.005912
12 0.798175 0.731241 0.008677 0.005912
18 0.742370 0.731128 0.007780 0.005684
12 0.742071 0.723511 0.008977 0.005912
11 0.668462 0.731355 0.007181 0.006139
18 0.668013 0.723170 0.010473 0.007049
12 0.606373 0.728968 0.008677 0.005912
11 0.491472 0.729081 0.009276 0.006139
11 0.840664 0.728513 0.008677 0.005912
12 0.780521 0.728513 0.009276 0.005912
12 0.762867 0.726012 0.008677 0.005457
11 0.577499 0.726353 0.010174 0.006139
11 0.863555 0.610277 0.009575 0.005912
11 0.741771 0.609595 0.008977 0.006367
12 0.428187 0.600841 0.009575 0.006139
17 0.294883 0.600387 0.009874 0.007049
17 0.152454 0.599818 0.009874 0.006821
11 0.864004 0.556844 0.009874 0.006367
11 0.741323 0.556617 0.009874 0.005912
12 0.429234 0.547294 0.006882 0.004548
12 0.428935 0.531833 0.008079 0.005457
17 0.296230 0.546953 0.009575 0.006594
17 0.295931 0.530923 0.010174 0.007276
17 0.152154 0.546953 0.010473 0.006594
17 0.152154 0.530582 0.009874 0.006594
11 0.740724 0.508413 0.008677 0.006367
11 0.739826 0.502615 0.009276 0.005230
11 0.865051 0.503070 0.008977 0.006139
11 0.865051 0.509209 0.008977 0.006139
11 0.429832 0.502274 0.009874 0.006367
11 0.428785 0.489995 0.007181 0.003638
11 0.430132 0.483629 0.008677 0.005457
17 0.152454 0.501933 0.010473 0.007503
17 0.153202 0.485107 0.006583 0.004320
17 0.295332 0.501478 0.010772 0.007503
17 0.295781 0.487381 0.010473 0.008413
13 0.877917 0.456116 0.008977 0.005912
13 0.821065 0.456116 0.009575 0.005912
13 0.753740 0.456116 0.009575 0.005912
13 0.699431 0.456799 0.009874 0.007276
13 0.631059 0.455775 0.009575 0.006139
13 0.809246 0.453388 0.009276 0.007731
13 0.741023 0.453047 0.008079 0.007049
13 0.618043 0.452592 0.008677 0.006594
13 0.713345 0.452024 0.008977 0.006821
13 0.645871 0.452024 0.009276 0.006821
13 0.686116 0.452024 0.008977 0.007276
12 0.865500 0.451796 0.009276 0.007276
13 0.835727 0.451569 0.008977 0.006821
13 0.892879 0.451455 0.008977 0.007503
13 0.767205 0.451455 0.008977 0.007503
12 0.772591 0.434857 0.006583 0.004775
13 0.578097 0.449864 0.008977 0.006139
13 0.908887 0.446680 0.008677 0.006139
12 0.850239 0.446567 0.008677 0.005912
13 0.780371 0.446339 0.008977 0.005457
12 0.727259 0.446339 0.009276 0.005457
13 0.728306 0.431446 0.004788 0.003411
13 0.661281 0.446112 0.008977 0.005912
13 0.591712 0.445998 0.008677 0.005684
13 0.557301 0.445771 0.009276 0.006139
17 0.295781 0.445998 0.010473 0.006594
17 0.295631 0.432128 0.008977 0.006139
17 0.152902 0.445316 0.009575 0.006139
17 0.152902 0.431673 0.009575 0.007049
13 0.500000 0.442929 0.009575 0.005912
13 0.605625 0.440655 0.008977 0.005912
13 0.514063 0.440541 0.008977 0.005684
13 0.487283 0.440541 0.009276 0.005684
11 0.872382 0.436562 0.004488 0.006367
13 0.444045 0.434970 0.009575 0.006367
13 0.528875 0.432242 0.009276 0.006367
13 0.458109 0.432242 0.009575 0.006367
13 0.428636 0.432128 0.009276 0.006139
18 0.599791 0.429513 0.005087 0.004548
13 0.473818 0.426785 0.009874 0.006367
12 0.431029 0.379150 0.009874 0.006594
13 0.375524 0.376421 0.008977 0.005684
13 0.389587 0.373920 0.008977 0.006139
13 0.353531 0.373806 0.009276 0.005912
13 0.309695 0.371305 0.008378 0.005457
13 0.324806 0.368690 0.008677 0.005684
13 0.404698 0.368577 0.009276 0.006367
13 0.297576 0.368236 0.009276 0.006594
13 0.236834 0.363461 0.008079 0.006139
13 0.223668 0.361073 0.008677 0.006821
13 0.252992 0.360732 0.008677 0.007049
13 0.339467 0.360391 0.009276 0.008186
13 0.174596 0.357549 0.009276 0.006139
13 0.190156 0.355616 0.009276 0.006821
13 0.268103 0.355503 0.008977 0.007503
13 0.152603 0.355389 0.008977 0.007276
13 0.206613 0.349250 0.008079 0.006821
11 0.351287 0.319691 0.008977 0.005912
12 0.788300 0.315371 0.005685 0.003638
11 0.793238 0.301160 0.005984 0.004775
12 0.658887 0.314916 0.005386 0.003638
11 0.664572 0.301387 0.006583 0.003865
12 0.667415 0.311278 0.005685 0.004548
12 0.524087 0.314802 0.005087 0.003411
13 0.193597 0.312301 0.016756 0.003865
11 0.185518 0.306048 0.005386 0.005002
12 0.194195 0.292519 0.008977 0.006139
11 0.887044 0.312415 0.009276 0.005457
12 0.923698 0.312074 0.005984 0.005230
11 0.758378 0.312074 0.009276 0.006139
11 0.617744 0.311960 0.009276 0.005912
11 0.483393 0.311960 0.008677 0.005912
11 0.248953 0.310482 0.005984 0.003865
12 0.257181 0.298431 0.009874 0.006139
12 0.290096 0.301273 0.008677 0.005457
12 0.211101 0.296044 0.008677 0.005912
12 0.153651 0.291041 0.008677 0.006821
11 0.350688 0.267053 0.008977 0.006139
11 0.656942 0.261710 0.005087 0.003638
17 0.662478 0.249545 0.007181 0.004775
13 0.526182 0.261710 0.005685 0.003638
13 0.534710 0.259209 0.004788 0.004093
11 0.885847 0.259095 0.008079 0.004775
11 0.757331 0.259663 0.008378 0.005912
13 0.248803 0.258527 0.004488 0.003638
13 0.666517 0.258868 0.005685 0.004775
11 0.482795 0.259095 0.008677 0.005230
12 0.924147 0.258868 0.005685 0.005230
12 0.797127 0.258640 0.005386 0.004775
11 0.618791 0.258981 0.008378 0.005457
11 0.184470 0.253183 0.008079 0.003865
12 0.193148 0.240678 0.008677 0.006139
12 0.793836 0.249204 0.005984 0.004093
11 0.291143 0.248863 0.009575 0.006139
12 0.257780 0.246135 0.008677 0.006139
12 0.212597 0.243861 0.009276 0.006139
12 0.153800 0.237153 0.008378 0.007276
11 0.748803 0.216689 0.012268 0.004548
11 0.756583 0.193724 0.008677 0.005002
12 0.756583 0.198727 0.008677 0.005002
12 0.643327 0.216803 0.008378 0.004775
12 0.652304 0.193156 0.008977 0.005684
12 0.652304 0.198840 0.008977 0.005684
12 0.350987 0.211573 0.008378 0.005230
12 0.351137 0.206230 0.007481 0.005457
13 0.304608 0.208731 0.008977 0.005912
12 0.290844 0.206571 0.008977 0.006139
11 0.298624 0.192360 0.005386 0.006367
13 0.317923 0.206116 0.009276 0.006139
12 0.384201 0.203502 0.009575 0.005457
12 0.384201 0.208959 0.009575 0.005457
13 0.332735 0.203615 0.008977 0.005684
13 0.231747 0.203274 0.008079 0.005912
12 0.558199 0.200887 0.008677 0.005684
12 0.558199 0.206571 0.008677 0.005684
12 0.427738 0.200773 0.008079 0.005457
12 0.427738 0.206230 0.008079 0.005457
13 0.243716 0.200887 0.006882 0.005684
12 0.223220 0.199864 0.004788 0.003638
13 0.211101 0.200773 0.007481 0.005457
12 0.694794 0.198158 0.008977 0.005684
12 0.694794 0.203843 0.008977 0.005684
12 0.583483 0.198158 0.009575 0.005684
12 0.583483 0.203843 0.009575 0.005684
12 0.455266 0.198158 0.009276 0.005684
12 0.455266 0.203843 0.009276 0.005684
13 0.167265 0.198272 0.008378 0.005912
12 0.822262 0.197817 0.010174 0.005912
12 0.822262 0.203729 0.010174 0.005912
12 0.727558 0.196112 0.009276 0.005230
12 0.727558 0.201342 0.009276 0.005230
13 0.856822 0.195771 0.008079 0.005457
13 0.856822 0.201228 0.008079 0.005457
12 0.618342 0.195543 0.008079 0.005002
12 0.618342 0.200546 0.008079 0.005002
12 0.483393 0.195657 0.008677 0.005230
12 0.483393 0.200887 0.008677 0.005230
13 0.259725 0.195543 0.008977 0.005912
12 0.181777 0.195657 0.008677 0.006139
13 0.154249 0.195430 0.008677 0.005684
12 0.885099 0.193042 0.007780 0.005457
12 0.885099 0.198499 0.007780 0.005457
12 0.519001 0.193042 0.008079 0.005457
12 0.519001 0.198499 0.008079 0.005457
12 0.913226 0.190655 0.008378 0.005230
12 0.913226 0.195884 0.008378 0.005230
12 0.782615 0.190769 0.009276 0.005457
12 0.782615 0.196226 0.009276 0.005457
13 0.194345 0.190427 0.009276 0.006594
13 0.305955 0.152797 0.008079 0.005912
18 0.584231 0.150750 0.009276 0.006367
12 0.455715 0.150750 0.009575 0.006367
18 0.223519 0.149386 0.004788 0.003638
12 0.352334 0.150296 0.009276 0.006367
12 0.319868 0.150296 0.009575 0.006367
13 0.292340 0.149955 0.008977 0.006594
13 0.858468 0.148022 0.009575 0.006367
12 0.727708 0.148022 0.009575 0.006367
12 0.334381 0.147567 0.008079 0.005457
13 0.233842 0.147340 0.008677 0.005912
12 0.245362 0.144725 0.008977 0.006139
13 0.211849 0.144839 0.008977 0.006367
12 0.168761 0.141655 0.008977 0.006367
13 0.261520 0.139609 0.008378 0.005912
13 0.154249 0.139495 0.009276 0.005684
13 0.182077 0.139382 0.009276 0.006367
13 0.195990 0.133470 0.008378 0.006367
11 0.619090 0.131423 0.009575 0.006821
11 0.486236 0.131423 0.008378 0.006821
11 0.758079 0.129604 0.009276 0.005912
11 0.887193 0.128126 0.008378 0.005684
11 0.324057 0.089927 0.006583 0.006594
11 0.332735 0.076512 0.009575 0.006139
12 0.080192 0.086289 0.003591 0.006594
13 0.373130 0.082992 0.008378 0.006367
18 0.362507 0.080605 0.006284 0.004320
13 0.386744 0.080036 0.009276 0.005912
13 0.352484 0.079923 0.008977 0.006594
13 0.570916 0.077876 0.008977 0.006139
13 0.442400 0.077649 0.008079 0.005684
13 0.402005 0.077194 0.009874 0.006594
13 0.844704 0.075716 0.008378 0.006367
12 0.715290 0.075034 0.008079 0.005912
13 0.584829 0.074920 0.008079 0.006594
12 0.559096 0.075034 0.009276 0.006821
13 0.456762 0.075034 0.008677 0.006821
13 0.428935 0.074125 0.008677 0.006821
12 0.294434 0.074466 0.008977 0.007503
13 0.856822 0.073101 0.008079 0.005684
13 0.822113 0.073442 0.008677 0.006367
12 0.728606 0.072760 0.008977 0.005912
13 0.695392 0.072874 0.008378 0.006139
13 0.641682 0.072419 0.009276 0.006139
13 0.507929 0.072533 0.009874 0.006367
13 0.605177 0.071851 0.009276 0.005912
13 0.470826 0.072078 0.009874 0.006367
13 0.261370 0.071623 0.008677 0.006367
13 0.899611 0.070487 0.008079 0.006821
13 0.771694 0.069918 0.008378 0.006594
13 0.744764 0.069577 0.008378 0.005912
13 0.621634 0.069577 0.008677 0.005912
13 0.484440 0.070032 0.008378 0.006821
13 0.868791 0.069577 0.008677 0.006821
13 0.655446 0.069691 0.008079 0.007049
13 0.521544 0.069236 0.008378 0.006139
12 0.912328 0.067644 0.008977 0.005684
18 0.758528 0.067872 0.009575 0.006139
12 0.213495 0.068440 0.008677 0.007276
13 0.885548 0.067531 0.008677 0.006367
12 0.784411 0.066849 0.007481 0.005912
13 0.668462 0.067190 0.008378 0.006594
13 0.533962 0.066508 0.009276 0.007049
18 0.194794 0.065257 0.009575 0.006367
13 0.925643 0.064802 0.008677 0.007276
12 0.798025 0.064575 0.007181 0.006821
12 0.156044 0.063552 0.008677 0.007503
1 0.101287 0.720214 0.022442 0.034789
0 0.100688 0.489882 0.022442 0.024329
0 0.103082 0.202251 0.022442 0.024784
3 0.833782 0.074920 0.006882 0.014779
3 0.683573 0.071965 0.006882 0.012506
2 0.100389 0.255912 0.020646 0.019327
2 0.098893 0.595157 0.016457 0.019327
2 0.099791 0.307526 0.018253 0.019782
5 0.495362 0.074238 0.008677 0.008868
3 0.708707 0.075375 0.010473 0.018417
5 0.124028 0.489654 0.008079 0.014779
5 0.124925 0.783652 0.007481 0.014325
5 0.126122 0.147226 0.007481 0.011141
4 0.364004 0.378013 0.009276 0.014325
0 0.101885 0.784106 0.022442 0.023420
2 0.100987 0.898022 0.019449 0.020236
4 0.164722 0.357322 0.009276 0.014779
5 0.125823 0.901660 0.008079 0.014779
5 0.124626 0.721123 0.008079 0.014779
5 0.123728 0.663824 0.007481 0.014779
5 0.124327 0.845953 0.008677 0.014325
2 0.098893 0.542633 0.020048 0.020691
2 0.104279 0.953047 0.023639 0.020236
5 0.125524 0.956230 0.008677 0.014779
2 0.101885 0.842542 0.016457 0.018417
4 0.094105 0.379377 0.008079 0.014779
4 0.102184 0.374602 0.008079 0.014779
5 0.110563 0.380969 0.008079 0.014779
3 0.118791 0.374602 0.007780 0.014779
3 0.103381 0.155412 0.008079 0.013415
5 0.109814 0.155412 0.007780 0.013415
4 0.096798 0.150409 0.008079 0.014779
4 0.108019 0.145634 0.007780 0.014779
4 0.099192 0.435766 0.008079 0.012051
5 0.105625 0.435766 0.007780 0.012051
4 0.092609 0.431446 0.008079 0.014779
4 0.103830 0.426444 0.007780 0.014779
4 0.103980 0.096976 0.008079 0.012960
5 0.111011 0.096976 0.007780 0.012960
4 0.097397 0.092656 0.008079 0.014779
4 0.103680 0.088790 0.008079 0.014779
4 0.109814 0.087653 0.007780 0.014779
4 0.099791 0.672920 0.008079 0.014325
5 0.107421 0.672920 0.007780 0.014325
4 0.093806 0.667917 0.008079 0.014779
4 0.105027 0.662460 0.007780 0.014779
4 0.453770 0.847544 0.008079 0.014779
3 0.462896 0.845498 0.007780 0.014779