8 0.895572 0.940314 0.011969 0.007049
7 0.745063 0.940996 0.012567 0.007503
8 0.829144 0.940314 0.010772 0.007049
10 0.209156 0.939518 0.011969 0.005002
6 0.457810 0.940769 0.008977 0.017963
6 0.300419 0.940769 0.010174 0.017963
8 0.896469 0.907572 0.012567 0.007049
7 0.849192 0.908481 0.011370 0.007958
8 0.211251 0.905525 0.012567 0.006594
6 0.714243 0.908254 0.009575 0.017508
6 0.612807 0.907799 0.010174 0.017508
6 0.459306 0.908254 0.009575 0.017508
6 0.300718 0.906889 0.009575 0.017508
8 0.896768 0.865962 0.011969 0.006594
8 0.208259 0.864825 0.011370 0.007049
6 0.713645 0.868008 0.009575 0.016144
6 0.301616 0.866417 0.010174 0.018417
9 0.570916 0.837199 0.007780 0.023192
10 0.725314 0.822192 0.008977 0.002274
10 0.145422 0.819009 0.007780 0.003183
8 0.269300 0.827308 0.007780 0.023874
10 0.895572 0.783993 0.013166 0.005002
10 0.514662 0.783993 0.012567 0.005002
8 0.832735 0.784106 0.011969 0.007503
10 0.746559 0.783538 0.011969 0.005002
10 0.645422 0.783538 0.011969 0.005002
8 0.359665 0.783879 0.010174 0.007049
8 0.210652 0.783652 0.012567 0.006594
7 0.820168 0.737267 0.011969 0.013870
6 0.855476 0.737040 0.009575 0.015234
6 0.298624 0.736130 0.010174 0.017053
6 0.136445 0.735675 0.008977 0.017963
7 0.821065 0.698158 0.008977 0.012960
6 0.855775 0.698158 0.010174 0.015689
6 0.137642 0.696567 0.010174 0.018872
6 0.298324 0.695884 0.009575 0.018417
10 0.181329 0.673261 0.011370 0.002729
10 0.182825 0.669850 0.011969 0.002274
10 0.359964 0.669168 0.015560 0.003638
7 0.821664 0.659050 0.011370 0.012960
6 0.855177 0.658367 0.010174 0.016144
9 0.176242 0.661551 0.008378 0.028877
9 0.210353 0.663597 0.007181 0.037517
9 0.405446 0.655525 0.009575 0.026830
9 0.244464 0.655070 0.010772 0.026830
7 0.299820 0.619941 0.012567 0.012960
7 0.138241 0.619486 0.012567 0.013870
9 0.371933 0.608117 0.008378 0.025693
10 0.559844 0.577308 0.014363 0.001819
10 0.547277 0.577308 0.008378 0.001819
10 0.251646 0.574579 0.010772 0.001819
10 0.558648 0.572874 0.009575 0.001592
9 0.731299 0.575375 0.007780 0.019327
10 0.312986 0.570828 0.013764 0.002046
7 0.823459 0.574920 0.010174 0.012960
10 0.145123 0.570032 0.008378 0.001819
6 0.856673 0.574466 0.009575 0.017508
10 0.645123 0.565484 0.006583 0.002729
9 0.477558 0.559345 0.007780 0.020009
9 0.567325 0.562074 0.005386 0.019100
10 0.361161 0.523306 0.007181 0.002501
6 0.738181 0.523079 0.005984 0.012960
10 0.147516 0.516826 0.005984 0.004548
7 0.486236 0.518531 0.011969 0.012960
6 0.621185 0.516257 0.010174 0.018417
6 0.782466 0.515803 0.009575 0.018417
10 0.456014 0.508413 0.007780 0.002274
10 0.400060 0.473283 0.005984 0.002501
10 0.159785 0.466121 0.031718 0.005002
7 0.179832 0.460778 0.007181 0.013870
6 0.620886 0.466235 0.009575 0.016598
6 0.780670 0.465325 0.009575 0.018417
10 0.786954 0.430423 0.010174 0.004548
10 0.633453 0.430423 0.005984 0.004548
10 0.704668 0.428377 0.009575 0.002274
10 0.868642 0.427467 0.008378 0.002274
7 0.829743 0.427353 0.009575 0.003411
8 0.675943 0.426899 0.013166 0.005230
10 0.704967 0.425648 0.006583 0.002274
10 0.871634 0.424511 0.011969 0.001819
9 0.527528 0.422806 0.009575 0.029332
10 0.567624 0.418827 0.005984 0.004093
9 0.781568 0.419509 0.010174 0.022283
7 0.171155 0.415530 0.011370 0.013415
9 0.855775 0.414961 0.004189 0.023192
9 0.689108 0.415757 0.011969 0.023874
10 0.860862 0.405412 0.005984 0.002729
10 0.141532 0.405639 0.005984 0.003183
10 0.898564 0.403593 0.007181 0.002729
9 0.537403 0.410982 0.012567 0.031605
9 0.410832 0.384948 0.007181 0.008186
10 0.171454 0.367894 0.008378 0.005002
7 0.622681 0.370737 0.011969 0.012960
7 0.567923 0.370964 0.012567 0.013415
7 0.783662 0.370282 0.011969 0.012960
10 0.555057 0.333561 0.011969 0.001819
10 0.662777 0.328217 0.011969 0.001592
10 0.648414 0.328104 0.011969 0.001819
10 0.380311 0.327990 0.014363 0.002046
10 0.471873 0.327080 0.015560 0.002046
10 0.349192 0.327080 0.021544 0.002046
10 0.226511 0.327080 0.008378 0.002046
10 0.328845 0.326967 0.009575 0.002274
10 0.298324 0.326285 0.008378 0.001819
10 0.492220 0.326739 0.015560 0.004548
10 0.390186 0.326739 0.013764 0.004548
10 0.470676 0.324466 0.010772 0.001819
10 0.347995 0.324693 0.016756 0.002274
10 0.702274 0.320941 0.007181 0.001592
9 0.835129 0.310823 0.004788 0.022283
10 0.565829 0.272169 0.009575 0.002729
10 0.468582 0.271601 0.007780 0.002046
10 0.431179 0.270805 0.005984 0.001819
10 0.423998 0.271032 0.005984 0.002274
10 0.422501 0.268304 0.006583 0.002274
7 0.701077 0.270691 0.011969 0.012960
10 0.677738 0.264893 0.005984 0.003638
6 0.808797 0.267963 0.009575 0.017508
10 0.675045 0.261482 0.008977 0.004093
9 0.300120 0.254889 0.008378 0.028649
10 0.616697 0.228513 0.008378 0.004548
10 0.269599 0.225216 0.013166 0.002046
10 0.485637 0.224648 0.009575 0.005002
10 0.554458 0.223965 0.005984 0.004548
10 0.454518 0.224193 0.014363 0.005002
10 0.270796 0.222715 0.005984 0.002046
7 0.700778 0.223852 0.012567 0.012960
6 0.806703 0.221351 0.010174 0.017963
8 0.672950 0.223852 0.009575 0.022965
9 0.537702 0.213620 0.008378 0.024329
9 0.421604 0.209072 0.013166 0.034334
10 0.827648 0.179627 0.007780 0.004093
10 0.497606 0.169623 0.011969 0.004093
10 0.479952 0.169395 0.007780 0.004548
10 0.465889 0.169395 0.008378 0.004548
9 0.617893 0.166212 0.008378 0.017735
7 0.438659 0.163597 0.012567 0.013415
8 0.540395 0.160755 0.008977 0.018645
7 0.564333 0.160528 0.013764 0.018190
9 0.871335 0.164734 0.008977 0.027513
10 0.616098 0.129150 0.007181 0.004093
10 0.814482 0.128240 0.010174 0.005002
7 0.606822 0.123238 0.012567 0.017735
10 0.356373 0.122556 0.011969 0.001819
10 0.160084 0.123238 0.009575 0.004093
10 0.487133 0.121760 0.017355 0.002501
10 0.372531 0.121191 0.008378 0.002729
10 0.490425 0.119145 0.014363 0.002274
9 0.831239 0.119600 0.004189 0.018190
10 0.821963 0.115734 0.005984 0.001819
8 0.301616 0.120850 0.011370 0.023420
8 0.248953 0.113347 0.008977 0.008413
9 0.210054 0.119145 0.008977 0.020009
9 0.845601 0.121191 0.010174 0.025011
10 0.166667 0.110050 0.005984 0.003183
10 0.351885 0.106185 0.007780 0.002729
10 0.765709 0.100955 0.020347 0.005002
10 0.702274 0.098226 0.011969 0.002274
10 0.692998 0.099136 0.013764 0.005002
10 0.356373 0.074807 0.014363 0.002729
10 0.576002 0.073897 0.005984 0.001819
10 0.907540 0.073442 0.007181 0.001819
10 0.739378 0.074807 0.013166 0.004548
10 0.895572 0.072988 0.009575 0.002729
10 0.486535 0.071851 0.007780 0.002274
10 0.615799 0.072306 0.013764 0.004093
9 0.912926 0.070714 0.008378 0.008186
9 0.752543 0.065371 0.008378 0.022510
9 0.768103 0.064688 0.011969 0.020236
9 0.842908 0.058436 0.009575 0.022283
9 0.329743 0.066735 0.004189 0.016144
9 0.870736 0.056162 0.010174 0.022283
9 0.144823 0.057412 0.011370 0.034789
9 0.465589 0.054570 0.007780 0.036380
11 0.528127 0.954070 0.009575 0.005912
11 0.371335 0.953729 0.009575 0.006139
11 0.813285 0.921442 0.009575 0.006139
11 0.758677 0.921442 0.009874 0.006139
11 0.657540 0.920759 0.009874 0.005684
11 0.528576 0.920077 0.010473 0.006139
11 0.371783 0.919623 0.009874 0.006139
11 0.657092 0.884720 0.005386 0.003638
11 0.656942 0.878581 0.009874 0.005002
11 0.372681 0.885175 0.008677 0.005912
11 0.372531 0.878467 0.009575 0.005684
11 0.530521 0.884607 0.007780 0.005230
11 0.529773 0.878467 0.009276 0.005684
11 0.814034 0.879604 0.009276 0.006139
11 0.814034 0.885744 0.009276 0.006139
11 0.758677 0.879150 0.009874 0.006139
11 0.758677 0.885289 0.009874 0.006139
12 0.097397 0.873920 0.005685 0.004775
13 0.547427 0.845271 0.008677 0.005684
11 0.838719 0.845043 0.009575 0.006139
12 0.736385 0.845043 0.009575 0.006139
13 0.477558 0.845271 0.008977 0.006594
12 0.638989 0.844588 0.008677 0.006139
12 0.388241 0.844475 0.008677 0.005912
13 0.320916 0.844588 0.009276 0.006139
13 0.231897 0.844134 0.009575 0.006139
11 0.884201 0.842087 0.008977 0.006594
11 0.814931 0.841974 0.008677 0.006367
12 0.759126 0.841405 0.009575 0.007049
12 0.714093 0.841405 0.009276 0.007049
13 0.659336 0.841405 0.009874 0.007049
12 0.616098 0.841633 0.009575 0.007503
14 0.565081 0.841405 0.009276 0.007049
13 0.531269 0.841519 0.009874 0.007276
14 0.496709 0.841405 0.009575 0.007049
13 0.460952 0.841633 0.009276 0.007503
13 0.373429 0.841405 0.008977 0.007049
14 0.339019 0.841405 0.009575 0.007049
13 0.303860 0.841633 0.009874 0.007503
13 0.248803 0.841405 0.009874 0.007049
14 0.405895 0.841064 0.009276 0.007276
13 0.215440 0.840950 0.010174 0.007049
13 0.164722 0.839131 0.009276 0.006139
11 0.913375 0.836858 0.009276 0.006139
12 0.781119 0.835834 0.009276 0.005912
12 0.679384 0.835721 0.009276 0.005684
13 0.512717 0.835834 0.009874 0.005912
13 0.424895 0.835948 0.008977 0.006139
13 0.355775 0.835721 0.009575 0.005684
13 0.138241 0.835721 0.009575 0.005684
13 0.582286 0.835493 0.008977 0.006139
13 0.266457 0.835493 0.009276 0.006139
13 0.181927 0.835607 0.009575 0.006367
13 0.198384 0.830264 0.009575 0.005684
18 0.772890 0.820146 0.007780 0.005457
12 0.419958 0.743406 0.006284 0.003865
11 0.258378 0.743179 0.003890 0.005230
12 0.276032 0.741360 0.005685 0.004320
12 0.266158 0.743065 0.007481 0.004093
17 0.273190 0.730673 0.007780 0.004775
11 0.430281 0.740678 0.006583 0.005684
11 0.373579 0.740678 0.009276 0.005684
12 0.212597 0.740905 0.009276 0.006139
12 0.788001 0.740223 0.008677 0.005684
17 0.457959 0.740564 0.010473 0.006367
17 0.626122 0.740223 0.010473 0.006594
11 0.423399 0.704184 0.005984 0.004093
12 0.265859 0.703615 0.005685 0.004320
11 0.431927 0.701114 0.006284 0.004775
12 0.458109 0.701228 0.008378 0.005912
17 0.458408 0.685653 0.010174 0.006594
12 0.275733 0.700887 0.006284 0.005230
11 0.212597 0.701114 0.009276 0.005684
12 0.213345 0.687472 0.009575 0.007503
12 0.788001 0.700887 0.007481 0.006139
12 0.788300 0.685880 0.010473 0.006139
17 0.625524 0.700659 0.009276 0.006594
17 0.626122 0.685198 0.010473 0.007503
18 0.372681 0.687244 0.012268 0.007958
11 0.373130 0.701228 0.009575 0.005912
13 0.788450 0.669623 0.010174 0.006367
13 0.790993 0.620396 0.009874 0.006139
12 0.787552 0.651660 0.007780 0.005002
13 0.787552 0.656662 0.007780 0.005002
17 0.626272 0.669736 0.010772 0.006594
17 0.626272 0.650978 0.010772 0.005912
17 0.626272 0.656889 0.010772 0.005912
17 0.458558 0.669850 0.010473 0.007731
17 0.457660 0.656776 0.009874 0.005684
17 0.457810 0.633811 0.010174 0.006594
11 0.456762 0.620168 0.010473 0.006594
12 0.301466 0.653706 0.009874 0.005457
12 0.301466 0.659163 0.009874 0.005457
12 0.138091 0.653820 0.009874 0.005684
12 0.138091 0.659504 0.009874 0.005684
12 0.339467 0.651774 0.008079 0.005230
12 0.339467 0.657003 0.008079 0.005230
12 0.177588 0.651774 0.008677 0.005230
12 0.177588 0.657003 0.008677 0.005230
17 0.457660 0.651091 0.009874 0.005684
12 0.374327 0.649159 0.010174 0.005457
12 0.374327 0.654616 0.010174 0.005457
12 0.213645 0.649159 0.010174 0.005457
12 0.213645 0.654616 0.010174 0.005457
12 0.407092 0.646089 0.009276 0.004775
12 0.407092 0.650864 0.009276 0.004775
12 0.246409 0.646089 0.009874 0.005684
12 0.246409 0.651774 0.009874 0.005684
17 0.625524 0.633811 0.010473 0.006594
17 0.625524 0.620168 0.009276 0.006594
13 0.875823 0.631082 0.009575 0.005684
13 0.893627 0.628354 0.008079 0.005684
13 0.858169 0.628467 0.008977 0.005912
18 0.808199 0.623352 0.009575 0.005684
13 0.910832 0.620850 0.008977 0.006139
13 0.823908 0.620396 0.008677 0.006139
12 0.338570 0.617553 0.009874 0.005912
13 0.177588 0.617667 0.009874 0.006139
13 0.840963 0.615393 0.009874 0.006139
11 0.373429 0.599932 0.008378 0.006139
11 0.213196 0.599704 0.009276 0.005684
13 0.626571 0.580832 0.006583 0.005230
12 0.626870 0.565371 0.008977 0.006139
12 0.790395 0.575148 0.009874 0.006594
13 0.721873 0.572874 0.009276 0.005684
13 0.696140 0.570373 0.010473 0.006139
13 0.738929 0.570146 0.009874 0.006594
13 0.644973 0.567872 0.008677 0.005684
13 0.756134 0.564916 0.008378 0.006139
13 0.662178 0.565030 0.008977 0.006367
12 0.554458 0.560823 0.008977 0.006139
13 0.163226 0.558322 0.008677 0.006139
13 0.538749 0.557754 0.009276 0.006367
13 0.324506 0.557867 0.009276 0.006594
13 0.679084 0.557640 0.008677 0.007049
12 0.572861 0.557412 0.008079 0.007503
13 0.484740 0.555593 0.009575 0.005684
13 0.177738 0.555252 0.010174 0.005912
13 0.300269 0.555139 0.009874 0.006594
13 0.341263 0.554684 0.009276 0.006594
13 0.139587 0.554570 0.009276 0.006367
12 0.589019 0.553092 0.009276 0.007049
13 0.502394 0.552865 0.009575 0.006594
13 0.458109 0.553092 0.008977 0.007049
13 0.358019 0.552865 0.009276 0.006594
13 0.392430 0.552410 0.009874 0.006594
13 0.229952 0.552410 0.009276 0.006594
13 0.194943 0.552524 0.008677 0.006821
13 0.408139 0.550136 0.008977 0.006594
11 0.374476 0.549909 0.009874 0.006139
17 0.213495 0.550136 0.009874 0.006594
13 0.246858 0.549227 0.008977 0.006594
13 0.516457 0.547635 0.009575 0.007049
13 0.425943 0.547181 0.009874 0.007049
13 0.265560 0.547067 0.009874 0.006821
11 0.528426 0.528649 0.009575 0.006367
12 0.912478 0.523533 0.005087 0.003865
12 0.749102 0.523533 0.006284 0.004320
11 0.754937 0.510346 0.005984 0.005230
12 0.758528 0.520350 0.005984 0.004320
18 0.318522 0.519327 0.009276 0.002274
12 0.859964 0.520691 0.008977 0.005457
12 0.923698 0.519895 0.005984 0.004320
11 0.692250 0.520805 0.008677 0.006139
17 0.332436 0.515689 0.010772 0.005002
12 0.339467 0.503183 0.009276 0.006367
12 0.250748 0.514097 0.004788 0.003638
12 0.257780 0.498181 0.008677 0.006367
11 0.179384 0.514325 0.006284 0.005002
12 0.187163 0.493065 0.009874 0.006139
12 0.454518 0.510800 0.008378 0.005230
13 0.416966 0.508413 0.009874 0.005912
12 0.359366 0.505798 0.009575 0.006139
12 0.291293 0.500455 0.009874 0.007276
12 0.208259 0.495794 0.009575 0.007049
12 0.141382 0.490791 0.009276 0.007049
11 0.527379 0.478058 0.009276 0.006139
17 0.068971 0.481128 0.004488 0.017735
12 0.912178 0.472260 0.005685 0.003638
11 0.748504 0.472601 0.006284 0.004320
11 0.753890 0.458276 0.005087 0.003865
12 0.758079 0.470100 0.006284 0.004775
12 0.691951 0.470555 0.009276 0.005684
12 0.922202 0.469191 0.005386 0.003865
11 0.861161 0.469645 0.008977 0.005684
18 0.407840 0.468054 0.005386 0.003411
18 0.162178 0.465666 0.007780 0.002274
11 0.333333 0.466007 0.006583 0.007503
13 0.340963 0.452137 0.009874 0.006139
11 0.455715 0.460209 0.008378 0.005912
12 0.416816 0.457481 0.009575 0.005912
12 0.361610 0.454866 0.009276 0.006139
12 0.292789 0.449750 0.009276 0.006821
13 0.258378 0.446908 0.009874 0.006594
12 0.210802 0.444407 0.009276 0.007049
13 0.189856 0.441337 0.009276 0.006367
12 0.140485 0.439518 0.009874 0.007276
13 0.470826 0.421214 0.009874 0.006139
12 0.529025 0.418486 0.009575 0.005230
12 0.529025 0.423715 0.009575 0.005230
13 0.455266 0.418713 0.008677 0.005684
13 0.488630 0.418599 0.009575 0.006367
12 0.568671 0.421214 0.009276 0.005684
12 0.568671 0.415530 0.009276 0.005684
13 0.506134 0.415985 0.009874 0.006594
12 0.384051 0.415871 0.009874 0.006367
12 0.622681 0.413597 0.008977 0.005457
12 0.622681 0.419054 0.008977 0.005457
13 0.399312 0.413483 0.008079 0.005230
12 0.373579 0.412574 0.004488 0.003411
12 0.783064 0.413142 0.008977 0.005457
12 0.783064 0.418599 0.008977 0.005457
13 0.361011 0.413370 0.009276 0.005912
12 0.814034 0.410414 0.008079 0.005457
12 0.814034 0.415871 0.008079 0.005457
12 0.657241 0.410528 0.009276 0.005684
12 0.657241 0.416212 0.009276 0.005684
13 0.308648 0.410755 0.009874 0.006139
13 0.416966 0.408822 0.009874 0.005912
13 0.325554 0.408481 0.009575 0.005230
12 0.693447 0.408026 0.009874 0.005230
12 0.693447 0.413256 0.009874 0.005230
14 0.860413 0.407685 0.008677 0.005457
12 0.860413 0.413142 0.008677 0.005457
13 0.291891 0.408026 0.009874 0.006139
12 0.897666 0.405412 0.008378 0.005457
12 0.897666 0.410869 0.008378 0.005457
12 0.734141 0.405412 0.008677 0.005457
12 0.734141 0.410869 0.008677 0.005457
12 0.225763 0.405866 0.009276 0.006367
13 0.209904 0.403706 0.009874 0.006594
12 0.141083 0.403251 0.009874 0.005684
12 0.141083 0.408936 0.009874 0.005684
13 0.340963 0.403024 0.009874 0.006139
12 0.241921 0.403024 0.009276 0.006139
13 0.258079 0.398022 0.009276 0.007049
13 0.471724 0.373920 0.009874 0.006139
12 0.529473 0.371191 0.009874 0.006139
13 0.487582 0.371305 0.009874 0.006367
13 0.456164 0.371191 0.010473 0.006139
12 0.814931 0.370509 0.009874 0.005684
12 0.656942 0.370737 0.009874 0.006139
13 0.505835 0.369145 0.008079 0.005684
12 0.384051 0.368690 0.007481 0.005684
13 0.360413 0.365962 0.009276 0.005684
13 0.401556 0.365962 0.010174 0.006594
12 0.309695 0.363802 0.009575 0.005912
13 0.325554 0.361187 0.009575 0.006139
13 0.292639 0.361187 0.009575 0.006139
13 0.418163 0.360960 0.009874 0.006594
13 0.225613 0.358686 0.008977 0.005684
13 0.210652 0.356980 0.008977 0.005912
12 0.241921 0.356412 0.009276 0.005684
18 0.141831 0.356526 0.007780 0.005912
11 0.140335 0.368804 0.007181 0.005912
13 0.341861 0.356185 0.008079 0.006139
11 0.693447 0.352774 0.008677 0.006594
11 0.861909 0.352547 0.008677 0.007049
12 0.258079 0.350500 0.009276 0.006594
12 0.329743 0.321510 0.005984 0.004093
12 0.340365 0.301728 0.009874 0.006367
13 0.554309 0.316621 0.009276 0.006139
12 0.542938 0.313893 0.008079 0.004320
13 0.568671 0.314120 0.009276 0.005684
13 0.529174 0.314120 0.009276 0.005684
13 0.507780 0.312074 0.008378 0.006139
13 0.799372 0.311505 0.008677 0.005912
13 0.640186 0.311619 0.009874 0.006139
13 0.586026 0.311278 0.009276 0.006367
12 0.457959 0.309231 0.009276 0.006821
13 0.785159 0.308777 0.009575 0.006821
13 0.658588 0.309004 0.009575 0.007276
13 0.623728 0.309118 0.009276 0.007503
13 0.815230 0.307981 0.009276 0.006139
13 0.418462 0.307071 0.009276 0.006139
13 0.718881 0.306617 0.008079 0.006139
13 0.882107 0.305366 0.008378 0.005457
18 0.884351 0.323784 0.008079 0.002274
13 0.675943 0.305707 0.008378 0.006139
13 0.840215 0.305139 0.008977 0.005912
13 0.693746 0.304116 0.010473 0.006594
12 0.365500 0.304343 0.009874 0.007049
13 0.897516 0.303092 0.008677 0.006367
13 0.735189 0.303433 0.008977 0.007049
13 0.160233 0.302296 0.008677 0.005684
13 0.751496 0.300591 0.008677 0.005912
13 0.915171 0.299568 0.009276 0.005684
13 0.143926 0.299568 0.009575 0.006594
12 0.293836 0.299454 0.008977 0.007276
12 0.176691 0.299341 0.008079 0.007049
13 0.259425 0.297067 0.008977 0.006139
13 0.192998 0.296953 0.009575 0.005912
11 0.732645 0.280809 0.009276 0.006367
11 0.575254 0.267053 0.006882 0.003411
12 0.582885 0.256253 0.008977 0.006367
11 0.501795 0.266712 0.006583 0.003638
12 0.510473 0.250682 0.008378 0.006139
12 0.441053 0.265234 0.005386 0.003411
12 0.450030 0.246362 0.008378 0.005684
12 0.675494 0.263756 0.008677 0.005002
13 0.646768 0.260914 0.009874 0.006594
13 0.600539 0.258413 0.009575 0.006139
12 0.387193 0.256367 0.010174 0.005684
12 0.208408 0.255912 0.009276 0.005684
18 0.211999 0.294111 0.009276 0.006594
11 0.143028 0.255684 0.009575 0.006139
18 0.928336 0.254206 0.004488 0.003638
12 0.872681 0.254775 0.009276 0.006139
11 0.331837 0.253183 0.009575 0.006594
12 0.246409 0.253183 0.008677 0.006594
12 0.541143 0.253070 0.009276 0.007276
12 0.265560 0.251137 0.008677 0.006139
12 0.467235 0.248408 0.009874 0.007049
12 0.282615 0.248181 0.009874 0.006594
12 0.301167 0.245907 0.008079 0.005684
12 0.421454 0.244316 0.009276 0.007049
11 0.732196 0.234311 0.009575 0.006139
13 0.590365 0.226012 0.009575 0.004093
18 0.441053 0.218622 0.005386 0.002956
12 0.674596 0.217258 0.008079 0.004775
13 0.646619 0.214188 0.008977 0.005912
18 0.601287 0.212028 0.009874 0.006139
12 0.918163 0.210095 0.005685 0.004093
13 0.583034 0.209754 0.009276 0.006139
12 0.873130 0.208845 0.009575 0.006139
11 0.144225 0.208959 0.009575 0.006367
12 0.387343 0.208618 0.009276 0.006594
12 0.209755 0.208618 0.008977 0.006594
11 0.333782 0.206912 0.009874 0.006821
12 0.540245 0.206571 0.009874 0.007049
12 0.247457 0.206571 0.009575 0.007049
13 0.510922 0.204070 0.009276 0.006594
12 0.265859 0.203615 0.009276 0.005684
12 0.467385 0.201683 0.010174 0.007276
12 0.284710 0.201114 0.009874 0.007049
13 0.450479 0.199295 0.008677 0.006139
12 0.302663 0.197476 0.008677 0.006139
12 0.420856 0.196567 0.008079 0.006139
17 0.324207 0.183492 0.006284 0.005002
17 0.324207 0.177012 0.006284 0.005230
14 0.332885 0.163824 0.010473 0.007049
14 0.332885 0.148136 0.010473 0.006594
17 0.134800 0.182242 0.005087 0.003865
12 0.136595 0.175762 0.008079 0.004548
14 0.144973 0.162915 0.010473 0.007049
14 0.144375 0.145407 0.010473 0.005684
14 0.144375 0.151091 0.010473 0.005684
17 0.239078 0.175421 0.007181 0.005230
17 0.239078 0.180650 0.007181 0.005230
17 0.238929 0.145180 0.009276 0.006139
14 0.244315 0.137221 0.012867 0.004775
18 0.244315 0.127672 0.012867 0.004775
12 0.244315 0.132447 0.012867 0.004775
18 0.248205 0.113574 0.008677 0.005684
13 0.688659 0.168486 0.009874 0.006367
12 0.608917 0.167121 0.004788 0.003638
13 0.609216 0.161323 0.007780 0.004775
17 0.103531 0.168940 0.006583 0.008186
12 0.733842 0.166098 0.009276 0.005230
12 0.733842 0.171328 0.009276 0.005230
13 0.702124 0.166326 0.008079 0.005684
13 0.674297 0.166553 0.007481 0.006139
12 0.421155 0.163824 0.008677 0.006139
12 0.421005 0.150864 0.009575 0.006139
12 0.766457 0.163029 0.008677 0.005457
13 0.766457 0.168486 0.008677 0.005457
13 0.619539 0.163370 0.009276 0.006139
13 0.633303 0.161323 0.008079 0.005684
13 0.598444 0.161323 0.008977 0.005684
12 0.809246 0.160641 0.008079 0.005230
12 0.809246 0.165871 0.008079 0.005230
13 0.715889 0.160982 0.008079 0.005912
13 0.554608 0.158822 0.008677 0.006139
12 0.834381 0.157572 0.008079 0.005457
12 0.834381 0.163029 0.008079 0.005457
13 0.646619 0.156321 0.007181 0.004775
14 0.568821 0.156435 0.007181 0.005912
13 0.541592 0.156321 0.008378 0.005684
12 0.872382 0.155298 0.008677 0.005457
12 0.872382 0.160755 0.008677 0.005457
13 0.480850 0.154047 0.010174 0.005684
12 0.905296 0.152569 0.008677 0.005457
12 0.905296 0.158026 0.008677 0.005457
13 0.467834 0.151774 0.009874 0.005684
13 0.497756 0.151432 0.009874 0.005912
13 0.583184 0.151091 0.009575 0.006139
17 0.073758 0.149500 0.004488 0.007503
13 0.513315 0.145180 0.008677 0.007049
12 0.421005 0.144725 0.009575 0.006139
13 0.331688 0.128809 0.006882 0.005230
13 0.332436 0.110960 0.010174 0.005912
12 0.150060 0.130173 0.012268 0.007958
12 0.146768 0.105730 0.009276 0.006367
12 0.147666 0.137449 0.007481 0.004320
12 0.637642 0.126762 0.004788 0.003865
18 0.555805 0.125057 0.005087 0.003183
13 0.754788 0.123352 0.008079 0.006139
12 0.575105 0.121191 0.007780 0.005457
12 0.583782 0.108686 0.006583 0.005002
13 0.767654 0.120737 0.007481 0.005457
13 0.732645 0.120850 0.008079 0.005684
13 0.714991 0.118577 0.008677 0.003865
13 0.821664 0.117894 0.007181 0.005230
13 0.781269 0.117894 0.007181 0.005230
11 0.859216 0.115166 0.006284 0.004320
12 0.676242 0.116075 0.008378 0.006139
13 0.835577 0.115166 0.009276 0.006139
13 0.809695 0.115393 0.009575 0.006594
13 0.847846 0.113347 0.006882 0.005230
12 0.646020 0.113347 0.007780 0.005230
11 0.421454 0.113802 0.009276 0.006139
12 0.301616 0.113233 0.007780 0.005002
12 0.210802 0.113574 0.007481 0.005684
12 0.193746 0.113461 0.008079 0.005912
12 0.602035 0.111073 0.009575 0.006139
13 0.179683 0.110732 0.009276 0.006367
12 0.352484 0.108572 0.007780 0.005684
14 0.165320 0.108345 0.009276 0.006139
12 0.541293 0.106298 0.007780 0.005684
12 0.370886 0.106298 0.009276 0.005684
13 0.743716 0.102319 0.005087 0.003183
13 0.512418 0.103797 0.009276 0.006139
12 0.388540 0.103342 0.009276 0.006139
12 0.467235 0.100614 0.008677 0.006139
11 0.873878 0.097203 0.009276 0.006594
18 0.088420 0.088336 0.006284 0.006139
12 0.093806 0.075603 0.005087 0.003411
12 0.099192 0.064347 0.008677 0.007276
12 0.639138 0.069236 0.005386 0.003411
12 0.647217 0.053547 0.008378 0.006594
13 0.754488 0.063893 0.008677 0.006367
14 0.767953 0.061278 0.008079 0.005684
13 0.733244 0.061050 0.009276 0.005230
13 0.820766 0.059459 0.008378 0.006594
13 0.715290 0.058777 0.009276 0.007049
13 0.780820 0.058208 0.008677 0.006821
13 0.834381 0.056162 0.009276 0.006367
13 0.807451 0.056503 0.008079 0.007049
12 0.676391 0.056503 0.009276 0.007049
13 0.893178 0.053547 0.008977 0.005684
11 0.422651 0.053888 0.009276 0.006367
11 0.248654 0.053774 0.009575 0.006139
12 0.210503 0.053092 0.008677 0.005684
12 0.302065 0.052865 0.008677 0.006139
12 0.195392 0.052979 0.008977 0.006367
13 0.850090 0.052183 0.008977 0.006594
12 0.600987 0.051046 0.009276 0.007049
12 0.334680 0.050705 0.009276 0.007276
12 0.179683 0.050477 0.009276 0.006821
14 0.906194 0.050364 0.009276 0.007503
13 0.871335 0.050364 0.008378 0.007503
13 0.583034 0.049454 0.009276 0.007503
13 0.165021 0.047863 0.008677 0.006139
13 0.919958 0.047294 0.009276 0.006821
12 0.352334 0.047181 0.008677 0.006594
12 0.542639 0.045816 0.008677 0.006594
12 0.370886 0.045475 0.008677 0.006821
12 0.146170 0.044793 0.009276 0.007276
18 0.512717 0.043201 0.008677 0.005912
18 0.390335 0.042633 0.009276 0.006594
18 0.468133 0.041269 0.009276 0.006594
5 0.106972 0.414848 0.023040 0.022510
0 0.088719 0.658367 0.022442 0.023874
2 0.088420 0.516257 0.018253 0.017963
2 0.087822 0.907344 0.018253 0.017963
2 0.092908 0.222260 0.018851 0.018417
0 0.091113 0.162460 0.014063 0.023420
4 0.744913 0.063552 0.008677 0.015689
2 0.088121 0.940996 0.018851 0.018872
5 0.113555 0.470100 0.008677 0.014779
2 0.091113 0.269100 0.018851 0.018417
2 0.089318 0.735903 0.023639 0.017963
4 0.871484 0.305707 0.009276 0.016144
4 0.882855 0.051046 0.010473 0.014325
0 0.087522 0.414620 0.012867 0.022965
5 0.111460 0.572647 0.008079 0.015234
0 0.089916 0.867553 0.023639 0.022965
5 0.111460 0.659050 0.008079 0.014325
5 0.129114 0.549454 0.006284 0.009777
2 0.087223 0.697249 0.020646 0.018872
3 0.739826 0.472601 0.005685 0.011596
4 0.372382 0.415075 0.009276 0.012960
3 0.827499 0.306162 0.007481 0.018872
3 0.412478 0.741587 0.005685 0.010232
1 0.088121 0.620168 0.022442 0.030241
5 0.112059 0.911664 0.008079 0.013870
4 0.709605 0.572874 0.009874 0.015689
3 0.909785 0.211346 0.004488 0.009322
3 0.415171 0.702251 0.005087 0.008868
1 0.113854 0.224079 0.003291 0.010232
4 0.375673 0.368918 0.013465 0.016144
5 0.111759 0.699977 0.008677 0.014325
3 0.151855 0.555139 0.007481 0.016598
5 0.111460 0.867326 0.009276 0.014325
3 0.313435 0.555821 0.006284 0.017053
4 0.152753 0.839586 0.010473 0.014325
2 0.100239 0.078899 0.010174 0.013188
4 0.103830 0.160641 0.008378 0.014325
5 0.110413 0.161551 0.008378 0.014325
5 0.117295 0.161551 0.008378 0.014325
4 0.084979 0.366189 0.008378 0.014325
4 0.096349 0.362551 0.008378 0.014325
4 0.088570 0.793201 0.008378 0.014325
5 0.094554 0.793201 0.008378 0.014325
4 0.082585 0.787290 0.008378 0.014325
4 0.093357 0.782970 0.008378 0.014325
4 0.087971 0.580150 0.008378 0.011596
5 0.094554 0.580150 0.008378 0.011596
4 0.081987 0.575375 0.008378 0.014325
4 0.093956 0.571282 0.008378 0.014325
4 0.087074 0.116075 0.008378 0.014325
4 0.093656 0.112210 0.008378 0.014325
5 0.100539 0.111755 0.008378 0.014325
4 0.085877 0.326398 0.008378 0.014325
4 0.097546 0.322078 0.008378 0.014325
4 0.087971 0.828217 0.008378 0.012960
5 0.094554 0.828217 0.008378 0.012960
4 0.081987 0.823897 0.008378 0.014325
4 0.092759 0.818895 0.008378 0.014325