7 0.873279 0.945771 0.011670 0.015689
7 0.772142 0.945771 0.011670 0.013870
8 0.203321 0.942133 0.011071 0.008413
7 0.689856 0.944861 0.012268 0.013870
8 0.628815 0.942360 0.011071 0.009777
7 0.586625 0.944179 0.011670 0.013415
7 0.388839 0.942815 0.012268 0.011596
6 0.648564 0.943952 0.011071 0.019327
6 0.449282 0.943042 0.009874 0.018417
6 0.258977 0.943270 0.009874 0.018872
10 0.475613 0.848454 0.008677 0.003865
10 0.487283 0.829582 0.006882 0.003411
10 0.789198 0.825034 0.006284 0.003411
10 0.874776 0.824807 0.008677 0.003865
10 0.773639 0.824579 0.008677 0.004320
9 0.666816 0.828445 0.008079 0.034789
9 0.650658 0.820714 0.008079 0.021146
10 0.608169 0.823897 0.006882 0.004775
10 0.241921 0.818440 0.006882 0.002956
10 0.701825 0.806162 0.006284 0.002956
10 0.451376 0.767508 0.012867 0.005684
8 0.431628 0.766598 0.011670 0.008413
6 0.566577 0.768645 0.009874 0.018872
8 0.430730 0.709072 0.011071 0.008868
6 0.222172 0.710437 0.010473 0.018872
6 0.259874 0.710891 0.010473 0.019782
6 0.450778 0.710209 0.010473 0.019327
9 0.700628 0.526717 0.008677 0.028877
10 0.230850 0.519895 0.007481 0.004320
10 0.763465 0.514438 0.007481 0.003411
10 0.683573 0.514438 0.009276 0.003411
10 0.288300 0.471919 0.009874 0.003865
10 0.155147 0.454638 0.006882 0.004775
9 0.447786 0.454184 0.010473 0.022055
10 0.562986 0.445543 0.008677 0.002956
7 0.673698 0.321623 0.012268 0.014325
8 0.612358 0.319122 0.011670 0.009322
6 0.634800 0.320487 0.011071 0.019327
6 0.265560 0.320259 0.011071 0.018872
8 0.674297 0.258413 0.012268 0.008868
7 0.612657 0.259095 0.012268 0.010232
8 0.298474 0.258186 0.012268 0.008413
6 0.635099 0.259322 0.010473 0.020691
6 0.264662 0.258640 0.011670 0.019327
10 0.692849 0.208390 0.007481 0.003411
9 0.513016 0.209982 0.011670 0.032970
9 0.480102 0.212938 0.008079 0.027058
9 0.575853 0.210437 0.009276 0.035698
9 0.366697 0.210664 0.011071 0.036153
9 0.801167 0.207253 0.008677 0.030241
10 0.786206 0.205889 0.007481 0.004775
10 0.744913 0.205889 0.008677 0.004775
9 0.223369 0.210891 0.010473 0.037517
9 0.206314 0.210891 0.011071 0.037517
9 0.853830 0.207708 0.008677 0.032060
10 0.594704 0.205434 0.007481 0.004775
9 0.557301 0.208618 0.010473 0.033879
9 0.466038 0.208845 0.011071 0.034334
10 0.292490 0.188154 0.006284 0.002046
10 0.276032 0.187017 0.010473 0.004320
9 0.754189 0.199636 0.010473 0.029104
10 0.890335 0.184743 0.006284 0.004320
10 0.317624 0.150182 0.006284 0.003411
9 0.654548 0.143020 0.008677 0.018645
10 0.153052 0.139040 0.008677 0.005684
6 0.834680 0.139950 0.009874 0.017508
7 0.802065 0.139495 0.011670 0.013870
6 0.450180 0.139040 0.010473 0.019327
6 0.400808 0.137904 0.009874 0.018872
10 0.412178 0.092883 0.006284 0.004320
8 0.154249 0.075603 0.008677 0.020691
7 0.634500 0.079013 0.012867 0.008413
8 0.266158 0.079013 0.012268 0.007503
7 0.205715 0.078331 0.008677 0.007958
7 0.612358 0.080377 0.012867 0.013870
6 0.226661 0.080377 0.009874 0.017508
6 0.366996 0.079695 0.010473 0.018872
6 0.745811 0.078558 0.010473 0.019327
12 0.507780 0.958504 0.008977 0.006594
12 0.484740 0.958504 0.008977 0.006594
11 0.789497 0.951683 0.009276 0.006594
11 0.750898 0.951569 0.008677 0.006367
12 0.604428 0.950432 0.008977 0.005912
11 0.180730 0.950887 0.008977 0.006821
13 0.077199 0.951342 0.005984 0.007731
11 0.564034 0.950205 0.009575 0.006367
17 0.219479 0.950318 0.009874 0.006594
11 0.406942 0.949750 0.008977 0.006367
12 0.316577 0.949864 0.010174 0.006594
12 0.295033 0.949864 0.010174 0.006594
11 0.366397 0.949409 0.009276 0.006594
18 0.809246 0.943724 0.008079 0.005230
12 0.896619 0.932697 0.009276 0.005912
13 0.708707 0.931901 0.009276 0.006139
12 0.450479 0.886312 0.009874 0.006821
12 0.468582 0.884266 0.008977 0.005457
13 0.510024 0.884152 0.009276 0.006139
12 0.429982 0.883697 0.007780 0.006139
17 0.221873 0.882674 0.009874 0.007731
12 0.564782 0.881537 0.009874 0.006367
12 0.487133 0.881537 0.010174 0.006367
11 0.368492 0.881082 0.008677 0.006367
13 0.534111 0.878922 0.008977 0.005684
11 0.873878 0.874602 0.009276 0.006139
11 0.751496 0.874716 0.009874 0.006367
12 0.708707 0.874034 0.009276 0.005912
12 0.691652 0.874375 0.009874 0.006594
12 0.667415 0.874034 0.009276 0.005912
12 0.205566 0.874261 0.009575 0.006367
17 0.791442 0.874147 0.010174 0.007049
12 0.649013 0.873920 0.008977 0.006594
12 0.628665 0.873806 0.009575 0.006367
13 0.605326 0.873920 0.009575 0.006594
12 0.586924 0.873579 0.009874 0.006821
12 0.184022 0.868690 0.009575 0.007049
12 0.368492 0.831514 0.009874 0.006367
12 0.511969 0.828558 0.009575 0.005912
12 0.511969 0.834470 0.009575 0.005912
12 0.319120 0.828104 0.009874 0.005912
12 0.319120 0.834015 0.009874 0.005912
11 0.182226 0.826967 0.008977 0.005457
11 0.182226 0.832424 0.008977 0.005457
12 0.565679 0.826512 0.009276 0.005457
12 0.565679 0.831969 0.009276 0.005457
18 0.486984 0.826171 0.008079 0.005684
12 0.486984 0.831855 0.008079 0.005684
12 0.469479 0.832083 0.009575 0.006139
12 0.469479 0.825944 0.009575 0.006139
12 0.450928 0.825830 0.009575 0.005912
12 0.450928 0.831742 0.009575 0.005912
12 0.432077 0.831742 0.008977 0.005912
12 0.432077 0.825830 0.008977 0.005912
12 0.409785 0.831628 0.009874 0.006139
12 0.409785 0.825489 0.009874 0.006139
12 0.391083 0.831628 0.009575 0.006139
11 0.391083 0.825489 0.009575 0.006139
18 0.297726 0.825603 0.009575 0.006367
12 0.297726 0.831969 0.009575 0.006367
12 0.818522 0.825148 0.008677 0.006367
12 0.810293 0.822533 0.008977 0.005684
12 0.278725 0.829127 0.009874 0.005684
12 0.278725 0.823442 0.009874 0.005684
12 0.874925 0.822419 0.008977 0.005457
12 0.874925 0.827876 0.008977 0.005457
12 0.854279 0.827876 0.009575 0.005457
12 0.854279 0.822419 0.009575 0.005457
12 0.837223 0.822419 0.009575 0.005457
12 0.837223 0.827876 0.009575 0.005457
12 0.791143 0.827535 0.008977 0.005230
12 0.791143 0.822306 0.008977 0.005230
12 0.774087 0.827876 0.009575 0.005457
12 0.774087 0.822419 0.009575 0.005457
12 0.752843 0.822647 0.008977 0.005912
12 0.752843 0.828558 0.008977 0.005912
12 0.649312 0.822306 0.007780 0.005230
18 0.649312 0.827535 0.007780 0.005230
12 0.204817 0.822192 0.008677 0.005002
12 0.204817 0.827194 0.008677 0.005002
11 0.204817 0.832196 0.008677 0.005002
12 0.668013 0.821510 0.009276 0.005457
12 0.668013 0.826967 0.009276 0.005457
12 0.630610 0.827649 0.008677 0.005912
12 0.630610 0.821737 0.008677 0.005912
12 0.606822 0.827308 0.009575 0.005684
12 0.606822 0.821623 0.009575 0.005684
12 0.587672 0.821396 0.008977 0.005230
12 0.587672 0.826626 0.008977 0.005230
12 0.259725 0.820714 0.008977 0.005684
12 0.259725 0.826398 0.008977 0.005684
18 0.238779 0.820714 0.008977 0.005684
12 0.238779 0.826398 0.008977 0.005684
18 0.238779 0.832083 0.008977 0.005684
12 0.220975 0.820714 0.009276 0.005684
12 0.220975 0.826398 0.009276 0.005684
12 0.220975 0.832083 0.009276 0.005684
12 0.899013 0.819463 0.009276 0.005912
12 0.899013 0.825375 0.009276 0.005912
12 0.710353 0.819009 0.008977 0.005912
12 0.710353 0.824920 0.008977 0.005912
12 0.691951 0.819009 0.009276 0.005912
12 0.691951 0.824920 0.009276 0.005912
12 0.836176 0.770578 0.009276 0.006367
12 0.259126 0.770123 0.009575 0.006367
18 0.153052 0.768531 0.006284 0.004093
13 0.896619 0.768190 0.009276 0.006139
12 0.854728 0.767963 0.009276 0.005684
12 0.809096 0.767622 0.007181 0.005912
12 0.240126 0.767167 0.009276 0.005912
13 0.318971 0.766826 0.008378 0.006139
12 0.277977 0.766940 0.009575 0.006367
12 0.874626 0.765234 0.009575 0.006594
11 0.753591 0.765121 0.009276 0.006367
18 0.182376 0.765348 0.009874 0.006821
12 0.295931 0.764779 0.009575 0.006594
11 0.368791 0.763984 0.009276 0.006821
13 0.910383 0.762733 0.008079 0.006139
12 0.707810 0.762392 0.008079 0.005457
13 0.334381 0.761141 0.008677 0.006594
12 0.692101 0.759663 0.008977 0.006367
17 0.608468 0.759891 0.009874 0.007731
11 0.875823 0.701910 0.009575 0.006367
17 0.792639 0.702592 0.010174 0.007731
11 0.182077 0.702024 0.009874 0.006594
12 0.296529 0.701342 0.009575 0.006139
11 0.367445 0.700887 0.008977 0.006139
12 0.321813 0.698613 0.009874 0.006139
12 0.774237 0.694748 0.009874 0.007503
12 0.649611 0.693838 0.009575 0.006594
12 0.487283 0.693952 0.009276 0.007731
13 0.709455 0.691451 0.008378 0.006367
12 0.668462 0.691792 0.008977 0.007049
12 0.629264 0.691564 0.009575 0.006594
12 0.511221 0.691110 0.009276 0.006594
12 0.753291 0.688836 0.009874 0.007503
11 0.565679 0.688154 0.009276 0.007049
12 0.691652 0.687813 0.009874 0.007276
13 0.725015 0.685425 0.009575 0.007049
17 0.875823 0.649159 0.009575 0.006367
11 0.701676 0.632219 0.008977 0.006139
18 0.152902 0.636653 0.008977 0.005912
18 0.152902 0.630741 0.008977 0.005912
17 0.183573 0.630286 0.009874 0.006821
17 0.766008 0.629604 0.010174 0.007276
11 0.342460 0.628467 0.009276 0.006821
17 0.251496 0.628581 0.010473 0.007049
11 0.482196 0.626307 0.008677 0.006139
11 0.423399 0.626080 0.008977 0.005684
17 0.362208 0.625739 0.010473 0.006821
11 0.563435 0.623920 0.009575 0.006821
17 0.501047 0.623465 0.009874 0.006821
13 0.621783 0.623579 0.010174 0.007958
11 0.668761 0.621533 0.008977 0.006594
11 0.703321 0.596862 0.009276 0.006367
12 0.764811 0.594588 0.008977 0.006367
11 0.184022 0.595043 0.010772 0.007276
11 0.340215 0.593565 0.008378 0.006139
17 0.251945 0.593906 0.010174 0.006821
12 0.172352 0.592769 0.005984 0.004548
11 0.481747 0.591291 0.009575 0.006139
11 0.424596 0.591291 0.009575 0.006139
17 0.361759 0.591178 0.010174 0.006821
17 0.620586 0.588563 0.009575 0.006139
11 0.563734 0.588563 0.008977 0.006139
17 0.500000 0.588108 0.009575 0.007049
11 0.668163 0.586062 0.009575 0.006594
12 0.780670 0.585948 0.009575 0.006821
12 0.798923 0.580491 0.010174 0.006367
12 0.153800 0.576626 0.005984 0.005002
12 0.815081 0.575148 0.010174 0.006594
12 0.834081 0.566849 0.009276 0.006367
13 0.895272 0.565030 0.008977 0.006367
12 0.852783 0.564234 0.008977 0.006594
12 0.877020 0.561505 0.009575 0.007503
13 0.909186 0.558777 0.009276 0.006594
11 0.250898 0.525807 0.006882 0.004775
11 0.252244 0.519441 0.009575 0.005684
12 0.252244 0.513756 0.009575 0.005684
17 0.780521 0.525580 0.009276 0.005684
12 0.780820 0.511482 0.008677 0.005684
12 0.780820 0.517167 0.008677 0.005684
12 0.764512 0.525807 0.008378 0.006139
12 0.764662 0.511482 0.008677 0.005684
11 0.764662 0.517167 0.008677 0.005684
12 0.814782 0.525466 0.008977 0.006367
12 0.814782 0.511482 0.009575 0.005684
11 0.814782 0.517167 0.009575 0.005684
12 0.798624 0.525239 0.008378 0.005912
12 0.798175 0.511710 0.008677 0.005230
12 0.798175 0.516940 0.008677 0.005230
12 0.304458 0.525693 0.009874 0.005912
12 0.304458 0.519782 0.009874 0.005912
12 0.304309 0.511482 0.009575 0.006594
12 0.545332 0.520009 0.008079 0.006821
12 0.545931 0.509550 0.009276 0.007276
12 0.285757 0.519100 0.009575 0.005912
12 0.285757 0.525011 0.009575 0.005912
12 0.285607 0.512278 0.009276 0.006367
13 0.897516 0.519327 0.009874 0.006821
12 0.441352 0.517508 0.008378 0.005912
12 0.441352 0.523420 0.008378 0.005912
12 0.440604 0.509322 0.009276 0.006821
12 0.424297 0.517394 0.008977 0.005684
11 0.424297 0.523079 0.008977 0.005684
12 0.423848 0.509550 0.009276 0.006367
12 0.874626 0.517053 0.009575 0.005912
12 0.701526 0.528877 0.009874 0.005912
12 0.701526 0.517053 0.009874 0.005912
12 0.701526 0.522965 0.009874 0.005912
12 0.232196 0.516598 0.008977 0.005002
12 0.232196 0.521601 0.008977 0.005002
12 0.216637 0.516826 0.008977 0.005457
12 0.216637 0.522283 0.008977 0.005457
12 0.200030 0.516598 0.008677 0.005002
12 0.200030 0.521601 0.008677 0.005002
12 0.183573 0.516712 0.008677 0.005230
12 0.183573 0.521942 0.008677 0.005230
12 0.580940 0.514552 0.009276 0.005457
12 0.580042 0.506708 0.007481 0.006139
12 0.580940 0.520009 0.009276 0.005457
12 0.719629 0.514325 0.009575 0.005912
12 0.720826 0.522624 0.010772 0.006139
11 0.720826 0.528763 0.010772 0.006139
13 0.909934 0.514097 0.009575 0.006367
12 0.849491 0.514097 0.009575 0.006367
12 0.857870 0.516598 0.009575 0.006367
12 0.268402 0.513756 0.008378 0.005684
12 0.268402 0.519441 0.008378 0.005684
12 0.268402 0.525125 0.008378 0.005684
12 0.684770 0.511937 0.009276 0.005684
12 0.684770 0.517622 0.009276 0.005684
12 0.684770 0.525921 0.009874 0.006367
12 0.407391 0.511937 0.008677 0.005684
12 0.407391 0.517622 0.008677 0.005684
12 0.407391 0.523306 0.008677 0.005684
12 0.391083 0.511824 0.008378 0.005457
12 0.391083 0.517281 0.008378 0.005457
11 0.391083 0.522738 0.008378 0.005457
12 0.833932 0.511482 0.009575 0.005684
12 0.833932 0.517167 0.009575 0.005684
17 0.343208 0.511369 0.010772 0.005457
17 0.343208 0.516826 0.010772 0.005457
17 0.343208 0.522283 0.010772 0.005457
12 0.347546 0.497499 0.011071 0.007731
12 0.527828 0.520123 0.008378 0.005684
12 0.527828 0.508754 0.008378 0.005684
12 0.527828 0.514438 0.008378 0.005684
12 0.482795 0.508640 0.009874 0.005457
12 0.482795 0.514097 0.009874 0.005457
12 0.482795 0.519554 0.009874 0.005457
12 0.489378 0.495794 0.007481 0.004775
12 0.668013 0.506821 0.009276 0.005457
12 0.668013 0.512278 0.009276 0.005457
12 0.668013 0.517735 0.009276 0.005457
12 0.563435 0.506821 0.008378 0.006367
12 0.563585 0.514666 0.008677 0.005684
12 0.563585 0.520350 0.008677 0.005684
17 0.620886 0.506253 0.010772 0.006139
17 0.834979 0.463392 0.009276 0.006821
12 0.702873 0.461460 0.008977 0.006594
12 0.251795 0.457822 0.008677 0.005684
17 0.766008 0.456799 0.010174 0.007276
13 0.734141 0.456003 0.009874 0.006594
12 0.684919 0.455775 0.009575 0.007049
12 0.392130 0.455548 0.009276 0.006594
13 0.303262 0.455548 0.009874 0.006594
12 0.232047 0.455434 0.009874 0.006367
12 0.269150 0.455093 0.009874 0.006594
12 0.528576 0.453047 0.009276 0.006139
12 0.407391 0.453161 0.009874 0.006367
13 0.442101 0.452819 0.009276 0.006594
12 0.374327 0.452592 0.009575 0.006139
12 0.286206 0.452592 0.009276 0.006139
11 0.184620 0.452592 0.009575 0.006139
12 0.546230 0.450887 0.009874 0.006367
12 0.668761 0.450773 0.009575 0.007049
13 0.581239 0.450659 0.009276 0.006821
12 0.512867 0.450546 0.009575 0.006594
12 0.424446 0.450546 0.009276 0.006594
17 0.342609 0.450432 0.009575 0.006367
13 0.319270 0.450091 0.009575 0.006594
12 0.652154 0.448045 0.008677 0.006139
12 0.563285 0.448045 0.008079 0.006139
11 0.482196 0.447931 0.008677 0.005912
13 0.455715 0.447704 0.008378 0.005457
11 0.620886 0.445543 0.009575 0.006594
13 0.593806 0.445430 0.008677 0.006367
11 0.798773 0.391542 0.009874 0.006821
17 0.835278 0.385516 0.011071 0.007503
12 0.721125 0.383583 0.008977 0.006367
11 0.183423 0.383583 0.009575 0.006367
11 0.287253 0.381082 0.008977 0.006821
11 0.764213 0.378467 0.008977 0.007049
12 0.702723 0.378467 0.009276 0.007049
11 0.425793 0.378695 0.009575 0.007503
11 0.342310 0.378126 0.008977 0.007276
11 0.483543 0.376307 0.008977 0.006367
11 0.620886 0.376194 0.009575 0.007049
11 0.563435 0.375625 0.009575 0.006821
17 0.217534 0.375853 0.010772 0.007276
12 0.686565 0.373352 0.009276 0.007731
17 0.363106 0.371760 0.009874 0.008186
17 0.500748 0.369714 0.009874 0.007731
11 0.639138 0.367781 0.008977 0.007503
17 0.692101 0.327308 0.009575 0.006594
11 0.316278 0.327194 0.009575 0.006367
12 0.449731 0.324920 0.009575 0.006367
12 0.834231 0.324352 0.008977 0.006139
12 0.802364 0.321623 0.009874 0.006139
13 0.503142 0.321737 0.009276 0.006367
12 0.465440 0.321737 0.009874 0.006367
13 0.892430 0.321396 0.009276 0.006594
12 0.853980 0.321396 0.008977 0.006594
12 0.418612 0.321623 0.010174 0.007049
11 0.744464 0.319009 0.008977 0.005457
12 0.484590 0.319350 0.008677 0.006139
12 0.873130 0.318895 0.008378 0.006139
11 0.555506 0.319009 0.009276 0.006367
11 0.366697 0.319009 0.009874 0.006367
17 0.183573 0.318440 0.009874 0.007049
13 0.906792 0.316280 0.009276 0.006367
13 0.518402 0.316280 0.010473 0.006367
12 0.835577 0.283879 0.009874 0.006139
12 0.449282 0.283652 0.009874 0.006594
13 0.502992 0.280809 0.009575 0.007276
12 0.466637 0.280468 0.009874 0.007503
13 0.891831 0.280014 0.009276 0.007503
12 0.419509 0.280014 0.009575 0.007503
12 0.854428 0.279332 0.009874 0.007049
12 0.802214 0.279786 0.009575 0.007958
11 0.366397 0.278536 0.010473 0.007276
11 0.745512 0.277740 0.009874 0.006594
11 0.556703 0.277399 0.009276 0.006821
12 0.485039 0.277399 0.009575 0.006821
11 0.182974 0.277740 0.011071 0.007503
12 0.873878 0.276944 0.009276 0.006821
13 0.906643 0.274898 0.008977 0.006367
12 0.519150 0.274557 0.009575 0.006594
12 0.692400 0.266485 0.008977 0.005912
11 0.317325 0.266371 0.009276 0.006594
12 0.654698 0.209300 0.006583 0.003411
12 0.182974 0.215553 0.008677 0.005457
12 0.182675 0.203274 0.009276 0.005912
12 0.182974 0.210095 0.008677 0.005457
12 0.557002 0.209982 0.007481 0.005684
12 0.557002 0.215666 0.007481 0.005684
12 0.557600 0.202819 0.008677 0.005912
12 0.513016 0.205207 0.007481 0.006139
12 0.513016 0.211346 0.007481 0.006139
12 0.504638 0.203161 0.009276 0.005684
12 0.892579 0.203502 0.009575 0.006367
12 0.900060 0.211687 0.009575 0.006367
12 0.874327 0.208845 0.008977 0.005684
12 0.874327 0.203161 0.008977 0.005684
12 0.803112 0.203047 0.008977 0.005457
12 0.803112 0.208504 0.008977 0.005457
12 0.766008 0.203047 0.008977 0.005457
12 0.766008 0.208504 0.008977 0.005457
12 0.746260 0.203047 0.008977 0.005457
12 0.746260 0.208504 0.008977 0.005457
12 0.692699 0.211460 0.009575 0.006367
13 0.700778 0.203502 0.009575 0.006367
12 0.675344 0.203161 0.008977 0.005684
12 0.675344 0.208845 0.008977 0.005684
12 0.635548 0.203047 0.007780 0.005457
12 0.635548 0.208504 0.007780 0.005457
12 0.613854 0.203047 0.008677 0.005457
12 0.613854 0.208504 0.008677 0.005457
12 0.485937 0.203047 0.008977 0.005457
12 0.485937 0.208504 0.008977 0.005457
11 0.450030 0.208504 0.008977 0.005457
12 0.450030 0.203047 0.008977 0.005457
12 0.420706 0.203274 0.008977 0.005912
12 0.386744 0.203161 0.008079 0.005684
11 0.386744 0.208845 0.008079 0.005684
11 0.367145 0.215098 0.008977 0.005912
12 0.367145 0.203274 0.008977 0.005912
12 0.367145 0.209186 0.008977 0.005912
12 0.316577 0.203502 0.009575 0.006367
11 0.324955 0.211460 0.009575 0.006367
12 0.297876 0.209186 0.009276 0.005912
12 0.297876 0.203274 0.009276 0.005912
11 0.297876 0.215098 0.009276 0.005912
12 0.282466 0.203274 0.008977 0.005912
12 0.282466 0.209186 0.008977 0.005912
11 0.282466 0.215098 0.008977 0.005912
12 0.263914 0.208845 0.008977 0.005684
12 0.263914 0.203161 0.008977 0.005684
12 0.263914 0.214529 0.008977 0.005684
11 0.240425 0.215098 0.008677 0.005912
12 0.240425 0.203274 0.008677 0.005912
12 0.240425 0.209186 0.008677 0.005912
12 0.223968 0.203161 0.009276 0.005684
12 0.223968 0.208845 0.009276 0.005684
12 0.224117 0.215325 0.006583 0.003638
12 0.206613 0.213961 0.009276 0.005457
12 0.206613 0.203047 0.009276 0.005457
12 0.206613 0.208504 0.009276 0.005457
12 0.855326 0.202706 0.008079 0.005684
12 0.855326 0.208390 0.008079 0.005684
12 0.834530 0.202819 0.009575 0.005912
12 0.834530 0.208731 0.009575 0.005912
12 0.785458 0.202706 0.009575 0.005684
12 0.785458 0.208390 0.009575 0.005684
12 0.594105 0.208390 0.009874 0.005684
12 0.594105 0.202706 0.009874 0.005684
12 0.577050 0.202706 0.009276 0.005684
12 0.577050 0.208390 0.009276 0.005684
18 0.466487 0.202706 0.009575 0.005684
12 0.466487 0.208390 0.009575 0.005684
11 0.403651 0.203047 0.009575 0.006367
12 0.873878 0.159618 0.009276 0.007731
11 0.485637 0.159277 0.009575 0.007049
12 0.634351 0.151319 0.008977 0.006594
12 0.264512 0.151432 0.008977 0.006821
13 0.692699 0.148590 0.008977 0.005684
12 0.611909 0.148477 0.008977 0.005457
13 0.315380 0.148590 0.008977 0.005684
12 0.281418 0.148590 0.009276 0.005684
12 0.241472 0.148590 0.009575 0.005684
12 0.654548 0.148249 0.008677 0.005912
11 0.182226 0.146203 0.009575 0.006367
11 0.745961 0.145862 0.009575 0.006594
12 0.674596 0.145862 0.009276 0.006594
11 0.367145 0.145862 0.009575 0.006594
12 0.297277 0.145862 0.009874 0.006594
11 0.556104 0.145634 0.009874 0.007049
13 0.333184 0.143133 0.009276 0.005684
13 0.708408 0.143133 0.009874 0.006594
12 0.907241 0.137904 0.008977 0.006139
13 0.907989 0.127103 0.006882 0.004548
12 0.183273 0.100500 0.009276 0.007731
18 0.152902 0.079695 0.005386 0.003411
13 0.153351 0.073670 0.006882 0.005002
12 0.400958 0.080719 0.008977 0.006367
12 0.785009 0.080377 0.009874 0.006594
11 0.556254 0.067190 0.009575 0.006594
12 0.502992 0.064916 0.010772 0.006594
12 0.892130 0.064461 0.009874 0.006594
11 0.451077 0.062187 0.009276 0.007503
13 0.432974 0.062074 0.009575 0.007276
13 0.816727 0.061619 0.009874 0.007276
11 0.835428 0.060937 0.010174 0.007731
4 0.104877 0.393020 0.022442 0.033424
0 0.104877 0.200432 0.022442 0.024784
0 0.102184 0.829582 0.023040 0.025239
1 0.105177 0.451000 0.021843 0.034789
0 0.104877 0.513302 0.022442 0.023874
2 0.104578 0.319577 0.014662 0.019327
4 0.103980 0.077876 0.021843 0.033424
4 0.884949 0.518304 0.009874 0.014779
4 0.152454 0.315939 0.009874 0.014779
3 0.524387 0.879377 0.006882 0.015689
4 0.610862 0.624488 0.009874 0.017053
2 0.101287 0.259777 0.017654 0.020691
2 0.104578 0.578104 0.015859 0.019782
4 0.171005 0.631082 0.009874 0.016598
5 0.170407 0.597431 0.008677 0.012960
1 0.102484 0.712710 0.022442 0.042519
2 0.104578 0.886653 0.013465 0.018417
1 0.101885 0.770464 0.022442 0.042519
2 0.101586 0.945316 0.018253 0.020236
4 0.501047 0.834357 0.009276 0.015689
2 0.104877 0.631310 0.012867 0.018872
4 0.128516 0.504889 0.009874 0.014325
4 0.153800 0.580719 0.008378 0.013643
0 0.144823 0.568668 0.008378 0.013188
4 0.126870 0.626421 0.009575 0.014097
4 0.144225 0.622556 0.008378 0.013643
4 0.137044 0.080036 0.008378 0.013643
4 0.128366 0.070259 0.008977 0.014097
4 0.144823 0.066166 0.008378 0.015007
4 0.153501 0.391087 0.008977 0.016371
4 0.127169 0.385857 0.008977 0.015007
4 0.154997 0.448613 0.008378 0.014097
4 0.152603 0.826739 0.009575 0.014552
4 0.134051 0.711687 0.008378 0.013643
4 0.152603 0.261482 0.008378 0.014552
4 0.144225 0.252387 0.008378 0.016371
4 0.154698 0.511596 0.008977 0.016371
4 0.137343 0.451342 0.008977 0.014097
4 0.128665 0.442701 0.008378 0.014097
4 0.152603 0.197135 0.009575 0.014097
4 0.145123 0.188040 0.007780 0.012278
4 0.142729 0.756935 0.008977 0.015007
4 0.152005 0.887676 0.009575 0.014552
4 0.143028 0.878126 0.008378 0.014552
4 0.135847 0.138472 0.008378 0.015007
4 0.127469 0.130514 0.008378 0.012733
4 0.134949 0.318781 0.007780 0.016371
0 0.142729 0.305593 0.010174 0.014552
4 0.135248 0.262847 0.008378 0.014552
4 0.127169 0.256025 0.008977 0.015462
4 0.128815 0.574011 0.009874 0.014779
5 0.135248 0.580832 0.009575 0.014779
4 0.124626 0.941451 0.009874 0.014779
5 0.132855 0.946226 0.009575 0.014779
4 0.143178 0.936903 0.009874 0.014779
4 0.152005 0.945771 0.009575 0.014779
4 0.142879 0.381651 0.009874 0.014779
4 0.134800 0.394839 0.009874 0.014779
4 0.144674 0.127217 0.009874 0.014779
3 0.153202 0.130400 0.009575 0.014779
4 0.125823 0.821851 0.009874 0.014779
4 0.134500 0.830264 0.009874 0.014779
4 0.143028 0.820032 0.009575 0.014779
4 0.097696 0.141087 0.009874 0.014779
4 0.106523 0.136312 0.009575 0.014779
4 0.137792 0.513756 0.009874 0.014779
4 0.146020 0.502615 0.009575 0.014779
4 0.125823 0.759777 0.009874 0.014779
4 0.134051 0.767963 0.009575 0.014779
3 0.678636 0.817303 0.009575 0.014779