7 0.723818 0.945998 0.011969 0.015689
6 0.187014 0.900523 0.009575 0.018417
10 0.476361 0.892224 0.010174 0.003183
10 0.149910 0.867894 0.010772 0.003638
10 0.615200 0.867440 0.006583 0.003638
10 0.761221 0.847658 0.007780 0.002274
10 0.783363 0.801728 0.006583 0.003183
10 0.761520 0.801501 0.005984 0.003638
8 0.371335 0.795816 0.005984 0.016826
10 0.271394 0.784675 0.011969 0.001819
10 0.486834 0.783765 0.011969 0.001819
10 0.412029 0.781378 0.009575 0.001592
10 0.475165 0.748295 0.007780 0.002729
10 0.215440 0.743747 0.007780 0.002729
6 0.763315 0.749090 0.007181 0.021146
9 0.615799 0.746817 0.012567 0.021146
10 0.615500 0.713279 0.005984 0.004548
9 0.741771 0.710209 0.004788 0.038881
10 0.637343 0.696226 0.007780 0.003183
9 0.385996 0.696680 0.005386 0.022738
9 0.189707 0.694861 0.010174 0.028195
10 0.251945 0.651432 0.006583 0.002729
6 0.191203 0.644725 0.009575 0.017963
6 0.887193 0.643815 0.009575 0.017963
6 0.696589 0.643361 0.008977 0.017963
6 0.596649 0.643133 0.008977 0.017508
6 0.493716 0.643361 0.008977 0.017963
6 0.396469 0.643133 0.009575 0.017508
6 0.293537 0.643133 0.009575 0.018417
6 0.792639 0.643133 0.009575 0.018417
7 0.355177 0.553547 0.011969 0.012960
7 0.253441 0.553774 0.011969 0.013415
7 0.153202 0.554002 0.012567 0.013870
9 0.653800 0.537403 0.004788 0.034334
7 0.658588 0.489654 0.011969 0.012506
8 0.560144 0.487381 0.011370 0.007958
7 0.751346 0.489654 0.011969 0.013415
7 0.455117 0.487381 0.011969 0.008868
8 0.357570 0.487153 0.011969 0.008413
7 0.254937 0.489654 0.012567 0.013415
7 0.152005 0.489654 0.012567 0.013415
9 0.519150 0.491473 0.007181 0.042519
10 0.621185 0.439973 0.006583 0.004548
10 0.419808 0.439063 0.007181 0.002729
10 0.299222 0.416098 0.006583 0.004093
10 0.494315 0.414052 0.006583 0.004548
7 0.704369 0.395748 0.012567 0.017053
10 0.253740 0.397908 0.006583 0.002274
7 0.658588 0.398477 0.011969 0.012960
7 0.558947 0.398477 0.011370 0.012960
7 0.752843 0.398249 0.012567 0.013415
8 0.876421 0.329354 0.013166 0.006594
8 0.668163 0.329354 0.008378 0.007503
10 0.561640 0.328786 0.011969 0.005002
8 0.452124 0.328217 0.011969 0.007049
8 0.357570 0.328217 0.009575 0.007958
8 0.271394 0.328217 0.011969 0.007958
8 0.182226 0.327990 0.011969 0.007503
9 0.909336 0.236698 0.005984 0.021373
9 0.461101 0.231355 0.004788 0.030696
9 0.697786 0.222033 0.005386 0.023874
9 0.765410 0.192474 0.008977 0.022055
9 0.243866 0.189291 0.009575 0.022055
10 0.810592 0.164961 0.008378 0.002501
10 0.297726 0.162574 0.007181 0.004548
10 0.479653 0.161210 0.009575 0.002729
9 0.740874 0.136767 0.010174 0.029786
9 0.339318 0.129945 0.008977 0.021601
9 0.106224 0.122783 0.005984 0.025921
8 0.637642 0.116189 0.009575 0.018190
10 0.197187 0.110960 0.016756 0.002274
10 0.694494 0.109823 0.008378 0.001819
10 0.893776 0.104366 0.005984 0.001819
10 0.874028 0.103456 0.007181 0.001819
10 0.465290 0.105048 0.008977 0.002729
9 0.848294 0.077080 0.004788 0.021373
9 0.781867 0.078558 0.009575 0.025239
8 0.667265 0.069236 0.012567 0.007503
8 0.558348 0.069691 0.010174 0.009322
8 0.453321 0.069009 0.010772 0.007958
8 0.358468 0.068099 0.008977 0.007958
6 0.740575 0.071737 0.009575 0.016144
9 0.893776 0.071623 0.009575 0.022283
9 0.911430 0.069350 0.005386 0.025011
15 0.076900 0.954297 0.003591 0.004093
16 0.077050 0.822078 0.005087 0.004320
11 0.151257 0.951910 0.009874 0.006139
11 0.674895 0.951228 0.009874 0.006594
11 0.633303 0.951000 0.009276 0.006139
11 0.566577 0.951114 0.009874 0.006367
11 0.214243 0.951228 0.009575 0.006594
11 0.849342 0.950773 0.010473 0.006594
11 0.761071 0.950659 0.009874 0.006367
11 0.418761 0.950773 0.009874 0.006594
12 0.349192 0.951000 0.009575 0.007049
17 0.256583 0.951000 0.009874 0.007049
17 0.474417 0.950887 0.011071 0.007276
11 0.149312 0.908140 0.009575 0.005912
11 0.889886 0.901432 0.010174 0.006139
17 0.798175 0.901546 0.009874 0.006367
17 0.707211 0.901774 0.009874 0.006821
12 0.608019 0.901887 0.009575 0.007049
11 0.759725 0.899159 0.009575 0.005230
12 0.636445 0.899386 0.009575 0.005684
11 0.849791 0.898931 0.007780 0.005684
11 0.676092 0.899159 0.009874 0.006139
11 0.511969 0.896544 0.009575 0.006367
12 0.385996 0.896771 0.008977 0.006821
11 0.567475 0.896430 0.010473 0.007049
11 0.475464 0.894497 0.008977 0.005002
12 0.420407 0.894384 0.008378 0.005684
12 0.067175 0.893702 0.004488 0.005230
12 0.352035 0.888927 0.009874 0.006594
11 0.257481 0.879377 0.009276 0.007503
18 0.290844 0.876876 0.008977 0.006139
11 0.292938 0.832765 0.009575 0.006139
18 0.313136 0.872783 0.005685 0.004320
18 0.406643 0.865052 0.011969 0.004320
11 0.890784 0.852547 0.010174 0.005684
11 0.798923 0.852660 0.010772 0.006821
11 0.709455 0.852433 0.010174 0.006367
12 0.607870 0.852547 0.009874 0.006594
12 0.387642 0.852547 0.011071 0.006594
11 0.850688 0.849818 0.008977 0.005684
11 0.760922 0.849818 0.007780 0.005684
11 0.675643 0.850045 0.007780 0.006139
12 0.636146 0.849932 0.008977 0.005912
11 0.475015 0.847431 0.009874 0.006367
12 0.422651 0.847317 0.010473 0.007049
11 0.350539 0.845498 0.008677 0.006139
11 0.568971 0.845043 0.009874 0.006139
11 0.513615 0.844816 0.009276 0.006594
12 0.215889 0.835948 0.008677 0.007049
12 0.189707 0.835948 0.008977 0.007049
11 0.255984 0.834811 0.009874 0.006594
18 0.151855 0.827535 0.008677 0.006594
12 0.170856 0.801387 0.008378 0.005230
12 0.294285 0.801160 0.008677 0.005684
12 0.258528 0.801160 0.008977 0.005684
12 0.216487 0.801273 0.008677 0.005912
12 0.189557 0.801046 0.008677 0.005457
12 0.276032 0.800705 0.009276 0.005684
11 0.874776 0.800364 0.009874 0.005912
11 0.850090 0.800250 0.009575 0.005684
12 0.760772 0.800023 0.009276 0.005230
11 0.695093 0.800364 0.009575 0.005912
12 0.635996 0.800364 0.009874 0.005912
12 0.608618 0.800364 0.009575 0.005912
12 0.588270 0.800364 0.009575 0.005912
12 0.569868 0.799909 0.009276 0.005002
12 0.532615 0.800023 0.007780 0.005230
12 0.513914 0.800136 0.008677 0.005457
12 0.495063 0.800023 0.009276 0.005230
12 0.473668 0.800023 0.008977 0.005230
12 0.421005 0.800477 0.009575 0.006139
12 0.387044 0.800250 0.008677 0.005684
12 0.370586 0.800250 0.008677 0.005684
12 0.351586 0.800477 0.009575 0.006139
12 0.312687 0.800477 0.008977 0.006139
11 0.783064 0.799682 0.009575 0.005457
18 0.675344 0.800023 0.009575 0.006139
12 0.151855 0.795589 0.009874 0.005457
12 0.151855 0.801046 0.009874 0.005457
18 0.188809 0.765462 0.007181 0.005230
11 0.852035 0.756139 0.009874 0.005684
11 0.761071 0.756139 0.009874 0.005684
11 0.676990 0.755798 0.008677 0.005002
13 0.635548 0.755684 0.010174 0.006594
11 0.890335 0.753865 0.009874 0.005684
11 0.799072 0.753297 0.010473 0.006367
11 0.707810 0.753183 0.009874 0.006139
12 0.607121 0.753297 0.009575 0.006367
17 0.616697 0.739427 0.007181 0.002729
17 0.513914 0.753183 0.009276 0.006139
11 0.475613 0.750568 0.007481 0.005457
12 0.421155 0.750682 0.009874 0.005684
11 0.293238 0.748636 0.008378 0.006139
11 0.566577 0.748408 0.008677 0.006594
11 0.350688 0.748295 0.008977 0.006367
11 0.257481 0.746135 0.008079 0.005684
12 0.215589 0.746135 0.008079 0.005684
11 0.151257 0.743633 0.009874 0.007049
18 0.179683 0.721805 0.009276 0.007958
12 0.190754 0.686107 0.008677 0.007503
18 0.837672 0.702365 0.005087 0.003183
18 0.624327 0.701342 0.004488 0.003411
12 0.636595 0.698727 0.008677 0.006367
11 0.852334 0.698272 0.009276 0.006367
11 0.761370 0.698386 0.009276 0.006594
11 0.677887 0.698386 0.009874 0.006594
11 0.709007 0.696112 0.009874 0.005684
12 0.608618 0.696112 0.009575 0.005684
11 0.892430 0.695884 0.009276 0.006139
11 0.798923 0.695884 0.009575 0.006139
11 0.514811 0.695884 0.009276 0.006139
12 0.421005 0.693383 0.008977 0.006594
11 0.474417 0.693042 0.008677 0.006821
11 0.296379 0.690996 0.009276 0.007276
12 0.389288 0.690541 0.008378 0.007276
11 0.568971 0.690427 0.008677 0.007958
12 0.216338 0.688608 0.009575 0.006139
11 0.257780 0.688381 0.008677 0.006594
18 0.352334 0.684970 0.008677 0.006139
11 0.150958 0.681332 0.009276 0.007049
11 0.848294 0.659050 0.009575 0.006139
11 0.454369 0.659050 0.009276 0.006139
18 0.354728 0.656321 0.009874 0.006139
11 0.751496 0.656094 0.009874 0.006594
11 0.656792 0.653820 0.009575 0.006594
11 0.253890 0.653365 0.009276 0.005684
11 0.558498 0.651091 0.009276 0.006594
11 0.152902 0.651091 0.009575 0.006594
18 0.161430 0.630969 0.005087 0.004548
17 0.848743 0.613574 0.010473 0.007049
17 0.455566 0.613802 0.010473 0.007503
17 0.752543 0.609709 0.007780 0.005684
11 0.355775 0.610618 0.010772 0.007503
17 0.656643 0.608572 0.010473 0.007049
17 0.256284 0.607663 0.010473 0.007049
11 0.153651 0.605844 0.009874 0.007049
17 0.560293 0.605048 0.010473 0.007276
11 0.207361 0.561278 0.004189 0.004320
13 0.214393 0.538881 0.009276 0.006821
12 0.172801 0.551501 0.008677 0.005684
12 0.276032 0.548317 0.009276 0.006594
12 0.378366 0.546498 0.009276 0.005684
12 0.518103 0.543770 0.009874 0.006594
12 0.494764 0.541382 0.008677 0.005457
12 0.473519 0.538995 0.008079 0.006139
12 0.455416 0.536153 0.009575 0.006821
12 0.315230 0.535925 0.008677 0.007276
12 0.192849 0.535812 0.009276 0.007049
12 0.617893 0.533765 0.008977 0.006594
12 0.417115 0.533538 0.010174 0.006139
13 0.295183 0.532856 0.009276 0.006594
12 0.598743 0.531833 0.008977 0.007276
12 0.719779 0.531492 0.008677 0.007503
12 0.890036 0.529559 0.009276 0.006367
12 0.399013 0.530355 0.009874 0.007958
12 0.699731 0.529445 0.009276 0.007049
11 0.559396 0.528536 0.009874 0.007049
12 0.870586 0.527399 0.009874 0.007503
12 0.909186 0.526376 0.009276 0.007276
11 0.657989 0.525352 0.008378 0.007049
18 0.848594 0.524102 0.010174 0.006367
18 0.751795 0.522851 0.011670 0.007503
12 0.811341 0.508981 0.009874 0.007049
12 0.811490 0.490337 0.009575 0.006139
11 0.516756 0.508527 0.008378 0.007049
11 0.516607 0.490109 0.009276 0.006594
13 0.417265 0.508640 0.009276 0.007276
13 0.417265 0.489882 0.008677 0.006139
11 0.473519 0.508186 0.009276 0.006821
11 0.472472 0.490109 0.008378 0.005684
11 0.379862 0.508299 0.009276 0.007503
11 0.378965 0.489995 0.009276 0.006367
11 0.773788 0.507731 0.009575 0.007276
11 0.773040 0.490337 0.011071 0.006139
11 0.580491 0.504434 0.007780 0.006139
11 0.579443 0.498295 0.008079 0.004775
11 0.172651 0.504661 0.008378 0.006594
11 0.172950 0.497840 0.006583 0.003865
11 0.677588 0.501592 0.008079 0.005002
12 0.678785 0.494202 0.005685 0.003865
13 0.315081 0.500910 0.008378 0.005002
13 0.315679 0.494202 0.007780 0.004775
12 0.717385 0.501251 0.008677 0.006139
12 0.716786 0.495111 0.007481 0.004775
11 0.275284 0.500341 0.008977 0.006594
11 0.276032 0.493861 0.006882 0.004093
12 0.618492 0.498295 0.009575 0.005684
12 0.618492 0.503979 0.009575 0.005684
11 0.214393 0.497840 0.009276 0.005684
12 0.214393 0.503524 0.009276 0.005684
17 0.851137 0.484993 0.010473 0.006367
17 0.851137 0.491360 0.010473 0.006367
13 0.618941 0.441564 0.006882 0.005002
12 0.811789 0.441678 0.007181 0.006139
12 0.418612 0.441223 0.008378 0.005230
13 0.214243 0.441451 0.008378 0.005684
17 0.659635 0.441451 0.011670 0.006594
17 0.456164 0.441451 0.010473 0.006594
17 0.255087 0.441110 0.010473 0.006821
12 0.752843 0.439177 0.009575 0.006594
12 0.559994 0.439063 0.008677 0.006367
12 0.356822 0.438495 0.009276 0.006139
11 0.152454 0.438608 0.009874 0.006367
17 0.852334 0.433720 0.010473 0.007503
12 0.077648 0.430537 0.003890 0.005230
12 0.213645 0.408254 0.008977 0.006594
12 0.212597 0.390518 0.008079 0.005684
12 0.517504 0.406662 0.007481 0.005230
12 0.517804 0.388245 0.008079 0.006594
12 0.585129 0.406435 0.012268 0.005684
12 0.581089 0.390973 0.009575 0.005684
12 0.315530 0.405298 0.007481 0.004775
12 0.315081 0.387335 0.009575 0.006594
12 0.190455 0.404957 0.006882 0.005457
12 0.189856 0.387676 0.009276 0.006367
12 0.494165 0.403706 0.008677 0.006594
12 0.493567 0.385857 0.009276 0.006367
12 0.295781 0.403251 0.009276 0.006594
12 0.295183 0.385061 0.009276 0.006594
17 0.151855 0.403251 0.008677 0.006594
12 0.151406 0.385061 0.008977 0.005684
12 0.474865 0.401205 0.010174 0.006139
12 0.472621 0.382788 0.008677 0.006594
18 0.252543 0.400750 0.006583 0.006139
13 0.455266 0.398249 0.009874 0.006594
13 0.454369 0.379604 0.008079 0.006594
12 0.358019 0.397681 0.010473 0.007276
12 0.357421 0.379832 0.010473 0.007049
12 0.679982 0.388699 0.009276 0.006594
12 0.774686 0.386198 0.009575 0.006139
12 0.252095 0.381651 0.009276 0.006139
12 0.619838 0.378467 0.008677 0.006139
12 0.719779 0.376194 0.009874 0.007049
13 0.599791 0.376421 0.010473 0.007503
12 0.812986 0.373238 0.009575 0.006594
13 0.699731 0.373238 0.010473 0.006594
13 0.792639 0.370737 0.008977 0.007049
16 0.077349 0.310027 0.004488 0.007958
17 0.853531 0.300705 0.010473 0.007049
17 0.426242 0.299795 0.011670 0.007049
11 0.744315 0.296839 0.011071 0.007503
11 0.340515 0.295930 0.011370 0.007503
17 0.637493 0.295248 0.010473 0.007049
17 0.244614 0.292974 0.011071 0.007049
11 0.534859 0.290928 0.009874 0.008413
11 0.153950 0.290018 0.011670 0.008413
12 0.067923 0.275921 0.004788 0.006139
12 0.078546 0.234993 0.004488 0.003411
12 0.077947 0.224989 0.005685 0.012506
12 0.914871 0.230787 0.009874 0.006367
12 0.895123 0.228286 0.008677 0.005912
13 0.873728 0.226353 0.010174 0.006594
11 0.636146 0.224989 0.008977 0.007503
13 0.464692 0.224534 0.008378 0.006594
11 0.243417 0.223852 0.008677 0.006139
12 0.852184 0.223624 0.010772 0.007503
11 0.782316 0.221805 0.009276 0.006594
17 0.535458 0.222260 0.011071 0.008413
17 0.153651 0.220441 0.011071 0.008413
11 0.372531 0.218508 0.008977 0.006367
11 0.744165 0.218167 0.010174 0.008413
13 0.700628 0.217030 0.008677 0.007049
11 0.427139 0.216803 0.009874 0.007503
12 0.296230 0.215780 0.008977 0.006367
11 0.339767 0.215439 0.009874 0.007503
14 0.077947 0.203502 0.005685 0.006367
13 0.079892 0.194634 0.004788 0.008640
14 0.077349 0.155753 0.004488 0.003638
11 0.743118 0.189063 0.007481 0.006594
17 0.338570 0.189291 0.011071 0.007958
11 0.338869 0.170191 0.009276 0.007958
11 0.153052 0.186789 0.008677 0.006594
12 0.766308 0.186335 0.007780 0.006594
14 0.637193 0.185653 0.008677 0.006139
12 0.533962 0.185312 0.009276 0.006821
12 0.804458 0.183606 0.009276 0.006594
11 0.245512 0.183606 0.008079 0.006594
17 0.244913 0.170191 0.010473 0.007958
11 0.182525 0.183606 0.008977 0.006594
11 0.660383 0.183038 0.008977 0.006367
11 0.557151 0.182697 0.010174 0.006594
12 0.596050 0.180537 0.008977 0.005002
11 0.279773 0.181105 0.007780 0.006139
12 0.078546 0.181787 0.006882 0.008413
13 0.102184 0.178149 0.005087 0.002956
14 0.109665 0.177012 0.004488 0.005230
12 0.492071 0.176899 0.008079 0.005912
17 0.851885 0.173602 0.009575 0.006594
17 0.852035 0.184288 0.008677 0.007049
17 0.743268 0.173261 0.011370 0.007731
12 0.420257 0.170873 0.005685 0.004775
12 0.430431 0.169850 0.010473 0.008186
14 0.077648 0.145521 0.005087 0.004093
15 0.077947 0.140632 0.005685 0.004320
11 0.785757 0.129036 0.008977 0.006594
12 0.595153 0.128695 0.009575 0.006821
13 0.702723 0.126762 0.008677 0.005684
12 0.375224 0.127103 0.007181 0.006367
11 0.851287 0.126194 0.007181 0.005457
12 0.851436 0.118349 0.009874 0.006139
11 0.742519 0.126307 0.008677 0.005684
12 0.915021 0.125853 0.006583 0.005684
13 0.574806 0.125625 0.008378 0.005230
15 0.202573 0.126080 0.008378 0.006139
14 0.077947 0.129718 0.005685 0.014325
12 0.080341 0.119941 0.004488 0.004320
15 0.077947 0.107094 0.005685 0.014552
15 0.078546 0.089814 0.006882 0.005457
15 0.078546 0.095271 0.006882 0.005457
12 0.079743 0.060141 0.009276 0.006139
15 0.182077 0.124261 0.008079 0.003865
12 0.491173 0.125284 0.008677 0.006367
18 0.425643 0.124716 0.006882 0.006139
12 0.680431 0.123806 0.008378 0.006139
13 0.295931 0.123920 0.006583 0.006367
11 0.341263 0.123920 0.008079 0.006821
13 0.340215 0.115393 0.010174 0.008413
13 0.896020 0.123579 0.009276 0.006594
11 0.639138 0.121987 0.005984 0.003865
11 0.534560 0.123124 0.008079 0.006594
13 0.466038 0.122783 0.008677 0.005912
18 0.467834 0.138245 0.005685 0.002729
12 0.876122 0.121078 0.008378 0.005230
14 0.276631 0.121646 0.008079 0.006367
13 0.447038 0.120282 0.006583 0.004548
11 0.154698 0.120964 0.005984 0.005912
12 0.247606 0.118463 0.005087 0.004093
11 0.742669 0.117894 0.011370 0.007958
15 0.096200 0.111301 0.009874 0.008413
12 0.106972 0.076967 0.007481 0.006139
12 0.096948 0.078331 0.005984 0.003411
11 0.095601 0.069236 0.008677 0.007503
12 0.105476 0.060255 0.009276 0.008186
13 0.105476 0.051842 0.005685 0.004093
18 0.559994 0.070373 0.007481 0.002956
11 0.783214 0.070714 0.007481 0.005002
12 0.852184 0.070487 0.007181 0.005912
14 0.876122 0.067872 0.008378 0.006139
12 0.181777 0.066508 0.006284 0.005230
14 0.895422 0.064916 0.006882 0.005684
13 0.916068 0.062756 0.008079 0.006821
0 0.101287 0.798431 0.022442 0.023874
2 0.099791 0.599704 0.020646 0.020236
2 0.100090 0.283424 0.018851 0.018872
2 0.100090 0.857776 0.018851 0.019782
5 0.125224 0.067872 0.009276 0.015234
2 0.098893 0.644952 0.021245 0.019782
2 0.099791 0.945543 0.021843 0.020691
2 0.100090 0.902115 0.020048 0.021146
2 0.098893 0.552865 0.020048 0.020236
5 0.123728 0.394611 0.008677 0.013870
5 0.839168 0.481924 0.008079 0.013870
5 0.124327 0.333902 0.008677 0.016144
5 0.124925 0.602433 0.008677 0.014779
5 0.124327 0.287062 0.008677 0.015234
5 0.124925 0.648363 0.008677 0.016598
4 0.461251 0.847090 0.009874 0.016598
5 0.124925 0.111983 0.008677 0.013415
5 0.124028 0.488063 0.008079 0.013415
4 0.407690 0.847090 0.009276 0.012051
5 0.463046 0.890746 0.008677 0.014779
4 0.749701 0.698386 0.009874 0.016598
5 0.245212 0.742497 0.008677 0.013870
5 0.625224 0.846635 0.008677 0.014779
4 0.664123 0.698840 0.009874 0.015689
1 0.100090 0.443270 0.022442 0.040246
5 0.409485 0.890746 0.008079 0.014779
1 0.100987 0.708845 0.021843 0.041155
4 0.204518 0.836403 0.009874 0.016144
5 0.203621 0.742269 0.009276 0.014325
5 0.124327 0.555593 0.008677 0.013870
5 0.125224 0.904616 0.008079 0.014325
5 0.125524 0.240905 0.008677 0.013870
1 0.100688 0.396885 0.022442 0.040246
5 0.124626 0.440769 0.008079 0.014325
5 0.839767 0.847317 0.008079 0.014325
0 0.839168 0.697249 0.009276 0.008868
4 0.243118 0.835039 0.009276 0.016144
5 0.124028 0.706571 0.008079 0.014779
1 0.100688 0.751364 0.022442 0.036153
5 0.244913 0.877785 0.008079 0.009777
0 0.097546 0.489768 0.014363 0.023647
3 0.094405 0.327535 0.008677 0.014779
4 0.104129 0.327535 0.008378 0.014779
4 0.107121 0.118577 0.008378 0.014779
4 0.094405 0.235448 0.008677 0.014779
5 0.104728 0.235448 0.008378 0.014779
4 0.308648 0.904388 0.008677 0.014779
5 0.317774 0.903251 0.008378 0.014779
3 0.078097 0.208163 0.004788 0.014779
4 0.312238 0.861642 0.008677 0.014779
5 0.321364 0.862096 0.008378 0.014779