9 0.865901 0.951078 0.008652 0.027015
9 0.828610 0.937003 0.006862 0.017934
10 0.343825 0.936776 0.006265 0.004767
7 0.513574 0.940409 0.011635 0.015664
6 0.569660 0.937684 0.009248 0.018388
6 0.318168 0.938365 0.009845 0.018842
9 0.716736 0.940409 0.006265 0.030647
6 0.404385 0.937003 0.008055 0.022020
6 0.843228 0.937003 0.007458 0.018842
6 0.627237 0.938593 0.009845 0.020204
6 0.299075 0.937684 0.008652 0.017480
6 0.469123 0.938138 0.007458 0.019750
6 0.646032 0.937003 0.009248 0.017480
6 0.483443 0.938365 0.008652 0.020204
6 0.889469 0.890919 0.008055 0.019296
6 0.845018 0.889103 0.009845 0.037457
9 0.668109 0.880250 0.004475 0.027469
10 0.626342 0.845516 0.006265 0.003859
9 0.829505 0.840295 0.008055 0.018842
6 0.844421 0.839614 0.010442 0.018388
10 0.449433 0.832350 0.009248 0.003405
10 0.516557 0.832123 0.006265 0.003405
9 0.282070 0.840976 0.009845 0.024745
9 0.297584 0.838252 0.005072 0.023837
9 0.873061 0.794665 0.008055 0.038365
9 0.482548 0.792622 0.008652 0.028377
9 0.569362 0.790579 0.009248 0.034733
6 0.845018 0.789217 0.009248 0.018388
9 0.607846 0.792168 0.008652 0.030647
9 0.279684 0.790125 0.006265 0.026561
9 0.403192 0.792622 0.009845 0.027469
6 0.832190 0.789898 0.007458 0.019750
10 0.873359 0.781952 0.007458 0.002951
9 0.316080 0.792395 0.009845 0.027469
10 0.237023 0.781271 0.006862 0.002497
9 0.214648 0.782860 0.009845 0.017934
9 0.449732 0.791487 0.009845 0.029739
9 0.515364 0.789898 0.009845 0.027015
10 0.569958 0.780590 0.006862 0.003859
9 0.348300 0.790125 0.009845 0.028377
9 0.467631 0.789217 0.009845 0.031555
9 0.298180 0.786266 0.009845 0.034279
9 0.383204 0.785812 0.009248 0.033825
9 0.551462 0.785585 0.006862 0.034733
9 0.842333 0.744949 0.009248 0.019750
6 0.890364 0.745403 0.008652 0.019750
6 0.903490 0.745062 0.009845 0.019523
6 0.687500 0.744268 0.009845 0.019750
9 0.768944 0.733258 0.005668 0.020885
9 0.514767 0.732009 0.008055 0.031101
9 0.751939 0.680023 0.011038 0.015664
7 0.175567 0.676617 0.012232 0.013394
7 0.569660 0.679569 0.012828 0.020658
7 0.374553 0.678207 0.012828 0.018388
6 0.340245 0.674120 0.008652 0.017934
6 0.314588 0.675255 0.009845 0.020204
6 0.237619 0.673893 0.008652 0.018388
6 0.720018 0.675028 0.010442 0.019296
6 0.536844 0.674120 0.009248 0.018842
6 0.513276 0.674574 0.009845 0.019750
6 0.698240 0.673893 0.009845 0.017934
6 0.802655 0.674120 0.011038 0.018842
6 0.779385 0.674347 0.011038 0.019296
6 0.632011 0.673553 0.009845 0.018161
10 0.751641 0.634847 0.008652 0.004313
7 0.569660 0.633485 0.012232 0.020204
7 0.375149 0.632804 0.012232 0.018388
6 0.878431 0.629625 0.010442 0.018842
6 0.717930 0.628944 0.010442 0.018842
6 0.800865 0.628490 0.010442 0.019296
6 0.510591 0.628717 0.009845 0.019750
6 0.697047 0.628717 0.010442 0.019296
6 0.438097 0.628490 0.010442 0.019750
6 0.338156 0.628263 0.009845 0.018842
6 0.631116 0.628944 0.009845 0.019296
6 0.777595 0.628263 0.010442 0.018842
6 0.535949 0.628490 0.010442 0.019296
6 0.313395 0.628490 0.010442 0.019296
7 0.192870 0.581498 0.012828 0.013848
7 0.257011 0.578320 0.012232 0.026107
7 0.225984 0.586152 0.012232 0.023156
8 0.617989 0.571283 0.008652 0.023837
10 0.816080 0.559251 0.007458 0.003405
10 0.339648 0.520658 0.006265 0.003405
9 0.719123 0.523610 0.009845 0.027923
10 0.540125 0.516345 0.007458 0.002951
6 0.902595 0.521339 0.010442 0.019296
9 0.591140 0.513848 0.004475 0.017934
9 0.500447 0.513053 0.006862 0.019977
6 0.879027 0.518842 0.009845 0.019750
9 0.695853 0.521112 0.008652 0.023837
10 0.776700 0.511351 0.006862 0.002951
9 0.512977 0.520431 0.009248 0.026561
10 0.310412 0.511351 0.006265 0.002951
9 0.413932 0.520204 0.010442 0.027469
10 0.778789 0.473893 0.011038 0.004313
9 0.311903 0.469126 0.008055 0.022928
10 0.414230 0.469353 0.006265 0.002951
10 0.209576 0.468899 0.006265 0.003859
9 0.207190 0.474801 0.009845 0.024745
9 0.902595 0.472418 0.009248 0.030874
6 0.514171 0.465040 0.009248 0.022928
10 0.522524 0.413961 0.007458 0.004313
9 0.643049 0.403859 0.006265 0.029512
9 0.374254 0.407491 0.010442 0.044041
10 0.375746 0.389671 0.006265 0.002497
9 0.173180 0.362089 0.004475 0.029512
9 0.505817 0.360272 0.006265 0.025880
7 0.708980 0.352440 0.010442 0.013394
7 0.490752 0.352667 0.012530 0.013848
7 0.280579 0.351986 0.012828 0.012940
6 0.212261 0.351759 0.007458 0.019296
6 0.859636 0.351532 0.009845 0.018388
6 0.664379 0.351532 0.008950 0.019750
6 0.554296 0.350397 0.008353 0.018842
6 0.773419 0.350965 0.006862 0.019069
6 0.241199 0.349716 0.009248 0.018388
6 0.632011 0.350965 0.010442 0.019523
6 0.448837 0.349716 0.009248 0.017934
6 0.346211 0.349943 0.009248 0.017934
6 0.745078 0.305448 0.010442 0.019296
6 0.312202 0.304086 0.009845 0.017934
6 0.282369 0.304313 0.008652 0.019296
10 0.523121 0.284336 0.008055 0.003859
9 0.491796 0.292168 0.009845 0.034052
7 0.510591 0.245516 0.004475 0.013394
7 0.254624 0.244835 0.004475 0.012940
7 0.873807 0.246198 0.009547 0.015664
7 0.760740 0.245289 0.011337 0.016118
7 0.843228 0.246879 0.012232 0.013394
7 0.790871 0.246652 0.011933 0.013848
7 0.729714 0.243019 0.012530 0.021566
7 0.681981 0.246879 0.012530 0.013848
7 0.650358 0.250738 0.011337 0.021566
7 0.618437 0.246311 0.011933 0.013621
7 0.572942 0.246425 0.012232 0.013394
7 0.226134 0.244722 0.008950 0.013621
7 0.434964 0.245743 0.006563 0.013394
7 0.403938 0.245970 0.011337 0.013848
10 0.509547 0.242338 0.006563 0.005221
7 0.329952 0.245062 0.011337 0.013394
7 0.195107 0.243473 0.012530 0.024291
7 0.298329 0.241657 0.012530 0.027469
10 0.358294 0.241090 0.008353 0.004994
9 0.773270 0.247900 0.010143 0.025426
10 0.634994 0.235187 0.008055 0.003178
9 0.207936 0.242565 0.011337 0.026107
7 0.526402 0.237798 0.006862 0.019750
10 0.443168 0.181044 0.009845 0.004767
8 0.214200 0.131101 0.008353 0.007491
6 0.743437 0.136095 0.005967 0.018388
6 0.312351 0.133371 0.010143 0.018842
6 0.282070 0.133598 0.008055 0.019296
9 0.523419 0.135868 0.009845 0.023837
9 0.493288 0.132463 0.010442 0.027469
10 0.235531 0.105675 0.011635 0.004313
10 0.413037 0.105221 0.009845 0.003859
10 0.494481 0.065267 0.006862 0.002951
10 0.360829 0.062202 0.009248 0.004086
10 0.345615 0.060726 0.007458 0.005221
8 0.911695 0.034733 0.007757 0.013621
12 0.672434 0.955051 0.009547 0.005448
11 0.671241 0.939274 0.008353 0.005675
11 0.216289 0.950851 0.008353 0.006129
12 0.197942 0.950965 0.008652 0.006356
11 0.813842 0.950057 0.008353 0.005902
11 0.282220 0.947787 0.008353 0.004086
12 0.365901 0.947900 0.008652 0.004767
11 0.553401 0.947333 0.007757 0.004086
11 0.535949 0.947787 0.008652 0.004994
11 0.384845 0.947673 0.008353 0.005221
13 0.712858 0.946992 0.005668 0.005221
12 0.713753 0.941884 0.005072 0.003632
11 0.449582 0.945062 0.009547 0.006356
11 0.402446 0.942679 0.005370 0.003859
12 0.687947 0.943246 0.006563 0.005448
11 0.867094 0.942452 0.008055 0.006129
12 0.871420 0.960159 0.008950 0.006129
11 0.608443 0.939728 0.007458 0.006129
11 0.748658 0.934733 0.005668 0.008400
13 0.924821 0.915664 0.003580 0.006129
11 0.872166 0.911918 0.008055 0.005902
17 0.814588 0.901589 0.009845 0.006129
11 0.741647 0.901589 0.005967 0.007491
11 0.749254 0.886152 0.006265 0.010670
12 0.250447 0.876844 0.008055 0.006583
12 0.580698 0.875936 0.008055 0.005675
12 0.418407 0.875596 0.007458 0.006356
11 0.176909 0.873553 0.008950 0.005902
11 0.349642 0.873666 0.008353 0.006583
11 0.516856 0.872985 0.008652 0.007037
17 0.283264 0.873553 0.010442 0.008173
17 0.672584 0.873326 0.010442 0.008173
17 0.610233 0.873099 0.010442 0.008173
17 0.451521 0.872645 0.010442 0.007719
12 0.215990 0.871283 0.008950 0.006810
11 0.553699 0.870715 0.008353 0.006129
11 0.385292 0.871056 0.008055 0.007264
11 0.873210 0.860953 0.008950 0.006583
11 0.872613 0.849943 0.008353 0.005448
11 0.873658 0.836890 0.009248 0.006583
11 0.671689 0.858456 0.007458 0.004313
11 0.671539 0.851759 0.007757 0.004994
11 0.688097 0.858229 0.009248 0.006129
11 0.644391 0.853121 0.007160 0.004086
11 0.644839 0.845970 0.007458 0.004313
12 0.813842 0.849830 0.006563 0.004313
12 0.813693 0.834506 0.008055 0.005448
11 0.627237 0.847333 0.008055 0.005675
11 0.626342 0.839274 0.007458 0.004994
11 0.766110 0.835982 0.005370 0.003405
12 0.237470 0.837003 0.006563 0.005902
11 0.317870 0.836776 0.009248 0.006356
11 0.484934 0.836663 0.008652 0.006583
12 0.403490 0.836549 0.008652 0.006356
11 0.569809 0.836549 0.008950 0.006810
12 0.103968 0.834733 0.004475 0.004540
11 0.609636 0.834166 0.011038 0.004767
11 0.609636 0.838933 0.011038 0.004767
12 0.086963 0.833712 0.004475 0.003859
12 0.450179 0.834279 0.008353 0.005448
12 0.515811 0.834393 0.008353 0.006129
11 0.349344 0.834279 0.008353 0.005902
13 0.174970 0.834279 0.006862 0.006356
11 0.283264 0.833825 0.007458 0.005902
11 0.216438 0.832123 0.008652 0.005675
11 0.384099 0.831442 0.009248 0.006129
11 0.301462 0.831555 0.009248 0.006810
11 0.552804 0.830874 0.007160 0.006356
11 0.468974 0.830988 0.009547 0.007037
11 0.815185 0.805221 0.006862 0.005902
12 0.815632 0.791714 0.007160 0.006129
11 0.805489 0.788536 0.008950 0.007037
12 0.816378 0.778434 0.009248 0.005902
18 0.689141 0.804994 0.008950 0.005902
11 0.673180 0.799092 0.009248 0.005902
11 0.673180 0.804994 0.009248 0.005902
11 0.874553 0.796935 0.006265 0.005675
11 0.874702 0.789330 0.006563 0.004086
11 0.873956 0.783541 0.007458 0.004313
12 0.842631 0.794325 0.004475 0.004086
11 0.628132 0.793984 0.008652 0.005221
11 0.627685 0.786720 0.008950 0.005675
11 0.645585 0.793530 0.008950 0.005675
11 0.645585 0.799205 0.008950 0.005675
12 0.926014 0.788763 0.004773 0.003405
12 0.926163 0.782860 0.004475 0.004313
12 0.404833 0.785698 0.008353 0.009081
12 0.316826 0.783087 0.007160 0.004767
12 0.316826 0.787855 0.007160 0.004767
11 0.237023 0.783314 0.008055 0.005221
11 0.237023 0.788536 0.008055 0.005221
11 0.570555 0.783201 0.008055 0.005448
11 0.570555 0.788649 0.008055 0.005448
11 0.484487 0.783201 0.008950 0.005902
11 0.484487 0.789103 0.008950 0.005902
13 0.175567 0.781952 0.008055 0.005221
13 0.175567 0.787174 0.008055 0.005221
11 0.609039 0.781385 0.008652 0.005448
11 0.609039 0.786833 0.008652 0.005448
12 0.281623 0.781612 0.007757 0.005902
11 0.281623 0.787514 0.007757 0.005902
11 0.450477 0.781158 0.008353 0.005448
11 0.450477 0.786606 0.008353 0.005448
11 0.516259 0.780931 0.007458 0.005448
11 0.516259 0.786379 0.007458 0.005448
12 0.349493 0.780704 0.008652 0.005902
12 0.349493 0.786606 0.008652 0.005902
12 0.215692 0.778320 0.009547 0.005221
11 0.215692 0.783541 0.009547 0.005221
11 0.468974 0.778093 0.010143 0.005675
11 0.468974 0.783768 0.010143 0.005675
11 0.384845 0.777412 0.008950 0.005221
11 0.384845 0.782633 0.008950 0.005221
11 0.299523 0.777412 0.009547 0.005675
11 0.299523 0.783087 0.009547 0.005675
11 0.554296 0.776731 0.008950 0.006129
11 0.554296 0.782860 0.008950 0.006129
13 0.072792 0.766969 0.005370 0.007491
12 0.212261 0.757435 0.011038 0.008854
12 0.213902 0.719637 0.007160 0.005902
13 0.072643 0.754824 0.005668 0.005902
11 0.874553 0.751873 0.008055 0.006356
12 0.873807 0.737798 0.006563 0.004540
18 0.873061 0.724858 0.009248 0.005902
12 0.815185 0.751078 0.006265 0.005675
12 0.816080 0.740522 0.009248 0.006356
12 0.815185 0.727015 0.008652 0.007491
13 0.803103 0.738252 0.005967 0.003178
13 0.578908 0.724858 0.007458 0.005902
12 0.415125 0.724745 0.008055 0.006129
12 0.246569 0.724404 0.007458 0.006356
11 0.672136 0.722588 0.007757 0.007264
11 0.516856 0.721907 0.008652 0.007264
11 0.348300 0.721680 0.008055 0.006810
11 0.175418 0.721453 0.009547 0.007719
17 0.450626 0.721226 0.011038 0.008173
17 0.608741 0.720885 0.009845 0.007946
17 0.281623 0.720885 0.010740 0.007946
11 0.552208 0.719523 0.007757 0.006129
11 0.381712 0.719183 0.009248 0.006810
11 0.607399 0.684336 0.006563 0.005221
12 0.590543 0.684109 0.008055 0.005221
11 0.675865 0.681725 0.009248 0.006356
12 0.399761 0.681498 0.008353 0.005902
11 0.289230 0.681498 0.009248 0.006356
17 0.416915 0.681158 0.006862 0.006129
11 0.488514 0.678774 0.008055 0.004994
11 0.751342 0.678661 0.008652 0.005675
12 0.207786 0.676504 0.008652 0.006810
12 0.192273 0.676504 0.008652 0.006810
12 0.855459 0.675936 0.009248 0.006129
12 0.590841 0.638252 0.009248 0.004313
11 0.608144 0.638025 0.008055 0.004767
11 0.674374 0.635868 0.009248 0.006356
11 0.416915 0.635641 0.008652 0.005902
12 0.396629 0.635755 0.008652 0.006129
11 0.288037 0.635641 0.008652 0.006356
11 0.752983 0.633144 0.008950 0.005448
11 0.488216 0.633258 0.009248 0.005675
11 0.855609 0.630647 0.008950 0.006356
12 0.256712 0.619750 0.008055 0.007264
12 0.241647 0.617480 0.008950 0.006356
11 0.210173 0.615437 0.008055 0.006356
11 0.176462 0.612145 0.008055 0.006129
18 0.775209 0.591033 0.010442 0.006129
12 0.776104 0.557321 0.008652 0.006810
12 0.240155 0.576277 0.008353 0.005675
13 0.209278 0.571396 0.008652 0.006356
11 0.632309 0.570942 0.008652 0.006356
11 0.439290 0.568445 0.009248 0.005902
17 0.676313 0.568558 0.010740 0.007037
17 0.376641 0.568331 0.010442 0.006583
17 0.290125 0.568104 0.010442 0.007491
17 0.488813 0.566061 0.010442 0.007491
17 0.571897 0.565834 0.010143 0.007491
12 0.176163 0.564132 0.008055 0.006356
17 0.855459 0.563678 0.011038 0.007719
11 0.751790 0.561180 0.008950 0.005902
12 0.815334 0.560953 0.006563 0.005902
12 0.719869 0.560159 0.008353 0.006583
17 0.774761 0.536663 0.007757 0.005448
11 0.776551 0.513621 0.007160 0.005675
11 0.176313 0.525766 0.010143 0.005902
17 0.176313 0.531669 0.010143 0.005902
11 0.855310 0.521566 0.008950 0.006129
11 0.801163 0.519069 0.008055 0.005675
11 0.720018 0.518615 0.008652 0.005221
11 0.631712 0.518729 0.008652 0.005448
11 0.539529 0.518842 0.008652 0.006129
11 0.438395 0.518161 0.008055 0.004767
11 0.338902 0.518729 0.008353 0.005902
11 0.750597 0.516345 0.007757 0.006129
12 0.674523 0.516345 0.007757 0.006129
12 0.103520 0.516572 0.005967 0.006583
11 0.570107 0.516232 0.008950 0.006356
11 0.488067 0.516118 0.008353 0.006583
11 0.287739 0.515778 0.009845 0.006356
11 0.376044 0.515664 0.009845 0.006583
11 0.696748 0.513848 0.006862 0.005675
11 0.513574 0.513280 0.007458 0.004994
11 0.605758 0.513621 0.007458 0.006129
11 0.414529 0.513394 0.008055 0.006129
11 0.311307 0.513394 0.007458 0.006129
11 0.719869 0.477866 0.008950 0.004540
11 0.538484 0.477753 0.008950 0.004313
11 0.800865 0.477299 0.008652 0.005221
11 0.632607 0.477185 0.008652 0.004994
11 0.339946 0.477412 0.009248 0.005902
11 0.438693 0.477185 0.008652 0.005902
11 0.753282 0.475142 0.008353 0.005448
12 0.674672 0.475028 0.008055 0.005221
11 0.573837 0.474801 0.008652 0.006129
12 0.488067 0.474688 0.008950 0.006356
17 0.376939 0.474234 0.006862 0.005448
17 0.288634 0.474461 0.009248 0.006356
18 0.275507 0.472191 0.006862 0.004086
11 0.696450 0.472418 0.006862 0.005448
11 0.778490 0.472077 0.009248 0.005221
11 0.607100 0.472304 0.008950 0.005675
13 0.663932 0.471737 0.007458 0.004994
18 0.559815 0.472077 0.008652 0.005675
18 0.559815 0.477753 0.008652 0.005675
11 0.311903 0.472077 0.008055 0.005675
11 0.512381 0.471964 0.008652 0.005902
18 0.477178 0.471396 0.006862 0.004767
11 0.414379 0.471737 0.008950 0.005448
12 0.254624 0.472077 0.009248 0.006129
12 0.365006 0.471850 0.009248 0.006129
11 0.239260 0.469126 0.009547 0.006583
13 0.247763 0.454370 0.005072 0.003405
11 0.208085 0.467083 0.007458 0.005221
11 0.176163 0.464245 0.009845 0.006356
11 0.903490 0.462089 0.007458 0.005675
11 0.903490 0.467764 0.007458 0.005675
11 0.854863 0.459478 0.007458 0.005448
11 0.854863 0.464926 0.007458 0.005448
11 0.880668 0.456981 0.008353 0.004994
11 0.880668 0.461975 0.008353 0.004994
11 0.174821 0.425653 0.006563 0.005448
12 0.175716 0.407719 0.008950 0.005902
13 0.453461 0.413394 0.005967 0.004540
13 0.453908 0.395119 0.008652 0.007037
12 0.815334 0.413621 0.007160 0.005448
12 0.815185 0.395573 0.008055 0.006583
12 0.643496 0.413394 0.006563 0.005448
12 0.645137 0.395687 0.008055 0.006810
11 0.777446 0.411124 0.006563 0.003632
12 0.777297 0.393530 0.008652 0.006129
11 0.752088 0.411578 0.007757 0.004540
12 0.750447 0.394098 0.008055 0.005902
11 0.570853 0.410556 0.006265 0.003859
12 0.570853 0.393076 0.008652 0.006129
12 0.375298 0.410443 0.006563 0.004540
12 0.375000 0.391941 0.008353 0.006129
18 0.633353 0.416459 0.008353 0.005675
12 0.633353 0.410783 0.008353 0.005675
17 0.490155 0.410102 0.009547 0.006129
12 0.489857 0.393076 0.011337 0.007491
12 0.289081 0.410102 0.010143 0.006583
12 0.288783 0.392168 0.011337 0.007946
17 0.605907 0.408400 0.010143 0.005902
12 0.605161 0.391373 0.009248 0.007264
11 0.414081 0.407832 0.007757 0.006129
12 0.413783 0.390465 0.008353 0.007719
18 0.239409 0.407605 0.008055 0.006129
17 0.855907 0.395573 0.009547 0.007491
12 0.676313 0.392963 0.011337 0.008173
11 0.772226 0.355505 0.005668 0.004994
11 0.415722 0.355051 0.005072 0.004086
11 0.744332 0.352894 0.008950 0.006129
12 0.726581 0.352894 0.009248 0.006129
12 0.828013 0.352894 0.009845 0.006583
11 0.602327 0.352781 0.009547 0.006356
12 0.508652 0.352554 0.007160 0.005902
11 0.177655 0.352440 0.008652 0.006129
11 0.524314 0.352327 0.008652 0.006356
11 0.312947 0.352440 0.009547 0.006583
12 0.297882 0.352327 0.009248 0.006356
11 0.384397 0.352100 0.009248 0.006356
12 0.343825 0.301476 0.009845 0.006356
17 0.603819 0.301589 0.010740 0.008400
11 0.774612 0.294438 0.008652 0.005902
11 0.712411 0.294325 0.009547 0.006129
12 0.569660 0.291600 0.008055 0.006583
17 0.828759 0.288876 0.010740 0.007491
12 0.553699 0.287855 0.009547 0.007264
11 0.522673 0.286493 0.007160 0.006356
12 0.492989 0.283768 0.008055 0.006810
17 0.386038 0.282406 0.009547 0.007719
12 0.890215 0.247219 0.009547 0.006810
12 0.826969 0.246879 0.007757 0.006129
12 0.602774 0.246198 0.008652 0.006583
12 0.385292 0.245289 0.008055 0.006129
12 0.176014 0.244722 0.007160 0.005902
13 0.462709 0.243473 0.004773 0.004767
12 0.358294 0.241771 0.004773 0.004540
12 0.664827 0.241544 0.009248 0.005902
12 0.553550 0.240749 0.008652 0.006583
12 0.448240 0.240409 0.008055 0.006356
13 0.344272 0.240068 0.007160 0.006129
12 0.774463 0.239274 0.008353 0.005448
12 0.238514 0.239728 0.007458 0.006356
12 0.858294 0.236776 0.007757 0.005902
12 0.207936 0.234733 0.005967 0.005902
12 0.312202 0.234733 0.008652 0.006356
12 0.744779 0.234506 0.008652 0.006356
12 0.633801 0.233939 0.009248 0.006129
12 0.523717 0.233144 0.008055 0.005902
13 0.418407 0.232463 0.009248 0.005902
12 0.073091 0.237798 0.004773 0.022928
12 0.712112 0.228036 0.008950 0.006129
12 0.492840 0.227923 0.008353 0.007719
12 0.282667 0.226107 0.009845 0.006356
17 0.711814 0.202157 0.008950 0.007491
17 0.712560 0.189557 0.010442 0.005448
17 0.712560 0.195006 0.010442 0.005448
17 0.492691 0.201930 0.011038 0.007491
17 0.603222 0.201703 0.010740 0.007491
17 0.603669 0.188309 0.008652 0.004313
17 0.283413 0.200908 0.011933 0.007719
11 0.283264 0.190465 0.009845 0.006810
17 0.385889 0.200568 0.011635 0.007491
12 0.385442 0.187060 0.011337 0.006810
17 0.177357 0.200795 0.010442 0.007946
17 0.177357 0.190125 0.009248 0.007491
12 0.073091 0.201930 0.004773 0.012486
12 0.097703 0.193076 0.005072 0.003405
17 0.828311 0.191260 0.011635 0.006583
17 0.828311 0.197843 0.011635 0.006583
12 0.089946 0.150170 0.005072 0.005675
12 0.604863 0.144722 0.009845 0.006129
11 0.345764 0.142679 0.007757 0.003405
11 0.711814 0.137684 0.008950 0.006129
12 0.096957 0.136549 0.004773 0.003859
11 0.775060 0.137457 0.008950 0.006129
13 0.072792 0.137684 0.004773 0.007491
13 0.072942 0.111010 0.003878 0.007264
12 0.571748 0.134506 0.006265 0.005675
12 0.828461 0.132917 0.009547 0.007037
12 0.554893 0.131555 0.007160 0.006129
11 0.524761 0.128604 0.007160 0.005675
12 0.494481 0.126107 0.006862 0.006129
17 0.387082 0.124858 0.010442 0.007719
17 0.829206 0.100795 0.011635 0.007264
17 0.829206 0.082293 0.010442 0.007491
17 0.386784 0.093417 0.009845 0.006583
12 0.387232 0.075596 0.010740 0.007264
12 0.791468 0.090125 0.007757 0.005902
12 0.790424 0.071737 0.008055 0.005448
12 0.775805 0.087401 0.006265 0.005902
12 0.776104 0.069012 0.009248 0.006356
12 0.492989 0.086947 0.006265 0.005448
12 0.492840 0.067877 0.008353 0.006356
11 0.553699 0.086947 0.007160 0.005902
12 0.553103 0.067764 0.008353 0.006583
12 0.071897 0.086152 0.003580 0.005221
11 0.745227 0.084904 0.008353 0.004086
12 0.744033 0.066288 0.007757 0.005902
12 0.360680 0.083428 0.006563 0.004767
12 0.359785 0.064245 0.008353 0.006356
12 0.093079 0.083087 0.007160 0.005902
12 0.711814 0.082406 0.005967 0.005448
12 0.711068 0.064359 0.008055 0.006583
12 0.345465 0.081044 0.006563 0.004994
12 0.345018 0.061862 0.008652 0.006583
11 0.314141 0.077980 0.007757 0.004767
12 0.313693 0.059478 0.008055 0.006356
11 0.282965 0.074915 0.007458 0.006356
12 0.282667 0.056754 0.007458 0.007264
17 0.178103 0.073893 0.011337 0.006583
12 0.177058 0.055392 0.010442 0.008627
12 0.602774 0.063337 0.008652 0.008627
18 0.922434 0.037344 0.010740 0.006129
3 0.737918 0.677526 0.012828 0.023383
3 0.276402 0.410556 0.008055 0.020204
4 0.619779 0.477299 0.010442 0.015664
4 0.593228 0.389898 0.010442 0.017026
3 0.148717 0.183995 0.016408 0.025199
4 0.839946 0.522701 0.009248 0.016572
3 0.501641 0.471510 0.008055 0.020431
3 0.301760 0.471623 0.008055 0.020658
4 0.403192 0.390125 0.009845 0.017026
3 0.579803 0.684109 0.008055 0.017934
4 0.276402 0.390806 0.006862 0.010670
3 0.276700 0.567877 0.007458 0.020658
3 0.558920 0.513621 0.008055 0.015664
3 0.386486 0.633939 0.007458 0.017934
2 0.095316 0.675369 0.018795 0.019977
4 0.401402 0.512940 0.010442 0.016572
3 0.663932 0.569240 0.007458 0.013848
3 0.664230 0.392622 0.006862 0.019296
4 0.327118 0.518615 0.009845 0.015664
4 0.443168 0.394892 0.011038 0.016572
2 0.095913 0.305562 0.017601 0.018615
4 0.526104 0.478207 0.010442 0.015664
3 0.767751 0.472531 0.008055 0.020204
3 0.364708 0.514415 0.007458 0.018615
4 0.427058 0.477753 0.009248 0.016118
4 0.300268 0.514075 0.009845 0.016572
3 0.666319 0.411010 0.008652 0.019750
4 0.441975 0.413053 0.009845 0.015664
4 0.402297 0.408513 0.010442 0.016572
3 0.765662 0.406924 0.008055 0.012486
3 0.477178 0.393076 0.007458 0.019296
3 0.663634 0.634847 0.006862 0.018842
5 0.186008 0.947900 0.009248 0.015664
3 0.476283 0.517480 0.006265 0.015664
3 0.740006 0.632804 0.008055 0.017480
4 0.618288 0.519069 0.009845 0.015664
1 0.094720 0.745970 0.023568 0.040409
5 0.846808 0.456413 0.009845 0.014756
3 0.664529 0.681385 0.006862 0.020204
3 0.278490 0.681385 0.008055 0.018842
4 0.475984 0.679115 0.010442 0.017480
3 0.386784 0.679569 0.007458 0.017480
4 0.475089 0.633031 0.010442 0.017026
3 0.276700 0.635074 0.007458 0.017026
3 0.355161 0.949489 0.007458 0.023837
2 0.093228 0.580477 0.021181 0.019977
3 0.580400 0.637344 0.007458 0.020658
4 0.475686 0.567650 0.009248 0.017934
5 0.842930 0.627582 0.008652 0.013848
2 0.099493 0.938025 0.012828 0.016799
2 0.095316 0.890806 0.017601 0.019523
5 0.229564 0.834506 0.011038 0.016345
2 0.099493 0.627923 0.012232 0.016799
5 0.805937 0.558116 0.009845 0.015664
5 0.738514 0.472758 0.014021 0.020658
5 0.525209 0.943133 0.008652 0.012940
4 0.708383 0.519069 0.009845 0.016118
3 0.426462 0.568104 0.007458 0.020658
4 0.633204 0.396368 0.010442 0.016799
3 0.703311 0.941998 0.006862 0.016572
3 0.705698 0.562429 0.007458 0.018388
3 0.275507 0.514529 0.006862 0.018388
4 0.526700 0.518842 0.009248 0.016118
4 0.764469 0.514529 0.009845 0.017026
3 0.595316 0.472304 0.008055 0.019296
1 0.095018 0.792281 0.022375 0.040409
4 0.326820 0.476390 0.009248 0.017480
3 0.742094 0.852100 0.007458 0.014756
4 0.727476 0.948127 0.008652 0.014302
4 0.765513 0.558002 0.009547 0.017253
4 0.424970 0.518388 0.009845 0.016572
4 0.788335 0.518615 0.009845 0.016572
3 0.402894 0.472758 0.007458 0.017934
3 0.477476 0.411237 0.008055 0.020204
4 0.804743 0.726788 0.009248 0.012486
4 0.789529 0.479115 0.008652 0.012032
5 0.148568 0.682406 0.007757 0.014529
5 0.139916 0.672872 0.007160 0.012713
5 0.146181 0.125539 0.010143 0.014075
3 0.664678 0.514415 0.006563 0.017253
4 0.759248 0.743927 0.009547 0.015891
4 0.750298 0.734620 0.009547 0.016345
3 0.163186 0.833598 0.006563 0.019069
5 0.123359 0.246765 0.008055 0.014075
3 0.149016 0.246765 0.015215 0.024064
4 0.758055 0.789103 0.010143 0.015437
4 0.750000 0.781385 0.009547 0.016345
4 0.767900 0.778320 0.009547 0.016118
5 0.121420 0.466061 0.007160 0.014075
3 0.144391 0.464472 0.010143 0.020885
5 0.150656 0.587968 0.007757 0.013621
5 0.141706 0.576844 0.007757 0.012259
3 0.713305 0.843814 0.006563 0.019523
5 0.142900 0.514188 0.008353 0.014075
3 0.128282 0.514188 0.008950 0.016799
5 0.121122 0.788876 0.008353 0.014075
5 0.130072 0.785925 0.014320 0.023610
4 0.702566 0.792281 0.006563 0.017253
3 0.713305 0.790919 0.006563 0.019069
5 0.138126 0.357321 0.007757 0.013621
1 0.074284 0.357094 0.002983 0.012713
3 0.735084 0.738252 0.006563 0.014529
4 0.750298 0.834279 0.008950 0.015891
0 0.121122 0.840863 0.007160 0.012713
5 0.128282 0.576844 0.007160 0.014983
5 0.162888 0.197730 0.007160 0.013167
5 0.167959 0.187287 0.008950 0.014983
2 0.099195 0.349489 0.010442 0.015210
5 0.129475 0.346879 0.007160 0.013621
1 0.267601 0.474007 0.002387 0.011351
5 0.122912 0.183882 0.008353 0.014529
5 0.121420 0.632463 0.007757 0.014529
5 0.148866 0.637003 0.007757 0.012713
5 0.141408 0.626788 0.007160 0.013167
5 0.150955 0.898751 0.007757 0.014075
4 0.123359 0.673439 0.008652 0.017026
5 0.132160 0.678888 0.008353 0.017026
3 0.072643 0.187401 0.008652 0.017026
4 0.089499 0.181271 0.008353 0.017026
3 0.142154 0.840295 0.008652 0.017026
5 0.148568 0.842792 0.008353 0.017026
3 0.130221 0.241884 0.008652 0.017026
5 0.136933 0.247560 0.008353 0.017026
3 0.144242 0.942679 0.008652 0.017026
5 0.150656 0.945857 0.008353 0.017026
3 0.130519 0.938138 0.008652 0.017026
3 0.135143 0.942225 0.008353 0.017026
3 0.128729 0.463678 0.008652 0.017026
5 0.135143 0.466856 0.008353 0.017026
3 0.721510 0.834847 0.008652 0.017026
5 0.729266 0.842338 0.008652 0.017026
3 0.736874 0.839614 0.008353 0.017026
3 0.145734 0.417367 0.008652 0.017026
3 0.150358 0.417367 0.008353 0.017026
4 0.121868 0.411464 0.008652 0.017026
5 0.134845 0.414188 0.008353 0.017026
3 0.141856 0.745403 0.008652 0.017026
5 0.147076 0.746084 0.008353 0.017026
4 0.120376 0.740182 0.008652 0.017026
5 0.132757 0.742906 0.008353 0.017026
3 0.142154 0.789217 0.008652 0.017026
5 0.147971 0.791941 0.008353 0.017026
3 0.145436 0.351078 0.008652 0.017026
3 0.152745 0.357435 0.008353 0.017026
4 0.715245 0.743587 0.008652 0.017026
4 0.721062 0.741090 0.008353 0.017026
4 0.862619 0.784563 0.008652 0.016345
3 0.127834 0.839841 0.008652 0.017026
5 0.133652 0.841884 0.008353 0.017026
4 0.121868 0.892281 0.008652 0.017026
3 0.128580 0.889103 0.008353 0.017026
3 0.893347 0.467423 0.008652 0.016799
4 0.088455 0.470715 0.008652 0.017026
4 0.095018 0.467991 0.008652 0.017026
5 0.101730 0.471850 0.008353 0.017026
3 0.091140 0.242111 0.008652 0.016118
4 0.101134 0.242111 0.008353 0.016118
3 0.925119 0.924518 0.007757 0.017026
4 0.925119 0.937457 0.007757 0.017026
3 0.130221 0.181952 0.008652 0.017026
5 0.136038 0.185358 0.008353 0.017026
4 0.089350 0.419637 0.008652 0.017026
4 0.095913 0.415551 0.008652 0.017026
3 0.102625 0.416232 0.008353 0.017026
3 0.721808 0.784222 0.008652 0.017026
5 0.731653 0.789444 0.008652 0.017026
3 0.741647 0.797843 0.008353 0.017026
4 0.925567 0.744268 0.007458 0.017026
3 0.925567 0.764018 0.007458 0.017026
4 0.719123 0.886606 0.008652 0.017026
4 0.715245 0.897049 0.008652 0.017026
3 0.857846 0.837457 0.008652 0.016799
4 0.862768 0.837457 0.008353 0.016799
5 0.134696 0.893644 0.008652 0.017026
5 0.142303 0.890692 0.008353 0.017026