8 0.786205 0.947422 0.011347 0.006586
8 0.714243 0.947422 0.011944 0.006586
10 0.636309 0.947082 0.012541 0.004997
8 0.562855 0.946287 0.012541 0.006586
8 0.492983 0.945946 0.011347 0.006814
8 0.262168 0.945151 0.011944 0.007041
8 0.413556 0.945378 0.011347 0.007041
8 0.337414 0.945151 0.010749 0.006586
6 0.197372 0.946060 0.008958 0.017942
9 0.307256 0.912900 0.004180 0.021576
6 0.197372 0.906087 0.008361 0.017034
10 0.874888 0.872360 0.007764 0.004542
6 0.196477 0.862480 0.008958 0.017034
6 0.197671 0.817284 0.008958 0.017488
10 0.847417 0.807404 0.006569 0.004088
6 0.801135 0.775721 0.008958 0.018397
6 0.782920 0.775267 0.008958 0.018397
6 0.491639 0.774358 0.009854 0.017488
10 0.662884 0.764025 0.007166 0.002271
10 0.171693 0.718828 0.006569 0.002725
10 0.481636 0.711560 0.011347 0.004997
10 0.386384 0.711106 0.010749 0.004997
8 0.294715 0.710993 0.011347 0.006586
6 0.856674 0.713945 0.008958 0.017488
6 0.817259 0.713718 0.008958 0.017942
6 0.804419 0.713718 0.008361 0.017942
6 0.697820 0.712809 0.008958 0.017942
6 0.225142 0.712355 0.008361 0.017488
6 0.200956 0.712128 0.008958 0.016125
6 0.839654 0.712582 0.009555 0.018397
6 0.684085 0.712696 0.008958 0.017715
6 0.579875 0.712355 0.009555 0.017488
6 0.551508 0.712355 0.008958 0.017488
6 0.697820 0.667840 0.008958 0.017942
6 0.856076 0.667159 0.008958 0.016580
6 0.482532 0.667386 0.009555 0.017034
6 0.507614 0.667272 0.009555 0.018169
6 0.223052 0.667613 0.008958 0.017942
6 0.412959 0.666932 0.008958 0.017034
6 0.286951 0.666932 0.008958 0.018397
6 0.841744 0.666250 0.008958 0.017488
6 0.745596 0.666705 0.008958 0.017488
6 0.683189 0.666818 0.009555 0.017715
6 0.389370 0.667159 0.009555 0.018397
6 0.311436 0.666250 0.008958 0.017942
6 0.201553 0.666705 0.008958 0.017942
6 0.818453 0.666023 0.008958 0.017034
6 0.803225 0.666023 0.009555 0.017942
6 0.759928 0.666250 0.008958 0.017488
6 0.580472 0.665796 0.009555 0.017942
7 0.402508 0.632069 0.012541 0.026800
6 0.803523 0.621962 0.009555 0.017942
6 0.857271 0.620713 0.009555 0.018624
6 0.842042 0.620827 0.008958 0.018397
6 0.818752 0.620600 0.008958 0.017942
6 0.759331 0.620600 0.009555 0.017942
6 0.696327 0.621054 0.008958 0.018851
6 0.683189 0.620713 0.008958 0.018169
6 0.745894 0.621054 0.008958 0.019759
6 0.581666 0.574495 0.008958 0.018851
6 0.803523 0.576084 0.008361 0.018851
6 0.310839 0.575176 0.009555 0.018397
6 0.819050 0.574495 0.009555 0.019305
6 0.509406 0.575176 0.008958 0.018397
6 0.759630 0.574268 0.008958 0.018851
6 0.746193 0.574495 0.008361 0.019305
6 0.696327 0.574040 0.008958 0.018397
6 0.287250 0.574495 0.008958 0.017942
6 0.841744 0.573813 0.009555 0.017942
6 0.682890 0.574154 0.009555 0.017715
6 0.224246 0.574268 0.009555 0.018397
6 0.858465 0.573813 0.009555 0.017942
6 0.414153 0.574040 0.009555 0.018397
10 0.787698 0.566205 0.007764 0.002271
6 0.199463 0.573813 0.008958 0.019305
6 0.840848 0.529298 0.008958 0.018851
6 0.856076 0.528844 0.009555 0.017942
6 0.759630 0.528163 0.008958 0.018397
6 0.747984 0.528844 0.009555 0.018851
6 0.818155 0.527708 0.008958 0.018397
6 0.804121 0.527935 0.009555 0.018851
6 0.699015 0.528163 0.009555 0.019305
6 0.683488 0.528276 0.009555 0.019532
10 0.271424 0.518964 0.005972 0.002725
8 0.771275 0.471837 0.012541 0.006586
8 0.681995 0.471951 0.011944 0.006814
6 0.479845 0.474790 0.008958 0.017942
6 0.307554 0.474563 0.009555 0.017942
6 0.213497 0.474790 0.008958 0.018397
6 0.498358 0.473995 0.008958 0.019532
6 0.186026 0.473881 0.008958 0.018397
6 0.281278 0.473427 0.009555 0.017488
6 0.380412 0.473881 0.009555 0.018851
6 0.834279 0.472292 0.009555 0.017488
6 0.869812 0.472632 0.007764 0.018624
6 0.578083 0.433227 0.009555 0.017942
6 0.761123 0.432546 0.008958 0.017942
6 0.498955 0.432773 0.008958 0.017488
6 0.786205 0.432092 0.010152 0.018851
6 0.695730 0.432319 0.009555 0.018397
6 0.671842 0.431638 0.009555 0.018397
6 0.866826 0.430956 0.010152 0.017942
9 0.231114 0.386555 0.007166 0.026346
8 0.685279 0.389961 0.010152 0.023620
10 0.598985 0.377016 0.007166 0.004088
6 0.499851 0.383602 0.008361 0.018624
7 0.328755 0.334885 0.011944 0.013400
7 0.233801 0.334431 0.011944 0.013854
6 0.359212 0.339882 0.009555 0.027935
6 0.773664 0.334885 0.007166 0.018851
6 0.499552 0.334545 0.009555 0.018624
6 0.866229 0.332501 0.009555 0.019986
6 0.710660 0.333523 0.008958 0.018851
6 0.683488 0.333409 0.009555 0.018624
6 0.799940 0.333750 0.009555 0.019305
6 0.262168 0.333523 0.008958 0.019305
6 0.164825 0.332387 0.008958 0.017942
10 0.396238 0.309562 0.005972 0.002271
9 0.831592 0.293663 0.010749 0.022712
9 0.649149 0.295935 0.007764 0.017715
10 0.212899 0.288667 0.005972 0.002725
10 0.435652 0.283670 0.007166 0.002271
10 0.759331 0.243925 0.005972 0.003634
8 0.295909 0.236089 0.011944 0.007041
8 0.200358 0.235635 0.011944 0.007041
6 0.781129 0.238360 0.008958 0.018397
6 0.633921 0.238814 0.009555 0.018851
6 0.536877 0.238360 0.010152 0.017942
6 0.427292 0.237225 0.009555 0.017942
6 0.896984 0.237679 0.010152 0.018397
6 0.593610 0.237225 0.010152 0.017488
6 0.505524 0.237338 0.009555 0.017715
6 0.688265 0.237792 0.009555 0.019078
6 0.802926 0.236770 0.009555 0.017942
6 0.324276 0.195776 0.009555 0.017715
6 0.265452 0.196116 0.010152 0.017942
6 0.801433 0.194526 0.009555 0.017034
6 0.195282 0.195208 0.009555 0.018851
6 0.223350 0.194526 0.009555 0.017488
9 0.295013 0.160913 0.009555 0.031115
9 0.165721 0.160232 0.008958 0.025210
8 0.871006 0.151147 0.011347 0.007041
6 0.265452 0.154327 0.008958 0.017942
6 0.223350 0.153645 0.009555 0.017488
6 0.323977 0.152964 0.008958 0.018397
6 0.194088 0.153418 0.009555 0.017942
8 0.295611 0.110493 0.010749 0.007495
8 0.200060 0.109584 0.011944 0.006586
6 0.833383 0.112083 0.008958 0.018397
6 0.665870 0.112083 0.009555 0.017942
6 0.574201 0.112083 0.010152 0.018851
6 0.536877 0.111856 0.009555 0.018397
6 0.484025 0.111401 0.010152 0.017942
6 0.633323 0.111856 0.010152 0.019305
6 0.799343 0.111401 0.010152 0.018851
7 0.614213 0.104361 0.005375 0.011583
10 0.169155 0.079945 0.006868 0.003180
10 0.295909 0.070634 0.005972 0.002725
10 0.652135 0.066546 0.006569 0.004542
9 0.630337 0.070520 0.008361 0.022939
8 0.536578 0.070293 0.009555 0.023393
10 0.724694 0.060413 0.005972 0.002725
10 0.273813 0.051783 0.008361 0.002271
11 0.847566 0.954349 0.008659 0.005451
17 0.848164 0.912673 0.010451 0.006586
11 0.801433 0.909721 0.009555 0.006132
17 0.764258 0.909834 0.009854 0.007268
12 0.170648 0.908471 0.005076 0.004997
12 0.173037 0.898819 0.006868 0.005678
17 0.721708 0.909494 0.010152 0.007495
11 0.699313 0.908812 0.009555 0.006132
17 0.608988 0.908699 0.009854 0.007268
12 0.563900 0.908244 0.010451 0.007268
11 0.516721 0.907904 0.009256 0.006586
17 0.401911 0.907449 0.008958 0.006132
17 0.473723 0.907449 0.010451 0.007041
18 0.428785 0.907449 0.010152 0.007041
12 0.263511 0.907449 0.008062 0.007041
17 0.311735 0.907222 0.010152 0.007041
11 0.907435 0.881558 0.007166 0.004769
11 0.908032 0.875426 0.008361 0.005224
17 0.563900 0.876561 0.010451 0.006586
17 0.564198 0.867022 0.008659 0.003861
17 0.763959 0.876561 0.010451 0.008858
17 0.608838 0.874063 0.010749 0.007041
11 0.609734 0.867477 0.008361 0.002953
11 0.847119 0.872246 0.009555 0.005678
11 0.847119 0.877924 0.009555 0.005678
11 0.699761 0.871338 0.011048 0.006586
17 0.699761 0.877924 0.011048 0.006586
11 0.876680 0.875199 0.008958 0.005224
11 0.876680 0.869975 0.008958 0.005224
17 0.313676 0.870770 0.010451 0.007268
17 0.264407 0.870656 0.011048 0.007495
17 0.473425 0.869067 0.009854 0.006586
17 0.403553 0.868499 0.009854 0.006359
12 0.173783 0.862480 0.004180 0.003861
17 0.764557 0.833409 0.010451 0.007041
17 0.700209 0.833409 0.010749 0.007041
17 0.608092 0.833068 0.010451 0.006814
17 0.564497 0.832273 0.010451 0.006132
17 0.849806 0.827731 0.010152 0.006586
17 0.473574 0.827504 0.010152 0.006132
17 0.403255 0.827050 0.010451 0.007041
17 0.310540 0.826823 0.010152 0.007041
17 0.265004 0.826709 0.009854 0.006814
17 0.701553 0.790597 0.009854 0.006814
11 0.763959 0.785714 0.009256 0.006132
13 0.172290 0.783784 0.004778 0.003634
13 0.173634 0.770384 0.005673 0.009085
17 0.848612 0.785033 0.010152 0.006586
17 0.403553 0.784579 0.009854 0.006586
12 0.667513 0.780036 0.010451 0.006132
11 0.199612 0.778447 0.009256 0.005678
12 0.651090 0.777311 0.009854 0.006132
11 0.515527 0.776402 0.009854 0.006132
17 0.473126 0.776402 0.009854 0.006586
11 0.629143 0.774586 0.009555 0.006132
12 0.368020 0.773904 0.009854 0.006132
11 0.607644 0.771974 0.009555 0.006359
17 0.564497 0.771860 0.009854 0.007041
12 0.350105 0.770952 0.008659 0.005678
11 0.330099 0.768680 0.009256 0.005678
11 0.309346 0.765614 0.009555 0.005905
17 0.262914 0.765955 0.009854 0.007041
11 0.621977 0.725642 0.010152 0.006359
11 0.731860 0.725414 0.009555 0.006359
11 0.666169 0.718260 0.008958 0.006132
11 0.788594 0.717920 0.009555 0.005905
11 0.171245 0.717011 0.009256 0.005451
18 0.133174 0.714626 0.006569 0.003407
11 0.665273 0.689871 0.009555 0.006586
17 0.788444 0.689530 0.009854 0.006359
17 0.788146 0.679196 0.009256 0.005678
11 0.787996 0.666250 0.007764 0.005224
11 0.789340 0.653305 0.010451 0.005678
11 0.262168 0.684193 0.009555 0.006132
11 0.548671 0.682035 0.009256 0.006359
11 0.454315 0.681694 0.009256 0.006132
11 0.621827 0.679423 0.009854 0.005678
11 0.731412 0.679310 0.009256 0.005905
12 0.731114 0.668976 0.009854 0.006132
12 0.731711 0.656484 0.009854 0.005678
11 0.358167 0.676243 0.009256 0.006132
11 0.169603 0.671360 0.008361 0.005905
12 0.622723 0.643766 0.009256 0.006132
11 0.665273 0.641949 0.010152 0.007041
11 0.550761 0.641722 0.009854 0.006586
12 0.484622 0.641608 0.008361 0.006359
17 0.264109 0.642403 0.011048 0.007949
11 0.455360 0.641381 0.008958 0.006359
12 0.579875 0.641154 0.008361 0.006359
12 0.414452 0.641154 0.009555 0.006814
17 0.423261 0.618442 0.008062 0.002271
12 0.428934 0.635816 0.008062 0.006132
12 0.510749 0.641267 0.009256 0.007495
12 0.389519 0.640813 0.008659 0.007041
17 0.169603 0.640813 0.010152 0.007495
11 0.357868 0.640700 0.009256 0.007722
12 0.601374 0.638088 0.008958 0.004769
12 0.638101 0.636157 0.009555 0.006359
12 0.524186 0.635930 0.009854 0.005905
12 0.401015 0.635816 0.008361 0.006132
12 0.499403 0.635703 0.009256 0.006359
11 0.788594 0.630933 0.009555 0.005451
11 0.788146 0.617874 0.008659 0.005678
12 0.730815 0.630820 0.009854 0.006132
12 0.730517 0.615376 0.009256 0.006132
11 0.621230 0.600954 0.009256 0.006814
11 0.168558 0.600159 0.009256 0.006132
11 0.168259 0.586532 0.008659 0.006132
11 0.262317 0.599478 0.009256 0.006586
17 0.454016 0.597206 0.010451 0.007041
11 0.358316 0.596639 0.010749 0.006814
11 0.550164 0.596298 0.009256 0.007495
11 0.665423 0.591983 0.009256 0.006132
12 0.071812 0.589030 0.005673 0.007949
17 0.786951 0.581762 0.006271 0.006132
11 0.788594 0.568476 0.008958 0.005451
11 0.788594 0.573927 0.008958 0.005451
12 0.757689 0.579718 0.003882 0.003861
11 0.722604 0.573246 0.008361 0.005451
18 0.731114 0.590166 0.008062 0.005678
12 0.729919 0.577107 0.006868 0.004542
11 0.722604 0.578696 0.008361 0.005451
12 0.730964 0.563707 0.008958 0.005451
12 0.639146 0.549285 0.009256 0.006132
17 0.486712 0.547468 0.010152 0.006586
11 0.451627 0.546786 0.009256 0.006132
11 0.457898 0.529752 0.005076 0.003861
11 0.582413 0.546786 0.009854 0.006586
12 0.546880 0.546332 0.008659 0.005678
12 0.357271 0.546218 0.009256 0.005905
11 0.664975 0.546332 0.009555 0.006586
11 0.392804 0.546332 0.011048 0.007041
12 0.472977 0.543834 0.008958 0.005678
13 0.569274 0.543720 0.009256 0.005905
12 0.379367 0.543152 0.009256 0.006132
12 0.333383 0.543380 0.009256 0.006586
12 0.620932 0.540881 0.009854 0.005678
13 0.311436 0.540427 0.009555 0.006132
12 0.299940 0.538156 0.009256 0.005678
12 0.287847 0.535658 0.008958 0.006132
12 0.261421 0.535430 0.009854 0.005678
12 0.789639 0.535544 0.009256 0.006359
12 0.789042 0.522485 0.008062 0.005678
12 0.789042 0.509539 0.009256 0.006132
17 0.731711 0.535658 0.009854 0.006586
12 0.731412 0.524756 0.008659 0.006586
12 0.731860 0.512719 0.010152 0.007041
12 0.274858 0.533159 0.009256 0.005678
12 0.237534 0.532932 0.007465 0.006132
12 0.225739 0.529980 0.009555 0.006586
12 0.212899 0.527481 0.008958 0.006132
12 0.167961 0.527481 0.009256 0.006132
12 0.201403 0.524529 0.009256 0.006586
12 0.181547 0.522258 0.007764 0.005678
11 0.907883 0.485464 0.009854 0.006586
11 0.462228 0.478651 0.009555 0.006132
11 0.264706 0.470929 0.009854 0.006586
11 0.415199 0.468885 0.008659 0.005678
11 0.359660 0.468658 0.008659 0.006132
11 0.167961 0.465932 0.009854 0.006586
11 0.550612 0.449239 0.008958 0.005905
11 0.742162 0.446854 0.009256 0.006132
11 0.415646 0.444356 0.009555 0.006586
11 0.907435 0.443675 0.010152 0.006586
11 0.835324 0.443448 0.009256 0.006586
11 0.651986 0.441858 0.009256 0.005678
17 0.465064 0.436407 0.010451 0.007041
17 0.266497 0.428912 0.009854 0.007041
17 0.361003 0.426187 0.010152 0.006586
17 0.170349 0.423348 0.009854 0.006814
11 0.909675 0.405746 0.008659 0.006132
12 0.670947 0.403588 0.008958 0.006359
11 0.653628 0.403248 0.008958 0.005678
11 0.699015 0.403475 0.008958 0.006586
11 0.789639 0.403021 0.008659 0.006586
12 0.867423 0.402794 0.008958 0.006586
11 0.833532 0.402680 0.010451 0.006814
12 0.760675 0.402112 0.009256 0.006586
11 0.742162 0.402566 0.009256 0.007495
12 0.623768 0.401885 0.009555 0.006586
12 0.889370 0.399387 0.008659 0.006132
12 0.603314 0.398024 0.008659 0.006132
12 0.774410 0.397570 0.009256 0.005678
12 0.684533 0.397797 0.009854 0.006132
12 0.589579 0.395299 0.009854 0.007041
12 0.575993 0.393027 0.010152 0.006132
12 0.548671 0.392800 0.009256 0.005678
12 0.563302 0.390416 0.009854 0.006359
12 0.307554 0.385305 0.009555 0.006132
12 0.212451 0.385078 0.009256 0.005678
17 0.465064 0.385419 0.010451 0.006814
12 0.414153 0.385192 0.008958 0.006359
17 0.359809 0.385533 0.010152 0.007041
17 0.265602 0.385305 0.010451 0.007041
17 0.169304 0.385533 0.010152 0.007495
12 0.434458 0.383034 0.008958 0.005678
12 0.329203 0.382580 0.008659 0.005678
12 0.233950 0.382580 0.009256 0.006132
18 0.317259 0.381104 0.007465 0.004542
11 0.907435 0.358960 0.009555 0.007041
11 0.906987 0.342834 0.008659 0.005678
11 0.651538 0.352146 0.008361 0.004315
11 0.651538 0.346128 0.008958 0.006814
11 0.741565 0.351578 0.008659 0.005905
12 0.747537 0.349080 0.008659 0.005905
11 0.832935 0.351806 0.008659 0.005905
12 0.839803 0.348626 0.008659 0.005905
11 0.381308 0.348739 0.009555 0.006132
11 0.281726 0.345673 0.009854 0.005905
11 0.281726 0.351578 0.009854 0.005905
17 0.464168 0.346014 0.010451 0.007041
11 0.186175 0.345106 0.009854 0.005678
11 0.186175 0.350784 0.009854 0.005678
11 0.415199 0.343516 0.009256 0.005678
11 0.771872 0.339655 0.004778 0.004315
11 0.576590 0.340904 0.010749 0.007268
13 0.549119 0.294004 0.009555 0.006132
12 0.417139 0.294004 0.009555 0.006586
17 0.577635 0.293891 0.010451 0.006814
11 0.346671 0.291846 0.004778 0.004088
12 0.499552 0.291619 0.008361 0.005451
12 0.650194 0.291392 0.007465 0.005451
12 0.832189 0.291052 0.008361 0.005224
12 0.739176 0.291279 0.007465 0.005678
12 0.379367 0.291279 0.008062 0.005678
12 0.563601 0.291052 0.008659 0.005678
11 0.308002 0.291279 0.008659 0.006132
12 0.280233 0.291165 0.008062 0.005905
11 0.262765 0.291279 0.008361 0.006132
11 0.212750 0.290938 0.008062 0.005905
11 0.870857 0.290824 0.009256 0.006132
12 0.186474 0.291052 0.009256 0.006586
11 0.168558 0.290824 0.008062 0.006132
17 0.775306 0.290824 0.010451 0.006586
17 0.686623 0.290824 0.009854 0.006586
17 0.464467 0.291052 0.011048 0.007041
12 0.760227 0.288553 0.008958 0.005678
12 0.671544 0.288780 0.008958 0.006586
12 0.521499 0.288553 0.009256 0.006132
12 0.510749 0.285714 0.008062 0.004997
12 0.855031 0.288326 0.009854 0.006132
12 0.392953 0.288553 0.008958 0.006586
11 0.359212 0.288440 0.009555 0.006359
12 0.919379 0.288099 0.009555 0.006132
12 0.435652 0.286282 0.008361 0.005678
12 0.293371 0.286282 0.009256 0.006132
12 0.904897 0.285828 0.009256 0.006132
12 0.200358 0.285828 0.008958 0.006132
11 0.485219 0.242335 0.009555 0.005905
11 0.758585 0.241881 0.009256 0.005905
13 0.070021 0.240745 0.005673 0.012719
12 0.070917 0.061208 0.004479 0.003407
11 0.836369 0.236884 0.008361 0.005905
11 0.573305 0.234726 0.009555 0.006586
11 0.370708 0.232228 0.008659 0.005678
11 0.667513 0.232228 0.008659 0.006132
11 0.721857 0.232001 0.008659 0.006132
11 0.722753 0.207699 0.009854 0.006586
17 0.487160 0.200432 0.010451 0.006586
17 0.759779 0.199750 0.009854 0.006132
11 0.167662 0.194299 0.008062 0.005678
17 0.837414 0.194299 0.009854 0.006132
17 0.572559 0.192710 0.010451 0.007041
17 0.667961 0.189643 0.010152 0.006359
17 0.370708 0.189643 0.010451 0.006814
12 0.296954 0.187486 0.009854 0.006586
18 0.104061 0.159210 0.008659 0.005905
18 0.098686 0.162616 0.008659 0.005905
11 0.722902 0.157733 0.008958 0.005678
17 0.668558 0.155689 0.010152 0.006586
17 0.486712 0.155689 0.010749 0.007041
17 0.759480 0.155235 0.010451 0.007041
17 0.572708 0.155008 0.010749 0.007041
11 0.167065 0.152283 0.009256 0.005224
11 0.167065 0.157506 0.009256 0.005224
12 0.470738 0.151033 0.006271 0.004088
12 0.295760 0.150125 0.008659 0.005451
11 0.295760 0.155576 0.008659 0.005451
13 0.371902 0.146945 0.010451 0.005905
13 0.371902 0.152850 0.010451 0.005905
12 0.594804 0.124120 0.009555 0.006132
12 0.504031 0.123893 0.009555 0.006586
17 0.864586 0.122417 0.010451 0.004542
17 0.864586 0.126959 0.010451 0.004542
11 0.864586 0.131501 0.010451 0.004542
17 0.758585 0.123325 0.009854 0.006814
11 0.722454 0.121395 0.008062 0.005678
12 0.688862 0.121167 0.007764 0.005678
12 0.520603 0.118669 0.008062 0.006132
12 0.611227 0.116284 0.008958 0.005905
12 0.704091 0.116057 0.009555 0.005905
18 0.372798 0.113672 0.009854 0.006586
12 0.365632 0.084488 0.004479 0.004088
12 0.369513 0.058256 0.008659 0.005678
11 0.324873 0.078810 0.005375 0.002725
13 0.323679 0.063139 0.007764 0.005905
11 0.331890 0.077788 0.005076 0.003407
12 0.339206 0.060527 0.008361 0.006586
12 0.168856 0.078356 0.008659 0.005905
12 0.183488 0.075744 0.006271 0.005224
13 0.223201 0.075517 0.009854 0.006132
11 0.231860 0.057574 0.008062 0.003861
11 0.802478 0.075290 0.008659 0.006132
12 0.296357 0.073246 0.008062 0.006132
13 0.239773 0.073018 0.008361 0.005678
13 0.238877 0.057007 0.004180 0.003634
12 0.196029 0.072905 0.008062 0.005451
12 0.266497 0.070747 0.009256 0.006586
12 0.210212 0.070066 0.007764 0.006132
12 0.309943 0.068022 0.007764 0.005224
12 0.282622 0.067795 0.006868 0.005224
17 0.573007 0.068022 0.009555 0.006586
17 0.757987 0.067568 0.010451 0.006132
17 0.486712 0.068022 0.010152 0.007041
12 0.445954 0.065637 0.008659 0.005905
17 0.666766 0.066091 0.010749 0.007268
12 0.918035 0.065296 0.009256 0.006586
13 0.652881 0.063707 0.006868 0.005224
11 0.631830 0.063707 0.006569 0.005224
13 0.434010 0.063139 0.005673 0.004542
13 0.424455 0.063139 0.007465 0.005451
11 0.537772 0.063252 0.008361 0.006132
11 0.722156 0.063139 0.008659 0.006359
12 0.893550 0.062798 0.008062 0.006132
13 0.411317 0.060413 0.008062 0.006359
13 0.880113 0.059846 0.008659 0.006586
12 0.398925 0.057915 0.008958 0.005905
12 0.866079 0.057574 0.009256 0.005678
12 0.836070 0.057120 0.009555 0.005224
12 0.851747 0.054395 0.009256 0.006132
12 0.384145 0.054735 0.009256 0.006814
2 0.130337 0.327958 0.027172 0.025891
0 0.097492 0.864751 0.022395 0.023393
2 0.095103 0.712809 0.018214 0.018397
3 0.148403 0.906995 0.009555 0.022030
0 0.905494 0.565864 0.021200 0.025664
2 0.096297 0.946968 0.018214 0.018851
4 0.424455 0.381444 0.009256 0.014308
4 0.404748 0.294004 0.008659 0.014763
1 0.094207 0.290597 0.021798 0.035203
4 0.095402 0.110720 0.022395 0.033386
0 0.096895 0.621735 0.022395 0.023393
2 0.092117 0.238360 0.020006 0.020668
4 0.710212 0.158188 0.009854 0.016580
1 0.095700 0.576084 0.022395 0.040200
4 0.191848 0.524302 0.009256 0.015217
4 0.252613 0.641949 0.008958 0.012491
1 0.095402 0.529525 0.021798 0.040654
4 0.322036 0.542130 0.009256 0.014081
4 0.558226 0.543834 0.008659 0.012491
4 0.628397 0.549739 0.009256 0.017034
4 0.612272 0.401431 0.009854 0.017488
4 0.222604 0.381217 0.009256 0.013400
4 0.842490 0.288099 0.008659 0.014763
2 0.093610 0.475698 0.020006 0.020213
2 0.094804 0.905405 0.019409 0.019305
4 0.904300 0.064161 0.009256 0.015217
4 0.359062 0.152510 0.009854 0.012491
1 0.171544 0.821826 0.009256 0.014308
2 0.095700 0.667159 0.019409 0.019759
2 0.093610 0.195889 0.018812 0.020213
4 0.661541 0.288780 0.008659 0.016580
3 0.864288 0.875767 0.006868 0.017715
4 0.360854 0.113672 0.009854 0.012946
4 0.369215 0.348058 0.009256 0.015671
2 0.092714 0.432319 0.019409 0.019759
1 0.095700 0.068930 0.022395 0.039746
4 0.610481 0.644674 0.008659 0.014308
1 0.070917 0.531115 0.006271 0.012946
4 0.729621 0.348739 0.012242 0.016125
1 0.093909 0.331706 0.021200 0.033841
4 0.130188 0.574381 0.008361 0.013627
4 0.121827 0.566205 0.008361 0.015444
4 0.140639 0.563252 0.008958 0.015444
4 0.130188 0.529525 0.008361 0.014308
4 0.139445 0.516125 0.008958 0.013854
4 0.129292 0.201567 0.008361 0.012491
4 0.120932 0.192823 0.008361 0.013627
4 0.137354 0.188167 0.007764 0.012946
4 0.129890 0.479787 0.008361 0.013854
4 0.121529 0.471270 0.008361 0.014536
4 0.139445 0.468885 0.008361 0.013854
4 0.128695 0.292301 0.008958 0.013627
4 0.120036 0.283216 0.008361 0.014536
4 0.138250 0.280604 0.008958 0.014308
5 0.923559 0.520327 0.006569 0.013173
3 0.911914 0.523734 0.007166 0.025437
4 0.129591 0.385760 0.008958 0.012037
4 0.122126 0.376561 0.008361 0.012264
4 0.139146 0.373722 0.008958 0.013400
4 0.890116 0.622984 0.005375 0.012264
3 0.883249 0.614581 0.007166 0.019078
3 0.896984 0.609811 0.005972 0.014990
4 0.130785 0.671928 0.008958 0.014763
4 0.140042 0.660572 0.008361 0.015671
3 0.891012 0.719055 0.006569 0.012719
3 0.882950 0.708835 0.005972 0.014081
3 0.897283 0.705428 0.005972 0.012719
3 0.890116 0.672723 0.005972 0.015444
4 0.882353 0.662503 0.005972 0.011356
5 0.896088 0.658415 0.005972 0.014081
4 0.129292 0.241994 0.008958 0.016125
4 0.120932 0.234159 0.008958 0.015444
4 0.137952 0.231547 0.009555 0.016125
5 0.904150 0.622757 0.007166 0.013627
5 0.922365 0.617079 0.006569 0.013173
5 0.154673 0.819214 0.007166 0.013173
5 0.137653 0.818192 0.006569 0.013854
4 0.537474 0.294799 0.008361 0.015444
5 0.123619 0.864865 0.007166 0.012264
5 0.130785 0.856234 0.005972 0.014081
5 0.124963 0.909380 0.007465 0.012264
5 0.131383 0.900636 0.008361 0.011583
4 0.129292 0.067568 0.010152 0.015217
4 0.120334 0.059051 0.008958 0.014081
4 0.122126 0.615262 0.008958 0.013627
4 0.138847 0.100045 0.008361 0.012946
3 0.892207 0.526459 0.005972 0.019078
3 0.885040 0.521008 0.005972 0.014536
5 0.123171 0.771974 0.006868 0.013627
5 0.131681 0.764138 0.007166 0.013854
5 0.131681 0.806723 0.007764 0.014081
3 0.891609 0.573018 0.007166 0.018624
3 0.883846 0.565069 0.007166 0.015444
5 0.123619 0.950715 0.006569 0.014990
5 0.131383 0.943334 0.006569 0.012491
3 0.888325 0.879400 0.006569 0.016352
3 0.896686 0.876902 0.006569 0.018624
4 0.121827 0.147627 0.008958 0.014990
5 0.916692 0.673404 0.007764 0.014081
5 0.911317 0.661367 0.006569 0.012719
5 0.138847 0.866341 0.006569 0.014763
5 0.146611 0.859641 0.007764 0.014990
5 0.900418 0.513173 0.009256 0.015217
5 0.903703 0.524983 0.009256 0.015217
5 0.124067 0.707132 0.009256 0.015217
4 0.140938 0.705996 0.008958 0.015217
5 0.074500 0.383261 0.009256 0.015217
3 0.087190 0.380763 0.008958 0.015217
4 0.097790 0.823189 0.009256 0.013400
5 0.103613 0.823189 0.008958 0.013400
4 0.091818 0.818873 0.009256 0.015217
4 0.100627 0.814104 0.008958 0.015217
5 0.131233 0.620827 0.009256 0.015217
4 0.138250 0.612196 0.008958 0.015217
4 0.129740 0.435953 0.009256 0.015217
4 0.137354 0.425960 0.008958 0.015217
5 0.156315 0.778787 0.009256 0.014536
3 0.097492 0.780718 0.009256 0.012946
5 0.102419 0.780718 0.008958 0.012946
4 0.090923 0.775267 0.009256 0.015217
4 0.100328 0.770270 0.008958 0.015217
4 0.717976 0.589484 0.009256 0.015217
5 0.712899 0.667613 0.009256 0.015217
4 0.721409 0.660118 0.008958 0.015217
4 0.590325 0.637293 0.008958 0.012264
5 0.904598 0.718715 0.009256 0.015217
5 0.914900 0.719169 0.008958 0.015217
4 0.130935 0.154327 0.009256 0.015217
4 0.138549 0.145242 0.008958 0.015217
4 0.719170 0.512264 0.009256 0.015217
4 0.717976 0.524302 0.009256 0.015217