10 0.177121 0.944810 0.005974 0.002725
10 0.241637 0.943902 0.005974 0.002725
8 0.388889 0.941517 0.012545 0.007041
10 0.176822 0.940268 0.007766 0.002725
10 0.341099 0.938905 0.006571 0.002271
9 0.744325 0.947195 0.008961 0.023847
6 0.207288 0.943788 0.008961 0.018397
6 0.359319 0.941744 0.009558 0.019305
6 0.724612 0.941631 0.005376 0.018624
6 0.770012 0.940382 0.007766 0.019305
10 0.921446 0.932773 0.005974 0.004542
10 0.505974 0.929253 0.006571 0.002953
10 0.496117 0.928799 0.009558 0.002953
10 0.517622 0.929253 0.011947 0.004769
10 0.503883 0.902907 0.006571 0.003861
7 0.373357 0.894504 0.011947 0.013854
6 0.389188 0.893368 0.008961 0.017942
6 0.768220 0.891551 0.009558 0.017942
6 0.723716 0.891438 0.008961 0.018169
7 0.219534 0.849534 0.011350 0.013400
6 0.239546 0.848853 0.009558 0.018397
7 0.878435 0.846582 0.011350 0.014308
10 0.521505 0.839995 0.013142 0.001590
6 0.768220 0.846355 0.010753 0.018397
6 0.724612 0.846582 0.008363 0.018851
10 0.177718 0.851692 0.005974 0.002271
9 0.767324 0.805701 0.011350 0.033386
8 0.709976 0.796730 0.011350 0.008630
7 0.878435 0.798660 0.011350 0.013854
6 0.799881 0.798433 0.008363 0.018851
6 0.745818 0.797979 0.008961 0.017942
7 0.710424 0.749489 0.011051 0.014081
7 0.878584 0.748467 0.011649 0.013400
6 0.746565 0.748921 0.009259 0.018851
6 0.797640 0.748694 0.006272 0.018397
9 0.858274 0.748694 0.010454 0.029298
9 0.725956 0.749148 0.011051 0.029298
9 0.766876 0.748467 0.010454 0.028844
9 0.244773 0.752101 0.004480 0.032932
10 0.768519 0.736543 0.005974 0.002725
10 0.728196 0.736430 0.006571 0.002953
10 0.496714 0.735975 0.008363 0.004315
10 0.491935 0.709176 0.009558 0.002498
8 0.238650 0.703270 0.010753 0.007949
7 0.191458 0.705996 0.011947 0.014308
8 0.875149 0.706677 0.011350 0.009766
6 0.207587 0.704860 0.009558 0.018397
6 0.338710 0.703498 0.010155 0.018851
9 0.857527 0.701681 0.007168 0.028844
10 0.490442 0.658188 0.016129 0.002271
8 0.241039 0.658983 0.011947 0.006586
7 0.192652 0.660799 0.011947 0.013854
8 0.876045 0.661481 0.013142 0.018397
6 0.339008 0.660572 0.009558 0.018397
6 0.209677 0.660572 0.008961 0.017942
9 0.379928 0.643311 0.004182 0.037474
9 0.607527 0.641267 0.012545 0.041108
8 0.225956 0.586532 0.011649 0.007041
8 0.539576 0.585851 0.011649 0.006586
10 0.854391 0.585056 0.011649 0.004997
8 0.712515 0.584829 0.009857 0.008176
7 0.206541 0.587895 0.012246 0.013400
10 0.179510 0.583920 0.009558 0.003180
7 0.519265 0.587667 0.012843 0.013854
9 0.643817 0.594481 0.009857 0.028390
6 0.678166 0.586759 0.008065 0.018397
6 0.826016 0.586078 0.009857 0.017488
10 0.399044 0.574154 0.005974 0.004088
10 0.444444 0.548830 0.005974 0.004769
8 0.540323 0.533841 0.011350 0.007041
8 0.224910 0.534068 0.011350 0.006586
8 0.854540 0.533386 0.011350 0.006586
7 0.205197 0.536339 0.012545 0.012946
7 0.837216 0.535658 0.011350 0.012946
7 0.520908 0.535885 0.011947 0.013854
10 0.489546 0.530888 0.007766 0.002953
10 0.427718 0.507154 0.013142 0.001817
8 0.642772 0.488644 0.010753 0.006586
8 0.539128 0.488644 0.010155 0.006586
8 0.224910 0.488644 0.011350 0.007495
7 0.521505 0.490688 0.011947 0.013400
7 0.204301 0.490234 0.011947 0.013400
9 0.488949 0.495458 0.008961 0.024302
10 0.419056 0.485578 0.007766 0.003180
6 0.711768 0.489553 0.008961 0.018397
8 0.918757 0.479332 0.007168 0.015671
9 0.909498 0.484329 0.010155 0.030207
10 0.731183 0.464910 0.005974 0.001817
9 0.659498 0.449580 0.008363 0.026119
9 0.643369 0.452419 0.010753 0.020441
10 0.645759 0.444243 0.007168 0.002725
10 0.661589 0.443788 0.010155 0.004542
9 0.719982 0.436521 0.008662 0.029525
9 0.649791 0.427322 0.008065 0.021122
10 0.545102 0.391551 0.005974 0.003634
8 0.712963 0.384738 0.011947 0.007722
7 0.690562 0.387350 0.011350 0.013854
7 0.362903 0.386441 0.011947 0.013400
9 0.332139 0.394617 0.005376 0.030661
10 0.239845 0.381558 0.008363 0.002725
6 0.802270 0.387804 0.008961 0.018851
6 0.382019 0.385987 0.009558 0.018851
10 0.291816 0.342721 0.013142 0.001817
10 0.273895 0.342040 0.010753 0.002725
10 0.284050 0.339882 0.007168 0.001590
8 0.712664 0.340336 0.011350 0.007041
7 0.691756 0.341926 0.011350 0.012946
7 0.363501 0.340563 0.011947 0.013400
6 0.803166 0.341699 0.009558 0.018397
9 0.827061 0.342380 0.009558 0.024302
6 0.382318 0.339655 0.007766 0.018851
9 0.418459 0.340563 0.009558 0.023393
9 0.223118 0.328867 0.009558 0.022258
10 0.884110 0.287758 0.012545 0.004542
10 0.589008 0.287531 0.006571 0.004542
10 0.586918 0.271633 0.005974 0.002725
10 0.493728 0.271292 0.005974 0.003407
8 0.701613 0.270838 0.005974 0.007041
8 0.683692 0.269702 0.010753 0.009312
9 0.797790 0.277424 0.009558 0.023393
10 0.879331 0.267772 0.007766 0.002725
10 0.491637 0.267431 0.006571 0.002953
8 0.391278 0.267886 0.012545 0.007041
8 0.230884 0.267431 0.011947 0.007495
7 0.402330 0.226550 0.012545 0.007041
9 0.794205 0.234272 0.004182 0.022485
8 0.702509 0.226323 0.008363 0.007949
7 0.683692 0.228594 0.011350 0.013400
7 0.381720 0.228140 0.011947 0.012946
8 0.232975 0.224052 0.011947 0.007041
10 0.431601 0.182149 0.007766 0.004997
9 0.402927 0.178060 0.010155 0.020441
9 0.276583 0.177947 0.007168 0.020668
9 0.306452 0.177606 0.008363 0.020441
10 0.684289 0.177606 0.006571 0.002725
10 0.610215 0.177379 0.007766 0.002271
10 0.506571 0.176925 0.005974 0.002271
10 0.381123 0.134000 0.009558 0.003180
7 0.828554 0.126391 0.011947 0.012946
8 0.556452 0.122984 0.011350 0.007495
7 0.536141 0.125256 0.011350 0.012946
8 0.260753 0.120940 0.011350 0.008858
7 0.213560 0.122984 0.012545 0.013854
6 0.844385 0.123666 0.008961 0.017488
6 0.228495 0.122530 0.008961 0.018397
10 0.749104 0.112878 0.007168 0.002725
10 0.442055 0.111742 0.007168 0.002271
10 0.800478 0.077674 0.012545 0.004997
8 0.702509 0.076993 0.008961 0.009085
8 0.551673 0.075517 0.013142 0.007041
8 0.398148 0.074608 0.011947 0.006586
8 0.244325 0.073700 0.011350 0.007041
6 0.846476 0.077788 0.010155 0.018397
9 0.881272 0.079151 0.008662 0.023847
12 0.860364 0.957870 0.008065 0.006586
11 0.801523 0.957870 0.011051 0.007495
12 0.602897 0.951170 0.009259 0.004997
12 0.555108 0.951397 0.009259 0.005905
12 0.502240 0.951510 0.008662 0.006132
12 0.649940 0.950829 0.008961 0.005678
12 0.922342 0.949921 0.004182 0.004315
13 0.921595 0.942539 0.006272 0.004542
13 0.921595 0.934931 0.005078 0.006132
11 0.149791 0.948558 0.005078 0.003407
11 0.768668 0.945037 0.005078 0.003634
18 0.239994 0.942880 0.006870 0.003407
11 0.176075 0.942880 0.008662 0.006132
11 0.340950 0.941517 0.007467 0.005678
12 0.632168 0.940382 0.009259 0.004769
12 0.538680 0.940836 0.008662 0.005678
12 0.484170 0.940609 0.009558 0.005678
12 0.585573 0.940609 0.009259 0.006132
11 0.688919 0.939927 0.008065 0.005678
12 0.745968 0.939927 0.007467 0.006132
12 0.241487 0.917443 0.009259 0.006132
18 0.297640 0.914263 0.009259 0.007495
12 0.262694 0.913809 0.009857 0.007041
12 0.220430 0.913127 0.008961 0.006586
12 0.176673 0.912219 0.009259 0.006586
12 0.277778 0.911310 0.010155 0.006586
11 0.341846 0.911083 0.009857 0.006586
11 0.423238 0.910175 0.008363 0.006586
12 0.485215 0.909948 0.008662 0.007041
11 0.690114 0.908812 0.009857 0.006132
11 0.690711 0.897456 0.008662 0.006132
12 0.586768 0.909039 0.008662 0.006586
12 0.537634 0.909266 0.008961 0.007041
11 0.745818 0.908699 0.009558 0.006359
11 0.745968 0.897456 0.008065 0.005678
12 0.311081 0.908131 0.009259 0.006132
12 0.632019 0.907904 0.008363 0.006132
11 0.802718 0.907904 0.011649 0.007495
12 0.860066 0.905633 0.009259 0.007495
12 0.502091 0.901544 0.008961 0.005678
18 0.647252 0.900863 0.006571 0.005678
12 0.556302 0.901090 0.008662 0.006132
12 0.603793 0.900522 0.008065 0.005905
11 0.921296 0.891438 0.007467 0.003634
13 0.923088 0.884056 0.006870 0.006132
11 0.295848 0.865660 0.009857 0.006586
11 0.744474 0.864524 0.008662 0.006132
11 0.745221 0.852714 0.008961 0.006132
11 0.689367 0.864297 0.009558 0.006132
11 0.689665 0.852828 0.007766 0.005905
12 0.859170 0.862707 0.009259 0.006132
11 0.801225 0.863161 0.011051 0.007041
12 0.502838 0.857029 0.008065 0.003861
13 0.440263 0.856575 0.009558 0.005678
12 0.390980 0.856802 0.008961 0.006132
12 0.603345 0.855894 0.009558 0.005678
12 0.555705 0.856121 0.008662 0.006132
12 0.650239 0.855439 0.008961 0.005678
12 0.371864 0.854531 0.008961 0.006132
12 0.484319 0.853736 0.009259 0.006359
12 0.406511 0.854077 0.008961 0.007041
12 0.633662 0.853168 0.009259 0.006586
12 0.586768 0.853168 0.009857 0.006586
12 0.539576 0.853395 0.009857 0.007041
11 0.177270 0.852714 0.009259 0.005678
11 0.340950 0.851919 0.009259 0.005451
13 0.454152 0.851238 0.009259 0.005905
12 0.424134 0.851351 0.009558 0.006132
13 0.920998 0.847377 0.006272 0.004088
13 0.921147 0.840450 0.011350 0.007949
12 0.079898 0.843970 0.004480 0.007722
12 0.079898 0.825346 0.004480 0.005451
12 0.081093 0.771292 0.004480 0.009539
17 0.175179 0.820236 0.009857 0.007041
11 0.175179 0.806836 0.009857 0.007495
12 0.180257 0.794572 0.011649 0.008403
13 0.239994 0.819214 0.010454 0.007722
13 0.239994 0.806496 0.009259 0.006814
18 0.243130 0.795367 0.010155 0.007268
11 0.556153 0.812968 0.009558 0.006132
11 0.554510 0.794345 0.009857 0.006132
11 0.502240 0.812855 0.009259 0.006359
11 0.503286 0.794799 0.010155 0.006586
11 0.485215 0.812741 0.009857 0.006132
12 0.483124 0.794799 0.009259 0.006586
12 0.689217 0.812060 0.009259 0.006132
12 0.688919 0.793891 0.008662 0.006132
11 0.727151 0.802294 0.008662 0.006132
11 0.725956 0.794118 0.008662 0.006132
11 0.768519 0.801499 0.008961 0.005451
11 0.766726 0.793891 0.007766 0.006586
12 0.345430 0.803202 0.011051 0.008858
17 0.341547 0.816829 0.011649 0.007041
12 0.860962 0.801045 0.007467 0.005451
13 0.860215 0.793209 0.008363 0.006132
12 0.391876 0.802748 0.010753 0.008858
11 0.388590 0.816716 0.011350 0.006814
13 0.919654 0.799114 0.004182 0.004315
13 0.922640 0.790938 0.005974 0.005224
12 0.648895 0.794004 0.009857 0.006359
12 0.648746 0.812514 0.008363 0.006132
11 0.602897 0.794004 0.009857 0.006359
11 0.604689 0.812514 0.009857 0.006132
17 0.817354 0.792982 0.011051 0.007495
13 0.176075 0.764819 0.010454 0.007041
13 0.176075 0.756416 0.009259 0.006586
12 0.177270 0.748013 0.004480 0.004315
13 0.239994 0.764365 0.010454 0.007041
13 0.239994 0.756189 0.010454 0.007041
13 0.243728 0.746877 0.009558 0.006586
12 0.689815 0.757325 0.008065 0.005678
12 0.081392 0.756189 0.003883 0.004769
12 0.081691 0.744038 0.003883 0.005451
17 0.389038 0.755848 0.010454 0.005905
17 0.389038 0.761753 0.010454 0.005905
13 0.392772 0.746423 0.011350 0.007949
13 0.340352 0.755848 0.010454 0.005905
13 0.340352 0.761753 0.010454 0.005905
13 0.341398 0.747672 0.005376 0.004542
13 0.500597 0.755508 0.008363 0.006132
11 0.484170 0.752442 0.007766 0.004997
11 0.494474 0.735975 0.010454 0.003407
13 0.555108 0.755280 0.009857 0.006132
13 0.663232 0.754826 0.009857 0.006132
12 0.648596 0.760277 0.010454 0.006132
17 0.658751 0.737792 0.010454 0.005678
13 0.602300 0.754826 0.009857 0.006132
12 0.539576 0.752896 0.008662 0.005905
12 0.634409 0.752555 0.008961 0.006132
12 0.589307 0.752555 0.008961 0.006132
12 0.919952 0.750170 0.006571 0.004997
12 0.922790 0.741881 0.005078 0.004315
13 0.570042 0.749943 0.009857 0.006359
13 0.521207 0.749943 0.008363 0.006359
13 0.616637 0.749603 0.009857 0.006586
18 0.708632 0.748240 0.007467 0.007041
11 0.726553 0.738814 0.009259 0.005451
11 0.726553 0.744265 0.009259 0.005451
12 0.859170 0.738360 0.009259 0.005451
12 0.859170 0.743811 0.009259 0.005451
11 0.767324 0.738474 0.008363 0.005678
12 0.767324 0.744152 0.008363 0.005678
17 0.817802 0.738247 0.011350 0.006132
17 0.817802 0.744379 0.011350 0.006132
11 0.359319 0.713264 0.009558 0.006132
18 0.492832 0.710084 0.007168 0.002498
13 0.920699 0.706904 0.006870 0.005224
13 0.921894 0.697479 0.008065 0.008176
18 0.236410 0.704179 0.003883 0.003861
12 0.894415 0.703725 0.009259 0.006132
13 0.648297 0.699182 0.009259 0.006586
12 0.175329 0.698274 0.005974 0.005678
17 0.691010 0.696457 0.009857 0.006586
17 0.746565 0.696116 0.009857 0.006359
12 0.859319 0.695889 0.007168 0.006359
17 0.800777 0.695889 0.010155 0.006814
13 0.556452 0.694640 0.008363 0.006586
13 0.504331 0.694526 0.010454 0.006814
17 0.390532 0.694754 0.010454 0.007268
13 0.603495 0.694186 0.008065 0.006586
13 0.663232 0.693959 0.009259 0.007041
12 0.540621 0.692142 0.008961 0.006132
11 0.486410 0.691915 0.009259 0.006132
12 0.588262 0.691801 0.009857 0.006359
12 0.633961 0.691460 0.009259 0.006586
12 0.081392 0.690098 0.004480 0.005678
13 0.617832 0.688281 0.008065 0.006586
13 0.522849 0.688281 0.008065 0.006586
13 0.570639 0.687826 0.009259 0.006586
18 0.531810 0.674427 0.009259 0.006132
13 0.922342 0.653418 0.006571 0.009993
11 0.359170 0.650125 0.009259 0.006132
13 0.893519 0.639905 0.009857 0.006586
13 0.647252 0.635703 0.008363 0.006814
12 0.175478 0.634113 0.008662 0.006359
12 0.860364 0.632410 0.009259 0.006132
17 0.691607 0.632637 0.011051 0.007041
12 0.800777 0.632523 0.009558 0.007268
17 0.747162 0.632523 0.011051 0.007268
13 0.602897 0.630706 0.008662 0.006814
12 0.555705 0.630706 0.008065 0.006814
13 0.504779 0.630706 0.008961 0.006814
13 0.662933 0.630139 0.008662 0.007495
17 0.384558 0.630252 0.011051 0.008176
18 0.586768 0.628435 0.008662 0.005905
18 0.539128 0.628549 0.009558 0.006132
18 0.483722 0.627867 0.008662 0.006132
18 0.631571 0.627867 0.009259 0.006586
12 0.615741 0.625823 0.007467 0.007041
12 0.521057 0.625710 0.008065 0.006814
12 0.570191 0.625596 0.009558 0.007495
12 0.637843 0.602089 0.004480 0.004997
11 0.644713 0.584942 0.008662 0.006132
12 0.384558 0.590620 0.008662 0.005224
12 0.435335 0.588349 0.009857 0.006132
12 0.400239 0.588122 0.008961 0.005678
12 0.365442 0.588349 0.009857 0.006132
18 0.712664 0.585510 0.007766 0.004542
11 0.178763 0.586078 0.008065 0.005678
12 0.418608 0.585737 0.007467 0.005451
12 0.335125 0.585623 0.007766 0.006132
11 0.804062 0.584715 0.008363 0.006132
11 0.489845 0.585056 0.008363 0.006814
12 0.449671 0.583012 0.009857 0.006359
12 0.714158 0.556893 0.007766 0.006359
13 0.763740 0.554281 0.008961 0.007041
12 0.733274 0.554281 0.008961 0.007041
12 0.693847 0.553373 0.008961 0.006586
11 0.804510 0.551556 0.009259 0.006132
12 0.749403 0.550761 0.008961 0.006359
11 0.644713 0.550761 0.009259 0.006359
13 0.777778 0.548717 0.008363 0.005905
12 0.383961 0.538837 0.008065 0.006132
13 0.078853 0.535544 0.004779 0.003634
13 0.435932 0.535885 0.009259 0.006586
12 0.401434 0.535885 0.009558 0.006586
12 0.363351 0.535998 0.009857 0.006814
11 0.177867 0.533841 0.009259 0.005678
12 0.419504 0.533613 0.008662 0.005678
11 0.489546 0.533273 0.008961 0.005905
12 0.336171 0.533386 0.008065 0.006132
13 0.449671 0.530774 0.009259 0.006359
12 0.070042 0.529639 0.003883 0.004997
11 0.749552 0.505451 0.009259 0.006586
11 0.891129 0.499659 0.005675 0.004088
18 0.892025 0.493527 0.007467 0.004997
12 0.902031 0.495685 0.009558 0.006132
11 0.909648 0.479787 0.004480 0.004315
12 0.853793 0.495798 0.008662 0.006359
12 0.868280 0.493186 0.008961 0.005224
11 0.836171 0.493186 0.009259 0.005678
11 0.384857 0.493300 0.009857 0.005905
11 0.391726 0.478083 0.005078 0.004542
13 0.435036 0.490688 0.009259 0.006132
18 0.537336 0.489098 0.005376 0.003407
13 0.916965 0.490461 0.009558 0.006586
12 0.882915 0.490461 0.009558 0.006586
12 0.806452 0.490461 0.009558 0.006586
12 0.400388 0.490461 0.008662 0.006586
12 0.364247 0.490461 0.009259 0.006586
11 0.490293 0.487963 0.008065 0.006132
12 0.419803 0.487963 0.008065 0.006132
11 0.177270 0.487736 0.008065 0.006132
12 0.335872 0.487622 0.008662 0.006359
13 0.449074 0.485010 0.009259 0.006586
11 0.812873 0.462866 0.005675 0.004088
13 0.805556 0.429934 0.011350 0.008176
12 0.806601 0.466387 0.003883 0.004769
17 0.802419 0.451965 0.011051 0.006814
12 0.814516 0.445832 0.011350 0.004542
12 0.814516 0.450375 0.011350 0.004542
17 0.814516 0.454917 0.011350 0.004542
17 0.801523 0.441404 0.010454 0.006586
12 0.533154 0.460709 0.006571 0.005224
18 0.545251 0.424824 0.011649 0.007495
17 0.541219 0.443561 0.010753 0.005905
17 0.541219 0.449466 0.010753 0.005905
17 0.541219 0.436066 0.009558 0.006359
11 0.482228 0.457870 0.006272 0.004997
11 0.377091 0.456620 0.005675 0.005224
11 0.384857 0.438905 0.011051 0.005678
12 0.388740 0.423007 0.011649 0.007949
17 0.384857 0.433227 0.011051 0.005678
17 0.384857 0.444583 0.011051 0.005678
18 0.182049 0.456848 0.011649 0.007949
12 0.186231 0.446627 0.009259 0.006586
17 0.175030 0.441517 0.010155 0.006814
17 0.186231 0.436180 0.010454 0.006586
17 0.174582 0.433909 0.009857 0.006586
12 0.181302 0.422893 0.007168 0.005451
18 0.329450 0.456166 0.010753 0.007949
11 0.748805 0.453214 0.005974 0.002953
11 0.712963 0.452759 0.007766 0.005224
12 0.678166 0.453214 0.008065 0.005678
12 0.678166 0.447536 0.008065 0.005678
12 0.678763 0.441176 0.008662 0.005678
12 0.229839 0.446854 0.005675 0.005224
17 0.219683 0.442085 0.010454 0.005678
12 0.232228 0.435953 0.010454 0.007041
17 0.219683 0.433682 0.010454 0.007041
12 0.223865 0.422893 0.010454 0.007268
12 0.643668 0.446741 0.008961 0.005905
11 0.643668 0.452646 0.008961 0.005905
12 0.643519 0.433795 0.009857 0.006359
11 0.104391 0.445946 0.012843 0.008858
12 0.661141 0.446968 0.009259 0.005451
11 0.661141 0.452419 0.009259 0.005451
12 0.661141 0.441517 0.009259 0.005451
18 0.748955 0.441176 0.010454 0.005224
12 0.748955 0.446400 0.010454 0.005224
12 0.731183 0.441404 0.009558 0.005678
12 0.731183 0.447082 0.009558 0.005678
12 0.731183 0.452759 0.009558 0.005678
12 0.740143 0.425278 0.005974 0.002498
18 0.728047 0.425846 0.008662 0.005905
11 0.713262 0.440949 0.009558 0.005224
12 0.713262 0.446173 0.009558 0.005224
12 0.722372 0.425846 0.008662 0.005905
12 0.694594 0.441176 0.009259 0.005678
12 0.694594 0.446854 0.009259 0.005678
12 0.694594 0.452532 0.009259 0.005678
17 0.489994 0.433682 0.011051 0.005678
11 0.489994 0.439360 0.011051 0.005678
17 0.489994 0.445037 0.011051 0.005678
12 0.494176 0.423688 0.011051 0.007495
12 0.334976 0.433227 0.010454 0.005678
11 0.334976 0.438905 0.010454 0.005678
17 0.334976 0.444583 0.010454 0.005678
12 0.338859 0.424597 0.011051 0.007495
18 0.850508 0.432660 0.009259 0.007268
12 0.857826 0.463548 0.007168 0.004542
17 0.859170 0.454236 0.011051 0.006814
13 0.847222 0.451851 0.011051 0.006586
17 0.859020 0.446514 0.010753 0.005905
13 0.847222 0.441631 0.009857 0.006132
18 0.757766 0.427663 0.006571 0.002725
12 0.762395 0.441176 0.009857 0.005678
12 0.762395 0.446854 0.009857 0.005678
12 0.762395 0.452532 0.009857 0.005678
11 0.827061 0.397797 0.009558 0.006586
11 0.420102 0.397116 0.009259 0.006132
13 0.598118 0.389734 0.006870 0.006359
11 0.543160 0.389848 0.009259 0.006586
12 0.551075 0.374972 0.004779 0.004088
11 0.644713 0.387122 0.009259 0.006586
12 0.558244 0.387122 0.010753 0.006586
12 0.521953 0.387122 0.009857 0.006586
13 0.283602 0.386214 0.009857 0.006586
12 0.223716 0.386100 0.009558 0.006359
13 0.613351 0.384624 0.007467 0.005224
12 0.583333 0.384511 0.009558 0.005905
11 0.491935 0.384397 0.009558 0.006132
12 0.240293 0.384056 0.009259 0.005905
12 0.335872 0.383716 0.009259 0.005678
12 0.203405 0.383716 0.007766 0.006132
13 0.302718 0.381217 0.008662 0.006132
12 0.259259 0.381104 0.009558 0.006359
11 0.175179 0.381217 0.009259 0.006586
17 0.854689 0.379855 0.011051 0.007041
11 0.827957 0.334772 0.008961 0.005905
11 0.420102 0.333523 0.008065 0.005224
12 0.540173 0.327390 0.009259 0.006132
13 0.597521 0.326936 0.009259 0.006132
12 0.520460 0.323757 0.008065 0.007041
11 0.644415 0.323643 0.009857 0.007722
12 0.556153 0.323529 0.008363 0.007495
12 0.224164 0.322848 0.008065 0.006132
13 0.284797 0.323302 0.009857 0.007495
13 0.613799 0.321031 0.009558 0.006132
12 0.582437 0.321258 0.010155 0.006586
11 0.487605 0.320804 0.008065 0.006132
12 0.205197 0.320577 0.008961 0.006132
11 0.336320 0.319896 0.007766 0.006132
12 0.240890 0.319896 0.009259 0.006586
13 0.303315 0.317397 0.009259 0.006586
12 0.258662 0.317284 0.008961 0.006814
11 0.175777 0.317511 0.009259 0.007268
11 0.854092 0.316829 0.011051 0.008176
12 0.556302 0.274926 0.009259 0.005678
12 0.846177 0.274813 0.009558 0.005905
12 0.862754 0.272655 0.009259 0.006132
12 0.826613 0.272655 0.008662 0.006132
13 0.895609 0.272428 0.009259 0.006586
18 0.699671 0.271065 0.008065 0.004315
13 0.600060 0.272201 0.009558 0.006586
12 0.570938 0.272201 0.009857 0.006586
12 0.534946 0.272201 0.010155 0.006586
11 0.798686 0.270384 0.008363 0.005224
12 0.879779 0.270384 0.008662 0.005678
11 0.644415 0.269930 0.008662 0.005678
12 0.586768 0.269702 0.009259 0.006132
18 0.166517 0.269135 0.013441 0.004997
18 0.166517 0.274131 0.013441 0.004997
12 0.492533 0.269475 0.008961 0.006132
12 0.147700 0.269816 0.008065 0.008176
13 0.614247 0.267431 0.009259 0.006132
13 0.909946 0.267318 0.009259 0.006359
11 0.340054 0.243130 0.009857 0.007041
12 0.847073 0.232228 0.008363 0.005224
12 0.554958 0.231320 0.009558 0.004769
12 0.862157 0.229503 0.008662 0.006132
12 0.827808 0.229503 0.009259 0.006132
13 0.600508 0.229275 0.009857 0.006132
13 0.895012 0.229275 0.009857 0.006586
12 0.570639 0.229048 0.009857 0.006586
12 0.535394 0.228821 0.008662 0.006132
18 0.699074 0.227231 0.005078 0.003861
12 0.880376 0.227004 0.008065 0.005678
11 0.798238 0.227231 0.009259 0.006132
11 0.645012 0.226891 0.008065 0.005905
12 0.584976 0.226323 0.008662 0.005678
12 0.493130 0.225869 0.008961 0.006132
18 0.164427 0.225528 0.008662 0.005905
18 0.169504 0.225528 0.008662 0.005905
13 0.911141 0.224279 0.009857 0.006586
13 0.614994 0.223825 0.010753 0.006132
12 0.212515 0.184193 0.008065 0.004997
12 0.211768 0.178060 0.007766 0.005451
13 0.599462 0.182489 0.008961 0.006132
17 0.608722 0.179537 0.008961 0.004769
17 0.798088 0.181240 0.010753 0.004997
17 0.798088 0.186237 0.010753 0.004997
12 0.802718 0.170338 0.011649 0.008630
12 0.446087 0.181808 0.008065 0.006132
12 0.743877 0.183511 0.008662 0.005905
13 0.753435 0.180786 0.008662 0.005905
12 0.701613 0.180445 0.008961 0.005678
12 0.701613 0.186123 0.008961 0.005678
18 0.455645 0.179537 0.006870 0.003861
17 0.847670 0.180218 0.010753 0.005678
17 0.847670 0.185896 0.010753 0.005678
12 0.851254 0.170111 0.011350 0.007722
12 0.715800 0.179877 0.009259 0.005451
12 0.715800 0.185328 0.009259 0.005451
12 0.685036 0.179991 0.009259 0.005678
12 0.685036 0.185669 0.009259 0.005678
12 0.671894 0.179991 0.009259 0.005678
12 0.671894 0.185669 0.009259 0.005678
12 0.656959 0.179764 0.009259 0.005224
12 0.656959 0.184988 0.009259 0.005224
12 0.643220 0.179991 0.009259 0.005678
12 0.643220 0.185669 0.009259 0.005678
12 0.730287 0.179764 0.008961 0.005678
12 0.730287 0.185442 0.008961 0.005678
11 0.556601 0.179650 0.010454 0.005451
11 0.556601 0.185101 0.010454 0.005451
13 0.564815 0.164433 0.006571 0.005451
13 0.584080 0.179537 0.009259 0.005678
13 0.584080 0.185215 0.009259 0.005678
12 0.581243 0.164660 0.005974 0.004997
13 0.571535 0.179423 0.009259 0.005451
12 0.571535 0.184874 0.009259 0.005451
12 0.523148 0.179423 0.009259 0.005451
12 0.523148 0.184874 0.009259 0.005451
12 0.532258 0.164660 0.009558 0.004997
12 0.536440 0.179423 0.009558 0.005451
12 0.536440 0.184874 0.009558 0.005451
12 0.507168 0.179423 0.008363 0.005451
12 0.507168 0.184874 0.008363 0.005451
12 0.493130 0.179310 0.010155 0.005678
12 0.493130 0.184988 0.010155 0.005678
12 0.433244 0.179196 0.008662 0.005451
12 0.433244 0.184647 0.008662 0.005451
12 0.417115 0.179196 0.008662 0.005451
12 0.417115 0.184647 0.008662 0.005451
12 0.402180 0.179196 0.008662 0.005451
12 0.402180 0.184647 0.008662 0.005451
12 0.340203 0.178969 0.007766 0.004997
12 0.340203 0.183965 0.007766 0.004997
12 0.383363 0.178855 0.009259 0.005678
12 0.383363 0.184533 0.009259 0.005678
12 0.368429 0.178855 0.009259 0.005678
12 0.368429 0.184533 0.009259 0.005678
12 0.353943 0.178742 0.008961 0.005451
12 0.353943 0.184193 0.008961 0.005451
12 0.307497 0.178628 0.009259 0.005224
12 0.307497 0.183852 0.009259 0.005224
12 0.293160 0.178515 0.009259 0.004997
12 0.293160 0.183511 0.009259 0.004997
12 0.277927 0.178288 0.008662 0.005905
12 0.277927 0.184193 0.008662 0.005905
11 0.262097 0.178174 0.009259 0.005678
11 0.262097 0.183852 0.009259 0.005678
12 0.268967 0.163298 0.005675 0.004997
12 0.244474 0.178174 0.009857 0.005678
12 0.244474 0.183852 0.009857 0.005678
12 0.228943 0.178060 0.009857 0.005451
12 0.228943 0.183511 0.009857 0.005451
12 0.191906 0.178060 0.009259 0.005451
12 0.191906 0.183511 0.009259 0.005451
17 0.164725 0.176811 0.008065 0.008403
11 0.192503 0.142062 0.009857 0.007041
12 0.701464 0.136384 0.009857 0.006586
11 0.882467 0.136384 0.009857 0.007041
13 0.747461 0.134567 0.008662 0.005224
12 0.716697 0.134454 0.009259 0.005451
12 0.683244 0.134340 0.009259 0.005224
12 0.402778 0.134794 0.009857 0.006586
12 0.418757 0.133318 0.009558 0.004997
13 0.446834 0.132750 0.009558 0.006132
12 0.381720 0.132183 0.009558 0.004997
11 0.796446 0.131615 0.009857 0.006586
12 0.731930 0.131615 0.009857 0.006586
11 0.643070 0.131161 0.008961 0.006132
17 0.490442 0.130252 0.009558 0.006586
12 0.431750 0.130025 0.009259 0.007041
11 0.340203 0.129684 0.008961 0.006359
13 0.764785 0.128889 0.008662 0.005678
13 0.461918 0.127640 0.008662 0.005905
18 0.260155 0.121508 0.007766 0.004997
18 0.167413 0.121508 0.013441 0.004997
18 0.167413 0.126505 0.013441 0.004997
18 0.704898 0.077334 0.005376 0.003407
18 0.167115 0.079945 0.011051 0.004542
18 0.167115 0.075403 0.011051 0.004542
12 0.882467 0.072110 0.005675 0.005678
12 0.150836 0.070179 0.007766 0.004997
18 0.150836 0.075176 0.007766 0.004997
0 0.102001 0.800250 0.022401 0.024302
2 0.101254 0.894731 0.020311 0.018851
2 0.100060 0.587213 0.019116 0.018851
0 0.102151 0.750057 0.023895 0.023847
3 0.162634 0.316262 0.008065 0.019305
1 0.099910 0.385533 0.022401 0.037929
3 0.508214 0.323984 0.007467 0.019305
3 0.510305 0.387690 0.006870 0.014536
4 0.125149 0.583806 0.010753 0.016580
5 0.096027 0.438678 0.014038 0.024302
4 0.273148 0.322167 0.009259 0.016580
4 0.329600 0.816829 0.009259 0.016125
3 0.478047 0.439360 0.006272 0.012491
0 0.100209 0.120486 0.022401 0.033841
2 0.097521 0.269702 0.017622 0.018851
2 0.100209 0.488644 0.018817 0.019759
1 0.102300 0.660572 0.021207 0.040200
0 0.100060 0.071883 0.022103 0.032024
0 0.100508 0.174313 0.022999 0.024302
2 0.097820 0.225869 0.018817 0.019305
3 0.330197 0.851806 0.008065 0.019759
4 0.479540 0.383716 0.007467 0.011129
3 0.361260 0.852260 0.006870 0.017034
1 0.102599 0.705542 0.021804 0.040200
3 0.163829 0.380990 0.006870 0.017942
3 0.572133 0.384397 0.007467 0.020213
2 0.099910 0.534522 0.022999 0.018851
3 0.476852 0.321712 0.006870 0.018851
3 0.165024 0.435726 0.007467 0.018397
4 0.148895 0.173177 0.009857 0.015671
4 0.271057 0.386100 0.009857 0.017261
2 0.099014 0.848626 0.017622 0.020213
4 0.150687 0.700318 0.009259 0.013400
5 0.513740 0.748013 0.008363 0.017942
2 0.101105 0.943561 0.015233 0.018397
1 0.908453 0.931524 0.007467 0.022939
4 0.130526 0.337497 0.008961 0.015898
4 0.122760 0.329775 0.008961 0.015898
4 0.138889 0.262321 0.008961 0.014536
4 0.149343 0.895753 0.008961 0.014990
4 0.141278 0.885987 0.008363 0.013627
4 0.150239 0.119010 0.008363 0.012264
4 0.149343 0.849648 0.007766 0.013627
4 0.150090 0.749035 0.008065 0.015898
4 0.150239 0.799228 0.008363 0.013627
4 0.908303 0.945946 0.005376 0.012264
4 0.132318 0.539632 0.008363 0.013173
4 0.123955 0.529866 0.008363 0.013627
4 0.132915 0.658642 0.008961 0.015898
4 0.124851 0.649784 0.008363 0.013627
4 0.150538 0.942539 0.008363 0.011356
4 0.141278 0.937315 0.008961 0.015444
4 0.130227 0.229843 0.008961 0.015898
4 0.122461 0.222121 0.008961 0.015898
4 0.133214 0.074495 0.009558 0.014990
4 0.150239 0.489666 0.009558 0.013173
4 0.147551 0.436975 0.007766 0.010447
4 0.124253 0.484215 0.008961 0.013173
4 0.149642 0.536225 0.008363 0.015444
4 0.140681 0.527822 0.008363 0.015898
4 0.125448 0.695662 0.009558 0.015444
4 0.133513 0.592096 0.008961 0.013627
4 0.148895 0.588690 0.008662 0.013173
4 0.139486 0.163071 0.008363 0.013173
4 0.149343 0.655008 0.008363 0.014990
4 0.141278 0.647740 0.008961 0.015898
4 0.139038 0.327163 0.008065 0.017034
4 0.148447 0.333750 0.007766 0.017034
4 0.121714 0.268567 0.008065 0.017034
4 0.130526 0.271519 0.007766 0.017034
4 0.125597 0.891778 0.008065 0.017034
4 0.133811 0.898365 0.007766 0.017034
4 0.124403 0.112764 0.008065 0.017034
4 0.133214 0.119350 0.007766 0.017034
4 0.123805 0.844765 0.008065 0.017034
4 0.132168 0.851578 0.008065 0.017034
4 0.140382 0.842721 0.007766 0.017034
4 0.125597 0.743016 0.008065 0.017034
3 0.133363 0.748467 0.008065 0.017034
4 0.141278 0.740972 0.007766 0.017034
5 0.909050 0.889280 0.008065 0.017034
4 0.125000 0.792074 0.008065 0.017034
4 0.133363 0.800250 0.008065 0.017034
4 0.141577 0.791392 0.007766 0.017034
4 0.139636 0.220191 0.008065 0.017034
4 0.149343 0.226096 0.007766 0.017034
5 0.130974 0.435499 0.008065 0.017034
4 0.139188 0.429366 0.007766 0.017034
4 0.133065 0.702589 0.008065 0.017034
4 0.141876 0.693732 0.007766 0.017034
4 0.122013 0.375539 0.008065 0.017034
4 0.130078 0.383261 0.008065 0.017034
4 0.138441 0.373268 0.008065 0.017034
4 0.146655 0.380990 0.007766 0.017034
4 0.092742 0.341017 0.008065 0.017034
4 0.099612 0.337156 0.008065 0.017034
5 0.106631 0.336929 0.007766 0.017034
4 0.123208 0.940609 0.008065 0.017034
4 0.134110 0.947422 0.007766 0.017034