10 0.912029 0.939063 0.006583 0.003183
7 0.881209 0.929627 0.011969 0.013870
7 0.408737 0.928035 0.012567 0.013415
7 0.720227 0.928263 0.011969 0.013870
7 0.335428 0.928035 0.011969 0.013415
8 0.574506 0.924170 0.008977 0.007503
6 0.840515 0.929286 0.004788 0.021828
6 0.666068 0.926444 0.008977 0.018417
6 0.464692 0.926444 0.009575 0.018417
10 0.221724 0.879036 0.005984 0.003183
7 0.408139 0.868918 0.011370 0.012506
7 0.336326 0.868918 0.011370 0.013415
7 0.717834 0.869827 0.011969 0.016144
8 0.576002 0.864825 0.011969 0.007049
6 0.666367 0.867553 0.009575 0.018872
10 0.756732 0.860164 0.009575 0.004548
8 0.245961 0.863915 0.010174 0.025239
7 0.667564 0.809800 0.011969 0.012506
7 0.434770 0.809800 0.011969 0.012506
7 0.592759 0.809345 0.011969 0.013415
7 0.560742 0.809573 0.011370 0.012960
6 0.464692 0.808436 0.009575 0.018872
10 0.589767 0.757617 0.005984 0.004093
10 0.748953 0.745566 0.007181 0.001819
10 0.719629 0.744657 0.008378 0.001819
10 0.459605 0.733174 0.006583 0.001592
10 0.422202 0.710095 0.011969 0.001819
10 0.354578 0.710095 0.005984 0.001819
10 0.289348 0.709982 0.009575 0.002046
10 0.487133 0.708845 0.007780 0.001592
10 0.720826 0.702592 0.005984 0.004093
7 0.862657 0.698158 0.011969 0.014779
10 0.465889 0.688495 0.007181 0.002274
10 0.406344 0.688950 0.006583 0.003183
9 0.336026 0.698045 0.008378 0.022738
10 0.278576 0.689404 0.008378 0.004093
10 0.500299 0.688267 0.007780 0.002729
10 0.449731 0.640064 0.013166 0.002729
7 0.204967 0.629263 0.011969 0.013415
8 0.241472 0.626307 0.011969 0.008413
7 0.403351 0.628581 0.011370 0.012960
8 0.602932 0.630855 0.013166 0.018417
7 0.365350 0.628354 0.011969 0.013415
10 0.463196 0.623465 0.008977 0.003183
10 0.903950 0.620055 0.005984 0.002729
10 0.463794 0.619372 0.006583 0.002274
10 0.554159 0.618918 0.007780 0.002274
7 0.851885 0.586517 0.013166 0.015234
10 0.884201 0.582765 0.007181 0.002729
10 0.820766 0.582196 0.005984 0.001592
7 0.420706 0.579695 0.008977 0.017963
8 0.259126 0.582196 0.012567 0.013870
8 0.602633 0.579013 0.012567 0.017508
8 0.527528 0.579241 0.013166 0.017963
7 0.335129 0.576285 0.012567 0.013870
7 0.279174 0.576512 0.011969 0.014325
10 0.463495 0.567076 0.007181 0.002274
10 0.261221 0.540246 0.005984 0.003183
10 0.219629 0.535925 0.008977 0.004548
10 0.275583 0.523874 0.005984 0.003183
10 0.584381 0.518417 0.008378 0.004093
9 0.552663 0.517167 0.009575 0.032515
7 0.401855 0.513984 0.011969 0.013870
8 0.885099 0.508072 0.004189 0.014779
9 0.621484 0.508072 0.009575 0.019327
10 0.605625 0.499773 0.011370 0.004093
10 0.232795 0.498636 0.006583 0.004548
10 0.225015 0.496589 0.007780 0.002274
10 0.175045 0.494543 0.005984 0.001819
10 0.756732 0.458618 0.005984 0.003638
9 0.167265 0.455093 0.005984 0.022510
9 0.886894 0.455093 0.006583 0.036153
10 0.376721 0.401660 0.007181 0.002046
10 0.220527 0.400864 0.008378 0.001819
10 0.510473 0.400182 0.007780 0.002274
10 0.533214 0.399159 0.007780 0.002046
10 0.347995 0.399500 0.014363 0.004548
9 0.403351 0.388586 0.012567 0.025921
10 0.616397 0.326739 0.006583 0.003638
10 0.670557 0.322874 0.009575 0.005002
7 0.570916 0.323442 0.008977 0.007503
7 0.548175 0.326171 0.011370 0.012960
8 0.185817 0.328217 0.011969 0.007958
7 0.860263 0.325944 0.011969 0.013415
7 0.839019 0.325489 0.012567 0.012506
8 0.743567 0.328445 0.013166 0.018417
7 0.431179 0.325944 0.011969 0.013415
10 0.609515 0.320373 0.005984 0.002729
6 0.348893 0.324807 0.008977 0.018417
6 0.255536 0.325034 0.008977 0.017963
10 0.415021 0.274443 0.005984 0.002729
10 0.492220 0.272397 0.007181 0.003183
8 0.671753 0.270691 0.013166 0.018417
7 0.858767 0.267735 0.012567 0.013415
7 0.838420 0.267281 0.011370 0.012506
7 0.742669 0.266826 0.012567 0.011596
7 0.570616 0.269782 0.010772 0.008413
7 0.549372 0.267508 0.011370 0.012960
8 0.187014 0.269554 0.013166 0.007958
8 0.371933 0.269782 0.013166 0.018417
8 0.280670 0.267281 0.012567 0.013415
10 0.749551 0.226694 0.010772 0.004548
10 0.723818 0.225784 0.009575 0.002729
10 0.391981 0.225784 0.006583 0.004548
8 0.815978 0.209868 0.008378 0.020009
9 0.767804 0.214416 0.010174 0.026830
7 0.571514 0.208390 0.011370 0.012960
8 0.453621 0.210891 0.012567 0.017963
8 0.373429 0.210664 0.012567 0.018417
10 0.855177 0.204638 0.007780 0.005002
10 0.769599 0.203502 0.007780 0.002729
7 0.475464 0.208163 0.011969 0.013415
8 0.281269 0.213165 0.012567 0.012506
8 0.186415 0.208390 0.013166 0.013870
7 0.838121 0.207708 0.011969 0.013415
6 0.521843 0.206571 0.008977 0.018417
9 0.160383 0.104707 0.006583 0.032060
10 0.534710 0.085721 0.007181 0.002729
10 0.838121 0.085493 0.005984 0.003183
7 0.212448 0.084925 0.012567 0.013415
7 0.430580 0.084698 0.011969 0.013870
6 0.348294 0.084925 0.008977 0.018872
6 0.258229 0.084243 0.009575 0.018417
9 0.541592 0.073442 0.005386 0.023192
9 0.721724 0.071396 0.004189 0.029104
12 0.303262 0.945202 0.009874 0.006367
12 0.435218 0.944634 0.010473 0.006139
12 0.199880 0.944748 0.008977 0.006367
12 0.354129 0.944179 0.008677 0.006139
12 0.182974 0.938722 0.009874 0.006139
12 0.911580 0.937244 0.009276 0.005912
12 0.861759 0.937244 0.008977 0.005912
12 0.836774 0.937131 0.009276 0.005684
13 0.220676 0.936448 0.009874 0.006139
12 0.164871 0.933720 0.009575 0.006139
12 0.279773 0.933492 0.009575 0.006594
13 0.245811 0.930764 0.008677 0.005684
12 0.753890 0.925762 0.007481 0.005684
12 0.354129 0.886085 0.009874 0.006367
12 0.304458 0.886198 0.009874 0.006594
12 0.202124 0.886198 0.008677 0.006594
12 0.434620 0.885289 0.009276 0.006594
12 0.184022 0.879718 0.010174 0.006367
13 0.221424 0.877103 0.008977 0.005684
12 0.280221 0.874147 0.009276 0.006139
12 0.164871 0.874375 0.009575 0.006594
11 0.464243 0.871760 0.006284 0.005457
13 0.245811 0.871305 0.008677 0.005002
13 0.755835 0.861301 0.007181 0.005457
11 0.881957 0.857094 0.008677 0.005684
11 0.837074 0.853911 0.008677 0.006594
12 0.755087 0.827535 0.008677 0.005684
11 0.279025 0.824352 0.008079 0.005684
11 0.278576 0.817303 0.007181 0.005230
12 0.769150 0.823670 0.008079 0.006139
12 0.721125 0.823556 0.008977 0.005912
12 0.687612 0.823670 0.008977 0.006139
12 0.536655 0.823215 0.008677 0.006139
12 0.617744 0.822988 0.009276 0.006594
13 0.782914 0.820714 0.009276 0.006594
13 0.796379 0.818440 0.008677 0.005684
11 0.837971 0.816166 0.009276 0.006594
11 0.336475 0.814802 0.009276 0.005684
11 0.336475 0.820487 0.009276 0.005684
12 0.222472 0.814347 0.008677 0.005684
12 0.222472 0.820032 0.008677 0.005684
11 0.881059 0.813324 0.009276 0.004548
12 0.409485 0.812528 0.009276 0.005684
12 0.409485 0.818213 0.009276 0.005684
13 0.748953 0.803092 0.005386 0.002729
11 0.167115 0.804343 0.009276 0.006594
12 0.721125 0.769554 0.007780 0.006139
11 0.165021 0.769554 0.008677 0.007049
11 0.164572 0.756367 0.010174 0.006139
11 0.836774 0.766940 0.009276 0.006367
12 0.755386 0.764666 0.008079 0.005457
12 0.755386 0.770123 0.008079 0.005457
12 0.618791 0.764779 0.007780 0.005684
12 0.618342 0.758413 0.009276 0.005684
11 0.880610 0.764097 0.009575 0.006139
12 0.688659 0.763870 0.009874 0.005684
12 0.688659 0.769554 0.009874 0.005684
12 0.667714 0.758981 0.008677 0.005912
12 0.667714 0.764893 0.008677 0.005912
12 0.560443 0.755457 0.009575 0.005230
12 0.560443 0.760687 0.009575 0.005230
11 0.279473 0.755684 0.008977 0.005684
11 0.279473 0.761369 0.008977 0.005684
12 0.590814 0.755230 0.009276 0.005684
12 0.590814 0.760914 0.009276 0.005684
11 0.337074 0.753752 0.009276 0.005002
11 0.337074 0.758754 0.009276 0.005002
12 0.536954 0.753297 0.009276 0.005457
12 0.536954 0.758754 0.009276 0.005457
12 0.484440 0.753411 0.009575 0.005684
12 0.484440 0.759095 0.009575 0.005684
12 0.221574 0.753297 0.009276 0.005457
12 0.221574 0.758754 0.009276 0.005457
12 0.466338 0.750682 0.009276 0.005684
12 0.466338 0.756367 0.009276 0.005684
11 0.474865 0.734084 0.007181 0.002501
12 0.434919 0.750682 0.008677 0.005684
12 0.434919 0.756367 0.008677 0.005684
12 0.408588 0.750682 0.008677 0.005684
12 0.408588 0.756367 0.008677 0.005684
18 0.125972 0.745680 0.005386 0.002956
12 0.836176 0.708845 0.009276 0.006594
13 0.781568 0.708731 0.008977 0.006367
13 0.754488 0.706230 0.008677 0.005912
13 0.686715 0.706230 0.009575 0.005912
13 0.737433 0.703615 0.009276 0.006139
13 0.720527 0.701000 0.008977 0.005457
13 0.617145 0.700887 0.008079 0.005230
13 0.698983 0.698158 0.009575 0.006139
12 0.666367 0.698158 0.009575 0.006139
13 0.557600 0.698158 0.009874 0.006139
13 0.632107 0.695771 0.009276 0.005912
12 0.590515 0.695884 0.008677 0.006139
13 0.483842 0.695884 0.008977 0.006139
12 0.221275 0.693611 0.009874 0.006139
13 0.433423 0.693270 0.009276 0.006367
13 0.353680 0.693383 0.009575 0.006594
13 0.303561 0.693383 0.009276 0.006594
13 0.574806 0.693042 0.009575 0.006821
12 0.534859 0.693156 0.009874 0.007049
12 0.337971 0.690996 0.008677 0.005457
12 0.279324 0.691110 0.008677 0.005684
12 0.406493 0.690882 0.006882 0.005684
13 0.500449 0.690655 0.008079 0.005684
12 0.465739 0.690882 0.008079 0.006139
12 0.207211 0.690427 0.008079 0.005230
18 0.207211 0.695657 0.008079 0.005230
13 0.367893 0.688608 0.008677 0.006139
13 0.317624 0.688381 0.008677 0.006594
13 0.448085 0.688154 0.009874 0.007049
11 0.165320 0.686562 0.009276 0.006594
12 0.884351 0.637108 0.009874 0.005912
13 0.911131 0.631992 0.009575 0.005684
13 0.276332 0.629263 0.009874 0.006594
12 0.164871 0.627217 0.008977 0.005230
12 0.862807 0.626762 0.009874 0.006139
13 0.438211 0.626648 0.009276 0.005912
12 0.334081 0.626762 0.009276 0.006139
12 0.733842 0.623806 0.009276 0.006594
12 0.510174 0.623806 0.009575 0.006594
13 0.300868 0.623806 0.009874 0.006594
13 0.463495 0.621760 0.007181 0.005684
12 0.838570 0.621533 0.008079 0.005684
12 0.554608 0.621533 0.008677 0.005684
13 0.758079 0.619031 0.009874 0.006139
12 0.710203 0.618918 0.009874 0.005912
12 0.586625 0.618690 0.009276 0.006367
12 0.815530 0.616303 0.009874 0.006139
13 0.622232 0.616075 0.009874 0.005684
13 0.572711 0.616075 0.008977 0.005684
13 0.776182 0.613574 0.009575 0.006139
12 0.688360 0.613574 0.009276 0.006139
13 0.640934 0.611755 0.010174 0.007049
12 0.885248 0.584698 0.009276 0.005684
13 0.913076 0.579695 0.009874 0.005684
12 0.162777 0.575489 0.008977 0.005457
12 0.864901 0.574693 0.008079 0.005684
13 0.438211 0.574920 0.009276 0.006139
12 0.509725 0.573101 0.009874 0.006139
12 0.733992 0.571965 0.009575 0.006594
13 0.462747 0.569918 0.008079 0.006139
13 0.365200 0.569691 0.008079 0.005684
12 0.838270 0.569009 0.006882 0.005230
13 0.554458 0.569577 0.008378 0.006367
13 0.203621 0.567644 0.009276 0.006139
13 0.758528 0.566735 0.009575 0.006139
12 0.710802 0.566621 0.009874 0.005912
12 0.585727 0.566962 0.009874 0.006594
12 0.403800 0.566962 0.009874 0.006594
12 0.241472 0.564575 0.008378 0.005457
12 0.814482 0.564461 0.010174 0.006139
13 0.621933 0.564461 0.009276 0.006139
13 0.571364 0.564234 0.008677 0.005684
12 0.382107 0.564688 0.009575 0.006594
13 0.777828 0.561733 0.008677 0.006139
13 0.220078 0.561960 0.009874 0.006594
12 0.687463 0.561392 0.009874 0.006367
13 0.640186 0.559459 0.008677 0.007049
11 0.334680 0.523988 0.009276 0.006139
11 0.334680 0.530127 0.009276 0.006139
11 0.247756 0.521942 0.007780 0.005684
12 0.239228 0.519441 0.008677 0.006139
12 0.275733 0.521714 0.009874 0.006139
12 0.275733 0.527854 0.009874 0.006139
18 0.621335 0.527740 0.009276 0.006367
12 0.621335 0.521373 0.009276 0.006367
11 0.813734 0.516030 0.009874 0.005684
11 0.812986 0.508072 0.009575 0.006139
12 0.585727 0.515916 0.008677 0.005457
12 0.585727 0.521373 0.008677 0.005457
12 0.204518 0.519441 0.009874 0.005684
12 0.204518 0.513756 0.009874 0.005684
11 0.758079 0.511141 0.008677 0.005912
12 0.765859 0.513643 0.008677 0.005912
12 0.553860 0.510914 0.009575 0.005457
12 0.553860 0.516371 0.009575 0.005457
12 0.164123 0.514552 0.009276 0.005457
12 0.164123 0.509095 0.009276 0.005457
12 0.509126 0.508413 0.008677 0.005912
12 0.517504 0.511824 0.008677 0.005912
12 0.436415 0.506025 0.009276 0.005230
11 0.436415 0.511255 0.009276 0.005230
11 0.688360 0.505684 0.009276 0.005002
11 0.688360 0.510687 0.009276 0.005002
12 0.490575 0.505684 0.008677 0.005002
18 0.490575 0.510687 0.008677 0.005002
18 0.884800 0.510573 0.008378 0.005230
12 0.884800 0.505343 0.008378 0.005230
11 0.813585 0.471237 0.009575 0.007049
11 0.812986 0.458390 0.009575 0.005912
12 0.510323 0.470214 0.011071 0.007276
12 0.516308 0.456003 0.003890 0.003865
12 0.510323 0.453502 0.005087 0.004320
12 0.516906 0.449181 0.006284 0.005684
11 0.884351 0.469418 0.009874 0.006139
11 0.883453 0.455775 0.008079 0.005230
13 0.335877 0.464075 0.010473 0.006367
13 0.335877 0.470441 0.010473 0.006367
18 0.334979 0.448499 0.005087 0.004320
11 0.756882 0.461687 0.007481 0.005230
12 0.756433 0.456003 0.008977 0.005684
11 0.164423 0.458618 0.005087 0.004548
12 0.168312 0.448727 0.012867 0.005684
18 0.168312 0.454411 0.012867 0.005684
12 0.164123 0.467258 0.010473 0.004548
12 0.164123 0.471805 0.010473 0.004548
12 0.164123 0.476353 0.010473 0.004548
11 0.687911 0.455889 0.010174 0.005457
11 0.687911 0.461346 0.010174 0.005457
12 0.067475 0.451114 0.005087 0.003183
12 0.437014 0.385744 0.009276 0.006139
12 0.884351 0.383697 0.009874 0.006594
12 0.164123 0.382560 0.009276 0.007049
12 0.508378 0.380059 0.009575 0.006594
12 0.403800 0.379945 0.009874 0.006367
12 0.554159 0.378013 0.010174 0.007049
12 0.203920 0.376648 0.009276 0.007049
12 0.364452 0.375853 0.009575 0.007276
18 0.813136 0.374375 0.009874 0.006139
11 0.757331 0.373010 0.008378 0.007049
12 0.586326 0.372556 0.009874 0.007049
12 0.239826 0.371419 0.009874 0.007503
18 0.275883 0.369372 0.010174 0.006139
18 0.688510 0.367553 0.009575 0.007049
12 0.621035 0.367781 0.009874 0.007503
18 0.334680 0.367326 0.009874 0.006594
13 0.600389 0.334243 0.009276 0.005912
13 0.475613 0.334129 0.009276 0.005684
12 0.649013 0.331628 0.009575 0.006139
12 0.524536 0.331628 0.009575 0.006139
12 0.161879 0.331401 0.009575 0.006594
18 0.669509 0.328217 0.007481 0.003865
13 0.616846 0.329127 0.008677 0.005684
13 0.492519 0.329127 0.008977 0.005684
13 0.692849 0.328899 0.008677 0.006139
12 0.895422 0.325603 0.009276 0.005912
12 0.726212 0.325944 0.009575 0.006594
12 0.708259 0.323897 0.009575 0.006139
12 0.771843 0.323329 0.009874 0.005912
12 0.786206 0.320714 0.008677 0.006139
13 0.919958 0.320259 0.009276 0.006139
12 0.816876 0.318668 0.008378 0.005684
12 0.392430 0.284106 0.009874 0.006594
13 0.390784 0.272965 0.008977 0.006139
11 0.432226 0.280696 0.009276 0.006139
11 0.431029 0.272965 0.009276 0.006139
13 0.600838 0.275693 0.008977 0.006139
12 0.474716 0.275239 0.009276 0.006139
12 0.648863 0.272965 0.009276 0.006139
12 0.525583 0.272965 0.009276 0.006139
12 0.415470 0.278081 0.009276 0.005457
13 0.415470 0.272624 0.009276 0.005457
12 0.349641 0.272965 0.009276 0.006139
13 0.298025 0.272851 0.008977 0.005912
13 0.239228 0.272965 0.009874 0.006139
13 0.238929 0.265007 0.009276 0.005684
13 0.211849 0.272965 0.008977 0.006139
13 0.210802 0.264893 0.009276 0.005457
12 0.162926 0.272738 0.009276 0.005684
13 0.316876 0.272624 0.009575 0.006367
12 0.257481 0.272624 0.009276 0.006367
13 0.692699 0.270691 0.008378 0.006139
13 0.617594 0.270464 0.008977 0.005684
13 0.491921 0.270464 0.008977 0.005684
11 0.726810 0.267963 0.009575 0.006139
13 0.893028 0.267167 0.009276 0.006367
13 0.767654 0.265348 0.008677 0.005457
13 0.709455 0.265234 0.009575 0.006139
13 0.785757 0.262506 0.009575 0.006139
13 0.917265 0.261596 0.009874 0.006139
13 0.815530 0.260005 0.008677 0.005684
13 0.298773 0.227945 0.008079 0.006139
13 0.298474 0.221123 0.007481 0.006139
13 0.393028 0.227717 0.008677 0.006594
12 0.258378 0.225330 0.009874 0.005912
12 0.257780 0.218395 0.009874 0.006139
12 0.431927 0.225216 0.009874 0.006139
12 0.680880 0.221237 0.007481 0.004548
12 0.691203 0.206344 0.008977 0.005684
12 0.691203 0.197931 0.010174 0.006139
13 0.317923 0.221919 0.008079 0.005912
13 0.317774 0.215780 0.007780 0.005457
13 0.212747 0.222033 0.009575 0.006139
13 0.211550 0.215666 0.009575 0.006139
13 0.414123 0.221578 0.008977 0.006139
12 0.349940 0.218508 0.009874 0.006367
12 0.349940 0.224875 0.009874 0.006367
18 0.123579 0.211573 0.007181 0.004320
12 0.123130 0.206116 0.006284 0.004320
12 0.725613 0.211119 0.007181 0.006139
12 0.725464 0.201114 0.009276 0.006139
12 0.816727 0.210323 0.008677 0.005457
12 0.816727 0.215780 0.008677 0.005457
13 0.238630 0.210323 0.008677 0.005457
13 0.238630 0.215780 0.008677 0.005457
12 0.066876 0.206003 0.003890 0.005002
12 0.768851 0.205775 0.008677 0.005457
12 0.768851 0.211232 0.008677 0.005457
12 0.163674 0.205662 0.009575 0.006139
12 0.649611 0.201114 0.008378 0.006139
12 0.649461 0.193270 0.009276 0.005912
18 0.132107 0.199636 0.006284 0.003183
12 0.894075 0.197135 0.009575 0.005457
12 0.894075 0.202592 0.009575 0.005457
11 0.600389 0.188722 0.009276 0.005912
11 0.600389 0.194634 0.009276 0.005912
11 0.349791 0.159504 0.009575 0.007503
17 0.163674 0.158822 0.009575 0.007049
17 0.647965 0.153593 0.005087 0.005684
12 0.654249 0.133811 0.012867 0.004775
18 0.654249 0.138586 0.012867 0.004775
18 0.654249 0.143361 0.012867 0.004775
13 0.491771 0.150068 0.009874 0.005912
13 0.491771 0.155980 0.009874 0.005912
13 0.824207 0.141087 0.004488 0.003411
11 0.816577 0.153479 0.010174 0.006367
17 0.816577 0.159845 0.010174 0.006367
12 0.821065 0.136085 0.011969 0.007958
18 0.529773 0.143020 0.012867 0.005912
18 0.525583 0.153593 0.010473 0.006594
18 0.525583 0.160186 0.010473 0.006594
18 0.529773 0.137108 0.012867 0.005912
18 0.481598 0.134379 0.006284 0.003638
18 0.475464 0.156321 0.010174 0.006139
13 0.475464 0.150182 0.010174 0.006139
12 0.163226 0.093224 0.008677 0.005912
12 0.162777 0.085152 0.009575 0.006139
18 0.706912 0.086517 0.007481 0.002501
18 0.694794 0.086858 0.004788 0.003183
12 0.649461 0.075261 0.009276 0.006367
12 0.600688 0.075261 0.009874 0.006367
18 0.115051 0.078217 0.008079 0.005002
12 0.115051 0.073215 0.008079 0.005002
12 0.573758 0.072533 0.009874 0.006367
12 0.895123 0.071965 0.009874 0.006139
12 0.858318 0.067417 0.009276 0.007049
12 0.690455 0.067190 0.009874 0.007503
12 0.546828 0.066962 0.008677 0.007049
12 0.838270 0.061960 0.009874 0.007049
12 0.725763 0.062074 0.008677 0.007276
12 0.524087 0.061278 0.009874 0.007503
12 0.815230 0.056503 0.009276 0.007049
12 0.768103 0.055593 0.008977 0.007049
12 0.473668 0.056162 0.010174 0.008186
1 0.091113 0.513756 0.022442 0.040246
2 0.087822 0.576967 0.020646 0.020236
1 0.867594 0.208618 0.023040 0.032970
4 0.803561 0.259550 0.012268 0.016598
2 0.089019 0.266144 0.019449 0.018872
3 0.560892 0.071737 0.006882 0.020236
4 0.462148 0.275921 0.009276 0.012051
4 0.883453 0.196339 0.006882 0.011141
4 0.878965 0.268190 0.009874 0.014779
4 0.114752 0.130855 0.009874 0.014779
3 0.905895 0.262278 0.006284 0.020236
1 0.090515 0.139723 0.022442 0.039791
4 0.461849 0.334129 0.009874 0.016598
0 0.092908 0.808890 0.023639 0.023874
4 0.878665 0.071510 0.009276 0.016144
4 0.541741 0.378922 0.009276 0.017053
3 0.200928 0.215666 0.007481 0.016144
3 0.675793 0.561733 0.006882 0.020691
0 0.899611 0.628354 0.017654 0.017508
3 0.541442 0.510800 0.007481 0.019782
0 0.090814 0.206571 0.023040 0.025239
2 0.089019 0.628581 0.019449 0.019782
1 0.089318 0.084698 0.022442 0.039791
2 0.089617 0.868236 0.020646 0.019782
4 0.758079 0.323897 0.009874 0.016144
3 0.263166 0.520123 0.007481 0.015689
2 0.088719 0.323670 0.016457 0.016598
3 0.226661 0.373238 0.007481 0.016598
4 0.803561 0.317985 0.011071 0.015234
3 0.906493 0.318895 0.006284 0.017053
3 0.226960 0.214302 0.006882 0.013415
4 0.261969 0.369827 0.009874 0.015234
3 0.605476 0.762733 0.007481 0.019782
4 0.289797 0.693383 0.010473 0.015689
3 0.288600 0.624261 0.006882 0.020236
3 0.899312 0.578558 0.008677 0.019782
3 0.802663 0.052410 0.006882 0.016144
4 0.606972 0.526717 0.009276 0.015234
3 0.233842 0.929854 0.007481 0.019327
3 0.235039 0.871419 0.007481 0.017053
4 0.587522 0.335039 0.008677 0.012051
4 0.541741 0.621533 0.009276 0.016598
4 0.546828 0.698158 0.009874 0.013415
4 0.675194 0.511710 0.009276 0.014325
4 0.352334 0.569463 0.009874 0.016144
4 0.604279 0.700659 0.009874 0.016598
3 0.322711 0.530355 0.006882 0.019782
3 0.451676 0.567190 0.007481 0.017053
3 0.676691 0.613802 0.006284 0.020236
2 0.090215 0.926899 0.019449 0.019782
4 0.419958 0.693156 0.009874 0.016144
4 0.541741 0.569463 0.009276 0.015234
1 0.091113 0.748408 0.022442 0.034789
3 0.499252 0.511028 0.006882 0.018417
1 0.091712 0.696112 0.022442 0.033879
4 0.732944 0.874602 0.017056 0.024329
1 0.090215 0.451910 0.021843 0.035698
4 0.586625 0.276148 0.009276 0.013415
4 0.803262 0.215666 0.011670 0.017963
3 0.322711 0.468281 0.006882 0.019327
4 0.880162 0.326853 0.008677 0.014779
3 0.745512 0.516712 0.006284 0.011596
3 0.426242 0.510573 0.006882 0.020236
4 0.263166 0.628581 0.009874 0.013415
1 0.089916 0.403251 0.022442 0.033879
4 0.122681 0.328786 0.008378 0.014552
4 0.115500 0.320146 0.008378 0.015462
4 0.132256 0.316280 0.008378 0.013188
4 0.115799 0.503183 0.008977 0.013188
0 0.133453 0.500455 0.008378 0.011369
4 0.116098 0.741701 0.008378 0.013643
4 0.134051 0.738745 0.008378 0.013188
4 0.123878 0.452478 0.008378 0.014552
4 0.131658 0.440882 0.008378 0.015007
4 0.122980 0.270805 0.007780 0.014097
4 0.114901 0.263074 0.008378 0.013188
4 0.134351 0.860164 0.008977 0.015916
4 0.122980 0.399272 0.008977 0.013643
4 0.115200 0.389723 0.008977 0.013643
4 0.131658 0.387676 0.008378 0.014097
3 0.230401 0.522055 0.007181 0.019100
4 0.219928 0.519782 0.008977 0.015462
4 0.115799 0.689404 0.008977 0.016371
5 0.487732 0.468622 0.005984 0.014097
4 0.497307 0.466348 0.008378 0.015007
4 0.116996 0.802183 0.008977 0.014552
4 0.116846 0.865507 0.008677 0.016598
4 0.125075 0.870737 0.008378 0.016598
4 0.124626 0.630173 0.008677 0.016598
4 0.133453 0.622669 0.008378 0.016598
4 0.124028 0.695657 0.008677 0.016598
4 0.133453 0.688154 0.008378 0.016598
5 0.869988 0.508868 0.008677 0.014097
4 0.118043 0.924170 0.008677 0.016598
5 0.125673 0.928035 0.008378 0.016598
5 0.125224 0.806162 0.008677 0.016598
4 0.133453 0.800023 0.008378 0.016598
4 0.115350 0.571510 0.008677 0.016598
4 0.124028 0.579695 0.008677 0.016598
4 0.132855 0.570600 0.008378 0.016598