7 0.219180 0.939632 0.011670 0.013415
8 0.493567 0.935084 0.012268 0.007958
8 0.398115 0.935312 0.011670 0.008413
7 0.604578 0.936448 0.012867 0.012506
6 0.179982 0.938267 0.008677 0.019782
8 0.783513 0.933720 0.011670 0.008868
6 0.565679 0.937358 0.008079 0.017963
10 0.191951 0.898477 0.006284 0.002046
10 0.475613 0.898022 0.006284 0.002046
10 0.509725 0.892792 0.007481 0.002501
10 0.192250 0.894156 0.008079 0.005230
10 0.804458 0.888472 0.008079 0.002046
10 0.897516 0.888927 0.008677 0.003865
8 0.514811 0.883925 0.008079 0.015689
9 0.620138 0.887790 0.005685 0.021601
10 0.277528 0.878922 0.006284 0.002956
9 0.600090 0.883925 0.006284 0.029332
9 0.792190 0.879377 0.007481 0.022055
9 0.278426 0.825034 0.006882 0.019782
9 0.371783 0.824579 0.009276 0.020691
8 0.391233 0.827535 0.009874 0.014779
10 0.392430 0.822988 0.009874 0.002956
10 0.518701 0.813097 0.006284 0.001819
10 0.864004 0.812983 0.006284 0.002046
10 0.478007 0.812074 0.006284 0.002046
10 0.229054 0.812074 0.006284 0.002046
10 0.712597 0.811846 0.013465 0.004320
10 0.195242 0.810937 0.009276 0.004320
6 0.489378 0.778877 0.011071 0.021146
10 0.403800 0.767735 0.008677 0.002501
6 0.819120 0.776717 0.005087 0.021828
10 0.209306 0.767963 0.007481 0.004775
7 0.299970 0.771373 0.009276 0.015234
8 0.202723 0.724761 0.012268 0.007503
8 0.302065 0.724307 0.012268 0.007503
7 0.410682 0.727035 0.012867 0.014779
7 0.590515 0.723852 0.012268 0.008413
6 0.756882 0.726353 0.008677 0.015234
8 0.687762 0.722715 0.011670 0.007958
6 0.369689 0.726353 0.009874 0.017963
7 0.802663 0.658367 0.011670 0.015689
7 0.609366 0.657685 0.011670 0.014325
7 0.297277 0.657685 0.012268 0.014325
8 0.203920 0.654047 0.012268 0.007049
6 0.266756 0.655412 0.009874 0.018872
10 0.788600 0.618349 0.007481 0.002046
10 0.722472 0.613347 0.009276 0.004775
10 0.697038 0.612437 0.011071 0.004775
10 0.857720 0.606980 0.010473 0.004775
8 0.205117 0.599022 0.012268 0.007049
7 0.297576 0.602433 0.011670 0.014779
6 0.266457 0.601523 0.009276 0.019327
10 0.595901 0.551501 0.007481 0.004775
10 0.893327 0.547408 0.006284 0.003865
7 0.298474 0.546498 0.012268 0.013870
8 0.203621 0.542860 0.012867 0.007503
6 0.266756 0.545134 0.009874 0.019327
9 0.694644 0.544225 0.009874 0.020236
9 0.606373 0.540359 0.004488 0.023420
9 0.506134 0.535130 0.005087 0.023874
9 0.533962 0.531946 0.012867 0.032970
10 0.614752 0.501251 0.010473 0.005230
10 0.578546 0.498977 0.008677 0.004320
10 0.504937 0.497613 0.007481 0.002501
7 0.203321 0.485789 0.012268 0.013415
10 0.594105 0.481014 0.008677 0.002956
6 0.174895 0.483743 0.009276 0.018417
10 0.492968 0.477149 0.007481 0.005230
9 0.796978 0.484197 0.013465 0.026603
9 0.470227 0.480332 0.008677 0.031605
10 0.412777 0.435539 0.009874 0.002046
10 0.412478 0.433038 0.014063 0.002501
9 0.704219 0.435766 0.006284 0.022510
7 0.202424 0.434629 0.011670 0.013870
6 0.893028 0.433492 0.009276 0.016144
6 0.176092 0.432356 0.009276 0.018417
9 0.627917 0.430537 0.011670 0.027513
9 0.423848 0.419850 0.008079 0.035243
9 0.273040 0.360050 0.006882 0.020236
10 0.589916 0.359595 0.007481 0.004775
9 0.814931 0.360277 0.009874 0.025239
7 0.394225 0.358231 0.012268 0.013870
7 0.307451 0.358458 0.012268 0.014325
6 0.366098 0.355730 0.009874 0.017963
10 0.275434 0.349136 0.006882 0.003865
9 0.558498 0.343679 0.005685 0.031151
10 0.804159 0.315030 0.007481 0.004775
10 0.574955 0.304570 0.006284 0.002046
10 0.606673 0.303888 0.012268 0.005230
7 0.393627 0.302069 0.012268 0.013415
7 0.306852 0.301160 0.012268 0.012506
6 0.366397 0.299568 0.009276 0.018417
9 0.557301 0.288881 0.004488 0.028877
10 0.616846 0.263188 0.006284 0.002046
10 0.588121 0.260914 0.006284 0.003865
8 0.913076 0.244770 0.012268 0.009777
7 0.393327 0.245680 0.012867 0.013415
8 0.305955 0.245225 0.012867 0.013415
6 0.366098 0.243179 0.009874 0.018417
9 0.715589 0.244202 0.009874 0.024557
10 0.683872 0.231355 0.008677 0.004775
10 0.508528 0.207708 0.009874 0.002956
7 0.457660 0.198840 0.011071 0.017053
10 0.669808 0.197476 0.006882 0.003411
9 0.583034 0.199977 0.011670 0.019327
9 0.623728 0.198840 0.005685 0.022510
10 0.601586 0.192929 0.006882 0.002501
10 0.880461 0.190200 0.011670 0.005230
7 0.821215 0.190655 0.011670 0.008868
9 0.559096 0.196794 0.004488 0.022965
10 0.564782 0.187926 0.006284 0.003411
10 0.497756 0.187472 0.006284 0.002501
7 0.303561 0.191337 0.011670 0.013870
7 0.822113 0.139950 0.012268 0.007503
7 0.302962 0.141314 0.011670 0.013870
9 0.575853 0.132219 0.005685 0.022055
9 0.558498 0.129263 0.004488 0.027058
12 0.236086 0.944975 0.009575 0.005912
11 0.622681 0.943042 0.008977 0.005684
17 0.279473 0.926671 0.010174 0.006594
17 0.660832 0.924739 0.009276 0.006367
11 0.228306 0.890632 0.010174 0.004548
11 0.238031 0.869827 0.008079 0.006594
12 0.625374 0.881878 0.008977 0.006139
12 0.278127 0.881082 0.007481 0.005457
12 0.178636 0.881310 0.007181 0.005912
12 0.370886 0.880173 0.008677 0.005457
12 0.468133 0.879832 0.007481 0.005684
12 0.217834 0.875853 0.008977 0.005912
13 0.198983 0.875853 0.008977 0.005912
13 0.390934 0.874943 0.008677 0.005912
12 0.319420 0.875171 0.008677 0.006367
12 0.299222 0.875284 0.008977 0.006594
12 0.507630 0.874488 0.008677 0.005912
13 0.487732 0.874829 0.008977 0.006594
12 0.697935 0.874147 0.009276 0.006139
12 0.677439 0.874034 0.008977 0.005912
13 0.606074 0.874147 0.009276 0.006139
12 0.585877 0.874034 0.008977 0.005912
12 0.411430 0.874602 0.009575 0.007049
12 0.875075 0.872669 0.008677 0.005002
13 0.797427 0.873124 0.008378 0.005912
12 0.776032 0.873352 0.008677 0.006367
12 0.892280 0.872783 0.008378 0.006139
12 0.566128 0.871987 0.008977 0.006367
12 0.719779 0.870623 0.008677 0.006367
12 0.658139 0.870737 0.009874 0.006594
12 0.853830 0.870168 0.008677 0.006367
12 0.755236 0.870282 0.008977 0.006594
13 0.815829 0.869714 0.008677 0.006367
12 0.338420 0.869714 0.008378 0.007276
12 0.908588 0.868918 0.008079 0.006594
12 0.527229 0.868349 0.008378 0.006367
12 0.429234 0.868918 0.008677 0.007503
12 0.660084 0.837767 0.008378 0.005684
12 0.660233 0.831287 0.008079 0.005912
13 0.908737 0.836744 0.006583 0.004093
12 0.909934 0.830036 0.007181 0.004320
12 0.851885 0.836517 0.006583 0.004093
12 0.852633 0.830719 0.008079 0.005684
12 0.623429 0.837199 0.008677 0.005912
12 0.623130 0.831287 0.008079 0.005002
12 0.874177 0.833788 0.007481 0.004548
12 0.873579 0.827535 0.007481 0.004775
12 0.567325 0.832765 0.005984 0.004320
12 0.567774 0.826398 0.008677 0.006139
12 0.198384 0.832196 0.008378 0.004548
12 0.197935 0.826285 0.008079 0.005912
12 0.178037 0.831628 0.008378 0.004320
12 0.177289 0.826057 0.008677 0.005457
12 0.757331 0.831060 0.008378 0.005457
12 0.757331 0.836517 0.008378 0.005457
12 0.720377 0.831173 0.008677 0.005684
12 0.720377 0.836858 0.008677 0.005684
12 0.237133 0.831060 0.008079 0.005457
12 0.237133 0.836517 0.008079 0.005457
12 0.815679 0.830832 0.008378 0.005457
12 0.815679 0.836289 0.008378 0.005457
12 0.429832 0.830036 0.008677 0.005230
12 0.429832 0.835266 0.008677 0.005230
12 0.337822 0.830036 0.008378 0.005230
12 0.337822 0.835266 0.008378 0.005230
12 0.698384 0.829809 0.008977 0.005230
12 0.698384 0.835039 0.008977 0.005230
12 0.527977 0.829468 0.008079 0.005002
12 0.527977 0.834470 0.008079 0.005002
12 0.606373 0.829354 0.009276 0.005684
12 0.606373 0.835039 0.009276 0.005684
12 0.679384 0.828558 0.009276 0.005002
12 0.679384 0.833561 0.009276 0.005002
12 0.585428 0.828786 0.008079 0.005457
12 0.585428 0.834243 0.008079 0.005457
12 0.797576 0.828217 0.008677 0.005230
12 0.797576 0.833447 0.008677 0.005230
13 0.776481 0.828217 0.008378 0.005230
13 0.776481 0.833447 0.008378 0.005230
12 0.891682 0.830832 0.006583 0.011369
12 0.217534 0.825944 0.008378 0.005230
12 0.217534 0.831173 0.008378 0.005230
12 0.318671 0.825489 0.009575 0.005230
12 0.318671 0.830719 0.009575 0.005230
12 0.299372 0.825489 0.010473 0.005230
12 0.299372 0.830719 0.010473 0.005230
12 0.279174 0.825375 0.009575 0.005002
12 0.279174 0.830377 0.009575 0.005002
12 0.411580 0.824807 0.009276 0.004775
12 0.411580 0.829582 0.009276 0.004775
12 0.391682 0.824920 0.009575 0.005002
12 0.391682 0.829923 0.009575 0.005002
12 0.370886 0.825034 0.009874 0.005230
12 0.370886 0.830264 0.009874 0.005230
12 0.489228 0.824352 0.007181 0.004775
12 0.467534 0.824466 0.009276 0.005002
12 0.467534 0.829468 0.009276 0.005002
12 0.509425 0.824238 0.009276 0.005457
12 0.509425 0.829695 0.009276 0.005457
17 0.148265 0.823215 0.005087 0.003411
12 0.604877 0.787403 0.009276 0.006367
12 0.584829 0.787517 0.009276 0.006594
12 0.698833 0.786835 0.008677 0.006139
12 0.678037 0.786835 0.008977 0.006139
12 0.893178 0.786266 0.008378 0.005912
12 0.775733 0.786380 0.009276 0.006139
12 0.217983 0.786380 0.009276 0.006139
12 0.198534 0.786266 0.008677 0.005912
12 0.874327 0.786039 0.008977 0.006367
12 0.795781 0.786039 0.008677 0.006367
12 0.299222 0.785698 0.009575 0.005684
12 0.319420 0.785584 0.009874 0.005912
11 0.567923 0.784902 0.007780 0.005002
12 0.575554 0.768304 0.005087 0.003638
12 0.508378 0.785243 0.008378 0.005684
12 0.489078 0.785016 0.008079 0.005230
12 0.412478 0.785471 0.009276 0.006139
12 0.392430 0.785357 0.008677 0.005912
12 0.660682 0.784561 0.008977 0.005230
13 0.625224 0.784675 0.008677 0.005457
12 0.911281 0.783652 0.008677 0.005230
12 0.815380 0.783765 0.007780 0.005457
12 0.757181 0.783879 0.008079 0.005684
12 0.719779 0.783993 0.008677 0.005912
12 0.176691 0.783993 0.009276 0.005912
12 0.853680 0.783538 0.008977 0.005912
12 0.237433 0.783652 0.008677 0.006139
12 0.279174 0.783311 0.008378 0.006367
12 0.467235 0.782628 0.008677 0.005912
12 0.371035 0.782742 0.008977 0.006139
12 0.336774 0.782742 0.009276 0.006139
12 0.527828 0.782401 0.008977 0.006367
12 0.431179 0.782628 0.008378 0.006821
12 0.146320 0.771373 0.005984 0.004320
12 0.430132 0.727490 0.008677 0.006594
12 0.467834 0.727035 0.009874 0.006594
17 0.467534 0.708845 0.010473 0.007503
17 0.851586 0.726012 0.006583 0.005912
12 0.851885 0.706799 0.008378 0.007049
12 0.815978 0.725557 0.008378 0.006367
12 0.635996 0.671442 0.008677 0.005457
12 0.429832 0.671442 0.009276 0.005457
12 0.823309 0.670987 0.008677 0.005457
11 0.856373 0.663029 0.008977 0.005912
11 0.769449 0.662688 0.009276 0.006139
11 0.677439 0.663029 0.010174 0.006821
11 0.575703 0.662915 0.008977 0.006594
17 0.471275 0.663256 0.010772 0.007276
12 0.316128 0.642224 0.009276 0.006139
11 0.362208 0.633583 0.009276 0.007049
12 0.787552 0.602547 0.008977 0.005912
12 0.802813 0.602206 0.009575 0.006139
12 0.822711 0.599932 0.008677 0.006139
12 0.710503 0.597317 0.009276 0.006367
12 0.769898 0.596976 0.009575 0.006594
12 0.693148 0.596976 0.009276 0.006594
12 0.911730 0.594702 0.007780 0.005684
12 0.731598 0.594816 0.008977 0.005912
12 0.678486 0.591974 0.008677 0.006594
12 0.610263 0.592087 0.009874 0.006821
12 0.592609 0.592087 0.009276 0.006821
12 0.894973 0.589700 0.008977 0.005684
12 0.877020 0.589586 0.008977 0.005457
12 0.858618 0.589472 0.008677 0.006139
12 0.636445 0.589472 0.009575 0.006139
12 0.574057 0.586744 0.008079 0.006139
12 0.510772 0.586971 0.008977 0.006594
12 0.492071 0.586858 0.009276 0.006367
12 0.317923 0.587085 0.009276 0.006821
12 0.540993 0.584015 0.008977 0.007049
12 0.473070 0.578899 0.009575 0.006821
17 0.362208 0.577876 0.010473 0.007503
12 0.877319 0.550364 0.007780 0.004320
12 0.877618 0.544111 0.008977 0.005457
12 0.894075 0.549909 0.007780 0.004320
12 0.894075 0.543997 0.009575 0.006139
12 0.911430 0.543656 0.008977 0.005457
12 0.911430 0.549113 0.008977 0.005457
12 0.857121 0.543997 0.009276 0.006139
12 0.805057 0.543884 0.009276 0.005912
12 0.787552 0.543884 0.008977 0.005912
12 0.823609 0.541382 0.009276 0.006367
12 0.712896 0.538881 0.007481 0.005002
12 0.695392 0.538881 0.007181 0.005002
12 0.770048 0.538768 0.008677 0.005684
12 0.731448 0.536266 0.009276 0.006139
12 0.678486 0.533765 0.009276 0.005684
12 0.611161 0.533538 0.009276 0.006139
12 0.595003 0.533538 0.009276 0.006139
12 0.636146 0.530355 0.008977 0.006139
12 0.576750 0.528422 0.008677 0.006821
12 0.511520 0.528195 0.008677 0.007276
12 0.491921 0.527626 0.008977 0.007049
12 0.317325 0.527740 0.009276 0.007276
13 0.542340 0.526035 0.009276 0.006594
12 0.471424 0.519554 0.009874 0.006367
17 0.362807 0.519782 0.010473 0.006821
12 0.894225 0.493747 0.009276 0.005684
12 0.877319 0.493747 0.007780 0.005684
12 0.859216 0.493747 0.008677 0.005684
12 0.788001 0.493747 0.008677 0.005684
12 0.804159 0.493520 0.008677 0.006139
12 0.912328 0.491019 0.009575 0.005684
12 0.823160 0.490791 0.009575 0.006139
12 0.711101 0.488631 0.008079 0.005457
12 0.694494 0.488631 0.007181 0.005912
12 0.730999 0.485789 0.009575 0.006139
12 0.769599 0.485334 0.008977 0.006139
12 0.678187 0.483402 0.008079 0.005912
12 0.611161 0.483402 0.009276 0.005912
12 0.593656 0.483402 0.008378 0.005912
12 0.222771 0.483515 0.009276 0.006139
11 0.636146 0.480673 0.008977 0.005912
12 0.623579 0.478058 0.007181 0.004775
12 0.575404 0.478172 0.008977 0.005457
12 0.512717 0.478399 0.008079 0.005912
12 0.492819 0.478172 0.008378 0.005457
12 0.540694 0.475557 0.009575 0.006594
12 0.362507 0.475557 0.008677 0.006594
17 0.267654 0.475102 0.010473 0.007503
12 0.383154 0.470327 0.009276 0.006139
12 0.431628 0.470100 0.009276 0.006594
13 0.401855 0.469986 0.008977 0.006367
12 0.471873 0.469645 0.008977 0.006594
13 0.073758 0.450887 0.004488 0.005457
12 0.859964 0.434175 0.008977 0.005684
12 0.805805 0.434288 0.009575 0.005912
12 0.788600 0.434288 0.009276 0.005912
12 0.824955 0.431901 0.007181 0.005684
12 0.770197 0.429286 0.008977 0.005912
12 0.710203 0.429286 0.009276 0.005912
12 0.694045 0.429400 0.009276 0.006139
12 0.732047 0.426899 0.008079 0.005684
12 0.675344 0.424056 0.009575 0.006367
12 0.610114 0.424284 0.009575 0.006821
12 0.592609 0.424056 0.009276 0.006367
12 0.636445 0.421669 0.008977 0.006139
13 0.511370 0.418827 0.007181 0.005912
12 0.574806 0.418486 0.008378 0.006139
13 0.492519 0.418713 0.008977 0.006594
12 0.539797 0.416553 0.008977 0.006821
12 0.471873 0.413597 0.008378 0.006367
12 0.401257 0.413597 0.008977 0.006367
12 0.382107 0.413483 0.008378 0.006139
12 0.222771 0.412915 0.009276 0.006821
12 0.430880 0.411210 0.008977 0.007049
12 0.359964 0.404388 0.009575 0.007049
17 0.266008 0.404729 0.010772 0.007731
12 0.875075 0.363006 0.008079 0.005684
12 0.893776 0.354820 0.008977 0.006139
12 0.857720 0.354593 0.009276 0.006594
12 0.802364 0.354366 0.009276 0.006139
13 0.782466 0.354366 0.008378 0.006139
12 0.822262 0.352319 0.007780 0.005684
12 0.272890 0.358117 0.008378 0.005912
13 0.272890 0.352206 0.008378 0.005912
12 0.761670 0.349136 0.008677 0.005684
12 0.708707 0.349250 0.009874 0.005912
12 0.687313 0.349136 0.008977 0.005684
12 0.728456 0.346635 0.009276 0.006139
12 0.668163 0.343906 0.008977 0.006139
12 0.604129 0.344020 0.009575 0.006367
12 0.583184 0.343111 0.008977 0.006367
13 0.417115 0.342542 0.008378 0.006139
12 0.629862 0.340837 0.008977 0.006367
12 0.561490 0.335039 0.008079 0.006594
12 0.875524 0.306958 0.008977 0.005912
12 0.893776 0.299227 0.009575 0.005912
12 0.854279 0.298772 0.009575 0.005912
12 0.802065 0.298772 0.009276 0.005912
12 0.783064 0.298545 0.008977 0.006367
12 0.821364 0.296271 0.008378 0.005457
12 0.274387 0.297067 0.005984 0.009777
12 0.759874 0.293315 0.008677 0.006821
12 0.708707 0.293201 0.009276 0.006594
12 0.688659 0.293088 0.009276 0.006367
12 0.727858 0.290587 0.009276 0.005912
12 0.601735 0.287858 0.008977 0.005912
12 0.582735 0.287403 0.009276 0.005912
12 0.667714 0.287176 0.009276 0.006367
12 0.417415 0.286949 0.008378 0.005912
12 0.630311 0.284447 0.009276 0.007276
12 0.560742 0.279218 0.007181 0.005912
17 0.456014 0.277626 0.010174 0.007276
12 0.876421 0.266598 0.009575 0.007049
12 0.894225 0.258527 0.009276 0.006367
12 0.856074 0.258527 0.009575 0.006367
12 0.801466 0.257958 0.009874 0.006139
12 0.782914 0.257958 0.009276 0.006139
12 0.822412 0.255571 0.008677 0.006821
12 0.758528 0.252387 0.009575 0.005912
12 0.708109 0.252387 0.009276 0.005912
12 0.687014 0.252160 0.009575 0.006367
12 0.729653 0.250227 0.009276 0.005230
13 0.271993 0.246817 0.005386 0.005230
12 0.666218 0.246930 0.009276 0.005912
12 0.602783 0.246703 0.009276 0.006367
12 0.581688 0.246362 0.009575 0.006594
11 0.416816 0.246135 0.009575 0.006139
12 0.631059 0.244316 0.009575 0.006139
12 0.562388 0.238859 0.008677 0.006139
12 0.182974 0.238518 0.003890 0.005457
17 0.454668 0.238176 0.011071 0.006594
12 0.780820 0.209641 0.008677 0.005912
12 0.801765 0.201342 0.008677 0.005684
12 0.760922 0.201342 0.008378 0.005684
13 0.707361 0.201228 0.008378 0.005457
12 0.688360 0.201114 0.009276 0.006139
13 0.726661 0.198272 0.009276 0.006821
12 0.668911 0.195543 0.008677 0.005002
12 0.601137 0.195316 0.007181 0.005002
13 0.582436 0.194975 0.008079 0.005684
12 0.629114 0.192588 0.009276 0.006367
12 0.562388 0.189973 0.008677 0.005230
12 0.476212 0.189632 0.006882 0.005457
13 0.497008 0.189745 0.008378 0.006139
12 0.324207 0.189404 0.008079 0.005457
12 0.526182 0.187358 0.009276 0.005912
13 0.276332 0.183947 0.005685 0.005457
12 0.454219 0.181446 0.010174 0.006821
17 0.367893 0.181446 0.011071 0.007731
13 0.781867 0.140291 0.006583 0.005912
12 0.252244 0.133242 0.005386 0.004093
13 0.801167 0.132560 0.008079 0.006367
13 0.762567 0.132219 0.006882 0.005684
13 0.708408 0.132219 0.007481 0.005684
13 0.687014 0.132333 0.007780 0.005912
13 0.728007 0.129491 0.008378 0.005684
12 0.603232 0.127444 0.008378 0.006139
12 0.668163 0.126648 0.008378 0.006367
12 0.581089 0.126080 0.007780 0.006139
13 0.629264 0.124602 0.009575 0.006821
12 0.563136 0.120850 0.008378 0.006594
12 0.476960 0.120850 0.008378 0.006594
12 0.496709 0.120509 0.008977 0.006821
12 0.324656 0.119486 0.008378 0.006594
12 0.525883 0.117894 0.009874 0.007049
12 0.454817 0.112779 0.008977 0.006821
17 0.367893 0.111414 0.009874 0.007731
12 0.501197 0.069577 0.007780 0.005912
12 0.501197 0.075489 0.007780 0.005912
12 0.505685 0.056844 0.007181 0.005457
13 0.505685 0.062301 0.007181 0.005457
0 0.098893 0.828445 0.022442 0.023874
0 0.098294 0.546044 0.022442 0.023874
2 0.097098 0.601296 0.018851 0.019782
3 0.512418 0.188608 0.006882 0.017508
2 0.096200 0.656548 0.019449 0.020236
2 0.203022 0.300932 0.020048 0.020236
0 0.205416 0.244088 0.022442 0.024784
1 0.204219 0.188381 0.022442 0.035243
4 0.418163 0.411437 0.009874 0.015689
3 0.512418 0.119031 0.006882 0.016598
3 0.617145 0.285471 0.006882 0.017508
3 0.617445 0.243633 0.007481 0.017508
4 0.138689 0.817985 0.008677 0.012051
2 0.098893 0.938950 0.017654 0.019327
2 0.102184 0.887335 0.023040 0.019782
4 0.527977 0.526035 0.009276 0.016598
2 0.202723 0.356867 0.018253 0.019327
1 0.095901 0.432356 0.022442 0.037517
4 0.528276 0.584015 0.009874 0.017053
4 0.121035 0.539905 0.009276 0.014325
4 0.129862 0.606639 0.008378 0.012733
4 0.121484 0.597772 0.008378 0.015007
5 0.121185 0.718963 0.007780 0.009095
4 0.233692 0.191451 0.008977 0.014552
4 0.226810 0.181446 0.008378 0.014552
4 0.129862 0.484311 0.008378 0.013643
4 0.144524 0.480218 0.008977 0.015462
4 0.121185 0.474761 0.008977 0.014552
4 0.137642 0.470441 0.008378 0.013188
4 0.234291 0.140291 0.008977 0.013188
4 0.226212 0.351978 0.008378 0.014552
4 0.225613 0.237835 0.008378 0.015462
4 0.225613 0.296726 0.008378 0.015916
3 0.494614 0.066394 0.007780 0.018190
4 0.146020 0.544111 0.008378 0.015007
4 0.248953 0.243747 0.009575 0.013643
4 0.240575 0.233515 0.008378 0.013188
4 0.131658 0.892678 0.008378 0.013643
4 0.122980 0.884038 0.007780 0.014552
4 0.146619 0.889268 0.008378 0.014097
4 0.139737 0.881082 0.007780 0.015007
3 0.122083 0.772283 0.008378 0.016598
4 0.129862 0.775239 0.008378 0.016598
4 0.138241 0.594930 0.008378 0.016598
4 0.145422 0.601523 0.008378 0.016598
4 0.140036 0.933265 0.008378 0.016598
4 0.147217 0.939859 0.008378 0.016598
4 0.240575 0.181560 0.008378 0.016598
4 0.249551 0.184516 0.008378 0.016598
4 0.241771 0.128809 0.008378 0.016598
5 0.250150 0.134948 0.008378 0.016598
4 0.240575 0.351637 0.008378 0.016598
3 0.247756 0.354593 0.008378 0.016598
4 0.092160 0.727035 0.008378 0.016598
4 0.102334 0.723624 0.008378 0.016598
4 0.122083 0.654957 0.008378 0.016598
5 0.129862 0.657003 0.008378 0.016598
4 0.138839 0.650409 0.008378 0.016598
4 0.146020 0.654729 0.008378 0.016598
4 0.232795 0.303661 0.008378 0.016598
4 0.240874 0.294338 0.008378 0.016598
5 0.248953 0.300477 0.008378 0.016598
4 0.129862 0.545589 0.008378 0.016598
4 0.137642 0.538995 0.008378 0.016598
4 0.198384 0.142451 0.008378 0.016598
4 0.205266 0.138358 0.008378 0.016598
5 0.212448 0.136767 0.008378 0.016598
4 0.091861 0.778877 0.008378 0.016598
4 0.098743 0.776148 0.008378 0.016598
5 0.105925 0.775466 0.008378 0.016598
4 0.090664 0.487608 0.008378 0.016598
4 0.096948 0.482378 0.008378 0.016598
3 0.103531 0.482833 0.008378 0.016598