10 0.573609 0.944748 0.005984 0.002729
10 0.868342 0.935880 0.011370 0.005002
10 0.777977 0.935880 0.011370 0.005002
6 0.674446 0.938495 0.010174 0.017963
6 0.385398 0.938267 0.010174 0.017508
6 0.288450 0.938495 0.008977 0.017963
6 0.707660 0.937585 0.009575 0.018872
6 0.593656 0.937131 0.010174 0.018872
6 0.486535 0.937358 0.010174 0.018417
10 0.778276 0.893588 0.011969 0.005002
6 0.675943 0.896430 0.009575 0.017508
6 0.842908 0.895975 0.009575 0.018417
6 0.708259 0.895748 0.009575 0.017963
6 0.896469 0.895521 0.010174 0.017508
6 0.385697 0.895521 0.009575 0.017508
6 0.288749 0.895293 0.009575 0.017963
6 0.595153 0.894156 0.010772 0.017508
6 0.487133 0.894611 0.010174 0.018417
9 0.288151 0.854707 0.007181 0.021828
8 0.778875 0.850955 0.011969 0.006594
9 0.644225 0.862324 0.009575 0.030241
8 0.565530 0.851637 0.011370 0.008868
6 0.843806 0.853001 0.010174 0.017053
6 0.675643 0.853001 0.010174 0.017963
6 0.708857 0.852547 0.009575 0.017963
6 0.594255 0.851864 0.010174 0.018417
8 0.292639 0.854366 0.010174 0.022510
9 0.384800 0.850045 0.007780 0.031151
10 0.386296 0.837426 0.005984 0.002729
9 0.338420 0.851410 0.009575 0.038427
9 0.437163 0.848681 0.008378 0.043884
8 0.871634 0.805935 0.011969 0.006594
10 0.780670 0.805821 0.011969 0.005002
8 0.566128 0.806162 0.011370 0.007049
9 0.405147 0.804684 0.004189 0.019554
6 0.708857 0.807754 0.009575 0.017508
6 0.676840 0.807981 0.010174 0.017963
6 0.287852 0.807754 0.010174 0.017508
6 0.595153 0.807981 0.009575 0.017053
10 0.213345 0.800136 0.008378 0.002729
6 0.288450 0.763870 0.010174 0.017963
10 0.209755 0.698499 0.011969 0.005002
8 0.657690 0.697704 0.012567 0.006594
7 0.433573 0.697931 0.011969 0.007958
6 0.782166 0.699750 0.010174 0.017963
6 0.333932 0.699523 0.010174 0.019327
6 0.565530 0.698613 0.010174 0.018417
8 0.400359 0.668372 0.013764 0.009777
10 0.163974 0.667462 0.006583 0.002046
10 0.389288 0.656889 0.005984 0.002729
7 0.703770 0.657458 0.011370 0.013415
7 0.480850 0.657458 0.011969 0.013415
7 0.251346 0.657458 0.011370 0.013415
6 0.781867 0.655866 0.009575 0.018417
9 0.549372 0.649500 0.006583 0.029332
8 0.657092 0.611073 0.011370 0.007958
8 0.209455 0.611073 0.011370 0.007049
7 0.433872 0.610618 0.011370 0.007049
6 0.565829 0.612210 0.009575 0.018417
6 0.333633 0.611755 0.009575 0.017508
7 0.704668 0.571055 0.011969 0.014325
7 0.481149 0.570828 0.012567 0.012960
7 0.251945 0.570828 0.012567 0.013870
10 0.567026 0.561164 0.007181 0.002274
9 0.915021 0.569350 0.007780 0.021828
9 0.396170 0.567190 0.008977 0.025693
8 0.358767 0.565371 0.009575 0.023874
6 0.624177 0.525807 0.010174 0.018417
6 0.566427 0.526035 0.009575 0.018872
10 0.388390 0.517508 0.006583 0.002274
10 0.333932 0.517508 0.007780 0.002274
8 0.648115 0.462824 0.012567 0.007049
8 0.763315 0.462369 0.013166 0.007049
9 0.415919 0.471237 0.008977 0.024784
10 0.308498 0.461119 0.005984 0.002274
6 0.557750 0.465553 0.010174 0.017963
6 0.223220 0.464643 0.010174 0.017963
6 0.447337 0.463961 0.009575 0.018417
6 0.524536 0.464188 0.009575 0.018872
6 0.338420 0.463961 0.009575 0.018417
10 0.406044 0.441905 0.009575 0.002046
8 0.649013 0.423943 0.011969 0.006594
10 0.309695 0.422237 0.005984 0.001819
8 0.763315 0.423261 0.011969 0.007049
6 0.557750 0.425080 0.010174 0.018872
6 0.523639 0.425080 0.010174 0.018872
7 0.762717 0.383697 0.011969 0.007958
8 0.647217 0.383015 0.011969 0.006594
6 0.557750 0.384607 0.010174 0.017963
6 0.895871 0.383925 0.010174 0.019327
6 0.523938 0.384607 0.009575 0.018872
10 0.225913 0.355844 0.005984 0.002729
8 0.763914 0.342769 0.011969 0.007049
7 0.244764 0.345725 0.011370 0.012051
6 0.674446 0.344588 0.010174 0.017963
6 0.641532 0.344816 0.010174 0.018417
6 0.523639 0.344588 0.010174 0.017963
10 0.620586 0.334015 0.006583 0.002729
9 0.581089 0.339131 0.007780 0.023420
9 0.892280 0.315371 0.004189 0.016371
9 0.801317 0.306730 0.005386 0.025011
6 0.558049 0.304798 0.009575 0.018417
6 0.607121 0.304343 0.010772 0.018417
10 0.462298 0.294907 0.008378 0.003638
10 0.686715 0.293088 0.007181 0.004548
9 0.645123 0.257958 0.004189 0.022055
10 0.676840 0.248977 0.007780 0.002729
6 0.704668 0.251819 0.009575 0.018872
6 0.903651 0.251819 0.010174 0.017053
6 0.804010 0.251819 0.009575 0.017963
6 0.314482 0.252046 0.009575 0.018417
6 0.505984 0.251819 0.009575 0.018872
10 0.692998 0.231241 0.007780 0.004548
10 0.918612 0.217144 0.006583 0.002729
10 0.296230 0.217144 0.006583 0.002729
10 0.258827 0.215780 0.005984 0.003638
10 0.751346 0.207367 0.005984 0.002274
7 0.521245 0.208845 0.012567 0.008413
6 0.314782 0.210437 0.010174 0.018872
9 0.409635 0.206799 0.009575 0.018872
9 0.558947 0.204297 0.013764 0.032060
10 0.558648 0.170305 0.005984 0.003638
10 0.216338 0.163483 0.005984 0.002729
7 0.521245 0.164734 0.012567 0.012960
10 0.190604 0.161437 0.005984 0.004093
10 0.189408 0.158026 0.007181 0.002729
9 0.161580 0.164393 0.008977 0.017735
10 0.552663 0.154388 0.005984 0.002729
6 0.314183 0.161778 0.010174 0.018872
9 0.356074 0.162688 0.011370 0.022510
10 0.463794 0.150864 0.010174 0.002046
10 0.684321 0.148477 0.007181 0.002729
10 0.873429 0.146658 0.005984 0.002729
10 0.921903 0.114825 0.007181 0.004548
8 0.723220 0.115166 0.010772 0.009322
7 0.822861 0.116075 0.011370 0.012960
6 0.506284 0.115848 0.010174 0.017963
6 0.313884 0.114939 0.009575 0.018872
10 0.693896 0.088449 0.009575 0.002729
10 0.598444 0.082083 0.008977 0.004548
10 0.388091 0.081173 0.008378 0.002729
9 0.125972 0.072533 0.008378 0.018190
10 0.093058 0.073897 0.005984 0.003638
10 0.662777 0.067303 0.009575 0.003183
10 0.621185 0.067076 0.007780 0.003638
10 0.863854 0.066166 0.007181 0.002729
10 0.292938 0.057981 0.007181 0.001819
11 0.212148 0.950773 0.009575 0.005684
17 0.322412 0.947135 0.003890 0.003865
13 0.322711 0.770009 0.004488 0.009322
13 0.322561 0.756480 0.005984 0.005457
11 0.266457 0.942360 0.009276 0.006139
12 0.542190 0.939177 0.010772 0.007049
11 0.645272 0.936903 0.009276 0.006139
17 0.439557 0.936335 0.010174 0.006821
17 0.340664 0.934629 0.010473 0.007049
17 0.170706 0.932583 0.010473 0.006594
17 0.541741 0.913483 0.010473 0.006594
11 0.542340 0.897112 0.010473 0.006594
17 0.440006 0.911892 0.010473 0.007049
18 0.440455 0.893702 0.010772 0.007049
17 0.339916 0.910073 0.010174 0.006139
17 0.340365 0.892110 0.009874 0.006594
12 0.266756 0.899841 0.007481 0.005684
12 0.266756 0.881878 0.009874 0.006139
11 0.870886 0.894839 0.009276 0.005684
11 0.645422 0.894611 0.010174 0.006139
12 0.212747 0.889836 0.008378 0.005684
12 0.213196 0.879377 0.009276 0.006594
12 0.171903 0.889382 0.010473 0.006594
12 0.171454 0.879150 0.010772 0.007958
11 0.212597 0.863006 0.008079 0.005684
11 0.213345 0.855389 0.009575 0.005912
17 0.170856 0.862779 0.008378 0.005230
17 0.171604 0.854707 0.009874 0.006821
12 0.401257 0.860050 0.005984 0.003411
12 0.409934 0.840837 0.008378 0.005912
12 0.409934 0.846749 0.008378 0.005912
11 0.267205 0.852547 0.009575 0.005684
18 0.267205 0.865507 0.009575 0.006139
18 0.871783 0.856753 0.008677 0.005002
12 0.871783 0.851751 0.008677 0.005002
12 0.645272 0.851978 0.008079 0.005457
12 0.645272 0.857435 0.008079 0.005457
12 0.386445 0.844816 0.006284 0.004775
12 0.385996 0.838904 0.007780 0.005684
11 0.340066 0.836517 0.009276 0.005457
11 0.340066 0.841974 0.009276 0.005457
11 0.542938 0.835721 0.008079 0.004775
12 0.369390 0.836176 0.008677 0.005684
12 0.369390 0.841860 0.008677 0.005684
13 0.509276 0.835834 0.009575 0.005912
13 0.509276 0.841746 0.009575 0.005912
12 0.487732 0.834357 0.008378 0.005684
12 0.487732 0.840041 0.008378 0.005684
11 0.439408 0.831401 0.009276 0.006139
11 0.439408 0.837540 0.009276 0.006139
11 0.469928 0.830946 0.008079 0.006139
12 0.469928 0.837085 0.008079 0.006139
11 0.646469 0.815030 0.009276 0.006139
11 0.267205 0.807526 0.008378 0.005684
11 0.500748 0.805025 0.006284 0.003411
12 0.508677 0.794566 0.008977 0.006139
18 0.240126 0.804798 0.008079 0.005684
12 0.213046 0.802524 0.009575 0.005684
12 0.196439 0.800250 0.009276 0.006594
13 0.410383 0.799568 0.009874 0.006139
11 0.170706 0.797522 0.009276 0.006594
12 0.386744 0.796839 0.009276 0.006139
12 0.369390 0.794566 0.008079 0.006139
11 0.339767 0.794338 0.008677 0.006594
12 0.487882 0.791837 0.009276 0.007049
12 0.471724 0.789563 0.009276 0.006139
11 0.441053 0.788654 0.008977 0.006139
12 0.541891 0.785925 0.007780 0.006139
18 0.542938 0.829127 0.009276 0.006139
12 0.871185 0.774898 0.009874 0.005912
12 0.884650 0.772055 0.009276 0.005684
12 0.858468 0.772283 0.009575 0.006139
12 0.898115 0.769782 0.009874 0.005684
12 0.844853 0.769668 0.009874 0.006367
12 0.911580 0.766826 0.009276 0.006139
12 0.820018 0.766826 0.009276 0.006139
12 0.807002 0.764552 0.009575 0.006139
12 0.792938 0.761824 0.008977 0.006139
11 0.402753 0.760573 0.005386 0.004548
12 0.410084 0.749545 0.009276 0.006139
12 0.781119 0.759550 0.009276 0.006139
13 0.766756 0.756821 0.009276 0.006139
12 0.752693 0.754661 0.009874 0.006367
13 0.151855 0.752729 0.006284 0.004320
12 0.725613 0.751819 0.009575 0.006139
12 0.709904 0.749545 0.009276 0.006139
13 0.692849 0.747158 0.009874 0.006821
12 0.387343 0.746135 0.009276 0.007503
12 0.676990 0.744770 0.008079 0.006594
13 0.508827 0.743747 0.009276 0.006367
12 0.369539 0.743861 0.009575 0.006594
11 0.340066 0.743861 0.009276 0.006594
11 0.267804 0.743975 0.008977 0.006821
12 0.488181 0.742042 0.009874 0.007503
13 0.240126 0.741587 0.009276 0.007503
12 0.661580 0.741132 0.008378 0.007503
12 0.647068 0.739541 0.009276 0.006139
12 0.470527 0.738859 0.009276 0.005684
12 0.211251 0.739313 0.008977 0.006594
11 0.439707 0.738631 0.008677 0.006139
12 0.614452 0.737267 0.009874 0.007049
12 0.196290 0.737608 0.009575 0.007731
18 0.170108 0.734993 0.009276 0.006139
18 0.594704 0.734197 0.009874 0.006367
12 0.577349 0.731241 0.009874 0.007731
12 0.537253 0.731128 0.009874 0.008413
17 0.840664 0.702933 0.009874 0.006594
12 0.522142 0.701342 0.010174 0.007049
17 0.288001 0.698727 0.010473 0.006367
13 0.737133 0.696339 0.011071 0.007049
17 0.841263 0.678149 0.009874 0.007049
17 0.841263 0.660186 0.009874 0.006594
17 0.736685 0.671101 0.010174 0.006594
17 0.736535 0.652683 0.009874 0.007049
11 0.407840 0.667235 0.007181 0.003411
12 0.416367 0.652683 0.009874 0.006139
11 0.348594 0.663370 0.005984 0.003865
12 0.357570 0.652683 0.010174 0.006139
18 0.639138 0.658709 0.004788 0.003638
11 0.584829 0.657913 0.006882 0.003865
12 0.593507 0.645066 0.009874 0.006367
12 0.455566 0.655070 0.007481 0.005457
12 0.387642 0.655070 0.008079 0.005457
12 0.163226 0.653138 0.009874 0.006139
12 0.227259 0.652910 0.009874 0.006594
12 0.285607 0.650637 0.009276 0.005684
13 0.187612 0.650864 0.008378 0.006139
11 0.431329 0.650182 0.008677 0.005684
12 0.333782 0.650182 0.009874 0.005684
12 0.689258 0.648136 0.009874 0.006139
12 0.624028 0.648136 0.009874 0.006139
11 0.203022 0.648136 0.008677 0.006139
12 0.318522 0.647453 0.009276 0.006594
12 0.648414 0.645180 0.009575 0.006594
11 0.667415 0.643247 0.009276 0.006367
12 0.565978 0.643361 0.009874 0.006594
12 0.551765 0.639950 0.007780 0.007049
11 0.521993 0.640064 0.009276 0.007276
13 0.916068 0.624375 0.007481 0.005912
13 0.916517 0.611755 0.009575 0.005230
17 0.288001 0.622328 0.009276 0.006367
17 0.288300 0.608799 0.011071 0.007503
17 0.523489 0.619486 0.009874 0.007049
17 0.523339 0.606526 0.010174 0.006594
12 0.807002 0.616758 0.009575 0.005230
12 0.807002 0.621987 0.009575 0.005230
12 0.806104 0.604820 0.005386 0.003638
12 0.783662 0.614029 0.009575 0.005230
12 0.783662 0.619259 0.009575 0.005230
12 0.767205 0.611869 0.009575 0.005457
18 0.767205 0.617326 0.009575 0.005457
13 0.735937 0.616985 0.009874 0.005230
13 0.735937 0.611755 0.009874 0.005230
12 0.894823 0.609254 0.009276 0.005684
11 0.894524 0.621987 0.008677 0.005684
11 0.840066 0.606980 0.009874 0.005684
13 0.841263 0.619259 0.009874 0.006594
11 0.871783 0.606753 0.009874 0.006139
12 0.871783 0.619486 0.009874 0.006139
13 0.504788 0.584357 0.005984 0.004093
13 0.504339 0.573101 0.006284 0.004320
11 0.585278 0.578104 0.006583 0.005230
12 0.593656 0.566053 0.009575 0.005684
11 0.640784 0.576626 0.005685 0.004093
12 0.648564 0.565825 0.009874 0.006139
11 0.909485 0.575489 0.006284 0.003638
12 0.916367 0.563324 0.008079 0.005684
12 0.455865 0.576285 0.009874 0.006139
12 0.389288 0.576285 0.010174 0.006139
18 0.722023 0.574238 0.005984 0.004775
13 0.416816 0.573784 0.009575 0.005684
13 0.357271 0.573897 0.010174 0.005912
12 0.163076 0.573784 0.009575 0.005684
11 0.227259 0.573670 0.009874 0.006367
18 0.797277 0.571396 0.005685 0.003638
12 0.333782 0.571282 0.009874 0.006139
11 0.432376 0.570828 0.009575 0.006139
12 0.286954 0.570828 0.010174 0.006139
12 0.623579 0.568781 0.008977 0.005684
12 0.689707 0.568327 0.009575 0.005684
12 0.318223 0.568327 0.009874 0.005684
11 0.204069 0.568554 0.009575 0.006139
12 0.826451 0.563324 0.005386 0.004775
11 0.666218 0.563552 0.008079 0.006139
12 0.566727 0.563552 0.007780 0.006139
18 0.186715 0.560368 0.004788 0.003411
13 0.187313 0.571282 0.009575 0.006139
13 0.552813 0.561278 0.009874 0.006139
12 0.894674 0.560937 0.009575 0.006367
12 0.806254 0.560823 0.009874 0.006139
11 0.522591 0.561050 0.010473 0.006594
12 0.872980 0.558322 0.009874 0.005684
11 0.840814 0.558322 0.009575 0.005684
12 0.783662 0.558322 0.009575 0.005684
12 0.766457 0.557867 0.007481 0.006594
11 0.736385 0.556503 0.009575 0.006594
18 0.666517 0.539450 0.009874 0.007958
17 0.667714 0.512278 0.011071 0.007276
17 0.287702 0.537858 0.010473 0.006594
11 0.288001 0.518304 0.009874 0.004775
17 0.288001 0.523079 0.009874 0.004775
17 0.288001 0.527854 0.009874 0.004775
17 0.523190 0.530127 0.009276 0.006594
17 0.523190 0.512165 0.010473 0.007049
11 0.798773 0.522738 0.006284 0.003638
12 0.806553 0.512619 0.008677 0.006139
11 0.909485 0.522397 0.006284 0.003865
12 0.916966 0.507617 0.009276 0.006139
11 0.162926 0.520123 0.009276 0.005684
11 0.388540 0.519895 0.008079 0.006139
12 0.333932 0.519895 0.008977 0.006139
17 0.204668 0.520123 0.010174 0.006594
17 0.433124 0.519782 0.009874 0.006821
12 0.784411 0.510005 0.009874 0.007276
12 0.765859 0.508072 0.008677 0.006139
11 0.735338 0.508072 0.008677 0.006139
12 0.897068 0.505002 0.009575 0.007276
11 0.840664 0.503070 0.009874 0.006139
12 0.872382 0.502387 0.008677 0.006594
17 0.847696 0.473511 0.009575 0.006139
11 0.417115 0.463734 0.007780 0.005684
11 0.387941 0.463734 0.008079 0.005684
11 0.308049 0.463506 0.008079 0.005230
11 0.275883 0.463506 0.007780 0.005230
11 0.191352 0.463506 0.008677 0.005230
11 0.494764 0.463734 0.009874 0.006594
12 0.162926 0.463279 0.009276 0.005684
13 0.829294 0.434629 0.005087 0.003865
11 0.448384 0.434629 0.009276 0.005684
11 0.339767 0.434629 0.009874 0.005684
18 0.907690 0.431446 0.005087 0.003865
11 0.224417 0.432128 0.008977 0.006139
17 0.093208 0.429400 0.005087 0.003411
11 0.494165 0.429627 0.008677 0.005684
12 0.433722 0.429400 0.009874 0.006139
12 0.387642 0.429400 0.009874 0.006139
12 0.322711 0.429513 0.008079 0.006367
12 0.276930 0.429172 0.008677 0.005684
12 0.402454 0.426671 0.008977 0.006139
12 0.293238 0.426671 0.009575 0.006139
12 0.162926 0.426671 0.010473 0.006139
12 0.207660 0.426444 0.010174 0.006594
17 0.100838 0.427126 0.007780 0.007958
12 0.417265 0.424852 0.008079 0.005230
12 0.308648 0.424625 0.008677 0.004775
12 0.177289 0.424397 0.009276 0.006139
12 0.191652 0.421896 0.009276 0.005684
12 0.916667 0.419168 0.009276 0.005684
12 0.895422 0.416212 0.008079 0.006139
12 0.846499 0.416439 0.008977 0.006594
12 0.877917 0.413711 0.008977 0.005684
11 0.494016 0.400182 0.009575 0.005912
17 0.388540 0.399841 0.010473 0.007049
17 0.277379 0.399613 0.010772 0.006594
17 0.165470 0.398704 0.005386 0.004775
17 0.847397 0.391769 0.008977 0.006367
17 0.846798 0.381878 0.009575 0.006594
11 0.102035 0.392565 0.004788 0.007958
11 0.908887 0.356867 0.006284 0.003865
12 0.916667 0.346066 0.008677 0.005912
13 0.829593 0.356526 0.005685 0.004093
12 0.626272 0.357094 0.009575 0.006139
11 0.494315 0.357094 0.010174 0.006139
17 0.388241 0.356639 0.009874 0.007049
17 0.277528 0.356639 0.009874 0.007049
12 0.225165 0.353911 0.009276 0.006139
17 0.163525 0.353683 0.010473 0.006594
12 0.608468 0.351864 0.009874 0.006594
12 0.574656 0.346749 0.009276 0.006367
12 0.846649 0.343906 0.009874 0.005230
12 0.895721 0.343679 0.009874 0.005684
12 0.557899 0.341633 0.009276 0.006139
12 0.878965 0.341064 0.009874 0.005912
12 0.692101 0.316621 0.009575 0.006139
12 0.461550 0.316735 0.009276 0.006367
12 0.352334 0.316621 0.008677 0.006139
13 0.540245 0.316394 0.009874 0.006594
12 0.244614 0.316166 0.008677 0.006139
12 0.675344 0.311619 0.009575 0.006139
12 0.448833 0.311619 0.009575 0.006139
12 0.721275 0.311164 0.009276 0.006139
12 0.525135 0.311392 0.009575 0.006594
12 0.339467 0.311164 0.009276 0.006139
12 0.224566 0.308663 0.008079 0.005684
17 0.847546 0.308436 0.010473 0.006139
11 0.848444 0.297749 0.011071 0.006594
18 0.847546 0.316394 0.010473 0.006594
12 0.657391 0.306389 0.009575 0.005684
12 0.772142 0.306162 0.009276 0.006139
12 0.509575 0.306162 0.009575 0.006139
12 0.433423 0.306276 0.009276 0.006367
12 0.387642 0.306276 0.008677 0.006367
12 0.275733 0.306162 0.008677 0.006139
12 0.739078 0.305935 0.008977 0.006594
12 0.322113 0.305935 0.009276 0.006594
12 0.402603 0.303774 0.008677 0.005912
12 0.291592 0.303433 0.008079 0.006139
12 0.206613 0.303206 0.008079 0.005684
12 0.162029 0.303206 0.008677 0.005684
12 0.641981 0.301160 0.009874 0.006139
12 0.494464 0.301160 0.009276 0.006139
12 0.756583 0.300932 0.010473 0.006594
12 0.417564 0.300932 0.009874 0.006594
12 0.307750 0.300819 0.009276 0.006367
12 0.177289 0.300591 0.009276 0.005912
12 0.806852 0.298431 0.009276 0.006139
12 0.897068 0.298090 0.009575 0.006367
12 0.190754 0.297863 0.008677 0.005912
12 0.790096 0.296157 0.009276 0.006139
17 0.556104 0.259322 0.010473 0.007049
11 0.358468 0.258413 0.010174 0.007049
11 0.779025 0.251364 0.009874 0.005684
11 0.751496 0.251364 0.009874 0.005684
11 0.677289 0.251364 0.008677 0.005684
11 0.649461 0.251364 0.008079 0.005684
11 0.879264 0.251023 0.009276 0.005912
11 0.849791 0.251137 0.009575 0.006139
11 0.478905 0.251137 0.009276 0.006139
11 0.452424 0.251137 0.008977 0.006139
11 0.282914 0.250682 0.008677 0.006139
11 0.256433 0.250796 0.008378 0.006367
17 0.163375 0.249886 0.010174 0.006367
11 0.207510 0.223511 0.006284 0.003638
13 0.215889 0.208618 0.008677 0.005684
12 0.722472 0.220441 0.009276 0.005684
12 0.821215 0.219986 0.009276 0.005684
12 0.918312 0.219532 0.007780 0.005684
12 0.297726 0.219532 0.009575 0.005684
12 0.805206 0.214984 0.009575 0.005684
12 0.705117 0.214984 0.009276 0.005684
12 0.506134 0.214984 0.008677 0.005684
12 0.905446 0.214529 0.009575 0.005684
13 0.282914 0.214302 0.009874 0.006139
12 0.257181 0.214075 0.008677 0.005684
12 0.270347 0.211687 0.009874 0.006367
12 0.229653 0.211346 0.009874 0.006594
18 0.100389 0.213961 0.008677 0.005912
17 0.095003 0.213961 0.008677 0.005912
12 0.848743 0.209754 0.009276 0.005230
12 0.791891 0.209982 0.008079 0.005684
12 0.750598 0.209982 0.008079 0.005684
12 0.690156 0.209982 0.008079 0.005684
12 0.649461 0.209982 0.008079 0.005684
12 0.491771 0.209868 0.008677 0.005457
12 0.451975 0.209868 0.008079 0.005457
12 0.892430 0.209413 0.009276 0.006367
12 0.765260 0.207367 0.008677 0.005912
12 0.863704 0.206912 0.009276 0.005912
12 0.663824 0.207253 0.009276 0.006594
12 0.622232 0.207140 0.009874 0.006367
12 0.465141 0.207026 0.008079 0.006139
12 0.423998 0.207026 0.008977 0.006139
12 0.203022 0.206344 0.008079 0.005684
12 0.676840 0.204866 0.008378 0.005457
12 0.878665 0.204525 0.008677 0.005684
12 0.778127 0.204525 0.008079 0.005684
12 0.609665 0.204638 0.009874 0.005912
12 0.479204 0.204525 0.008677 0.005684
12 0.410832 0.204525 0.007780 0.005684
12 0.189557 0.203843 0.007481 0.005230
12 0.162328 0.203615 0.008079 0.005684
13 0.595751 0.201796 0.009575 0.006594
13 0.398564 0.201796 0.009575 0.006594
12 0.177588 0.201114 0.009874 0.006139
12 0.582136 0.199295 0.009276 0.006139
12 0.553112 0.199295 0.009276 0.006139
12 0.385248 0.199295 0.009874 0.006139
12 0.357121 0.199068 0.009874 0.006594
12 0.568372 0.196339 0.008677 0.006594
12 0.372083 0.196112 0.008677 0.007049
12 0.721873 0.178035 0.009276 0.006367
12 0.918761 0.177581 0.009276 0.006367
12 0.821215 0.177467 0.009276 0.007049
17 0.416367 0.176216 0.004488 0.004548
17 0.425494 0.164052 0.009575 0.006594
12 0.298025 0.176899 0.009575 0.005912
12 0.804458 0.172578 0.009276 0.005457
17 0.813884 0.148363 0.007181 0.002501
12 0.704967 0.172465 0.008977 0.005230
12 0.505835 0.172010 0.009276 0.005230
12 0.904847 0.172010 0.010174 0.006139
11 0.093507 0.170873 0.004488 0.003865
12 0.282615 0.171328 0.009276 0.005684
12 0.257032 0.171328 0.009575 0.005684
12 0.270646 0.168827 0.008677 0.006139
12 0.649611 0.167349 0.008378 0.005002
12 0.228905 0.168258 0.008977 0.006821
12 0.891233 0.167121 0.009276 0.005457
12 0.849342 0.167235 0.009276 0.005684
12 0.791891 0.167235 0.009276 0.005684
12 0.751197 0.167462 0.009276 0.006139
12 0.690006 0.167462 0.008977 0.006139
12 0.492669 0.167008 0.009276 0.006139
12 0.452274 0.166553 0.008677 0.006139
12 0.215889 0.166098 0.008677 0.006139
12 0.765859 0.164848 0.009874 0.006367
12 0.663674 0.164734 0.010174 0.006139
12 0.621933 0.164279 0.009276 0.006139
12 0.466637 0.164279 0.009874 0.006139
12 0.864004 0.164052 0.009874 0.006594
12 0.779623 0.162233 0.009874 0.005684
12 0.678187 0.162233 0.009276 0.005684
13 0.203621 0.162801 0.009276 0.006821
12 0.878965 0.161551 0.009874 0.006139
13 0.609665 0.161778 0.009874 0.006594
12 0.479803 0.161551 0.008677 0.006139
12 0.412178 0.161096 0.007481 0.006139
12 0.189408 0.160073 0.008378 0.005912
12 0.163226 0.160073 0.007481 0.005912
12 0.595452 0.159050 0.009575 0.006594
12 0.398115 0.158595 0.009276 0.006594
12 0.177588 0.157685 0.008677 0.006594
11 0.553561 0.156776 0.007780 0.005684
12 0.580940 0.156321 0.008677 0.005684
13 0.384500 0.156321 0.007780 0.005684
12 0.356373 0.156094 0.008378 0.005230
12 0.568671 0.154047 0.009276 0.006594
13 0.371484 0.153593 0.008677 0.006594
17 0.163674 0.134379 0.010174 0.007276
17 0.162627 0.121078 0.009874 0.007049
11 0.479803 0.130514 0.008677 0.005912
11 0.479803 0.136426 0.008677 0.005912
11 0.453471 0.129945 0.009874 0.005230
11 0.453471 0.135175 0.009874 0.005230
17 0.555955 0.130400 0.010174 0.006594
17 0.557899 0.118577 0.005087 0.003865
17 0.358019 0.129945 0.010473 0.005684
17 0.358618 0.119031 0.009276 0.006594
11 0.282615 0.129604 0.009276 0.005912
11 0.282615 0.135516 0.009276 0.005912
11 0.256583 0.129377 0.008677 0.006367
11 0.256583 0.135744 0.008677 0.006367
17 0.751795 0.123124 0.010473 0.006594
11 0.704668 0.122897 0.009575 0.006139
17 0.650658 0.122669 0.010473 0.006594
12 0.905147 0.121987 0.009575 0.006139
12 0.804608 0.122101 0.008378 0.006367
17 0.850239 0.121191 0.009874 0.006367
18 0.135697 0.098568 0.007481 0.004775
17 0.722771 0.087085 0.009874 0.006367
12 0.520197 0.086971 0.009276 0.006139
11 0.917864 0.086517 0.009874 0.006139
11 0.821963 0.086630 0.009575 0.006367
12 0.327199 0.085721 0.009874 0.006367
12 0.314333 0.085493 0.010473 0.006821
12 0.299072 0.080377 0.009874 0.006594
12 0.704817 0.076967 0.008677 0.006139
12 0.805057 0.076285 0.009276 0.006594
12 0.506433 0.076398 0.009276 0.006821
12 0.905296 0.075830 0.009874 0.006594
12 0.282765 0.075034 0.008378 0.005912
12 0.256284 0.075261 0.009276 0.006367
12 0.269449 0.072306 0.008079 0.005002
12 0.228606 0.071965 0.008977 0.006139
12 0.750299 0.071510 0.009874 0.006139
12 0.691053 0.071737 0.009874 0.006594
12 0.649761 0.071737 0.009874 0.006594
13 0.492819 0.071623 0.009575 0.006367
12 0.451526 0.071623 0.008977 0.006367
12 0.891532 0.070941 0.008677 0.005912
12 0.849641 0.071055 0.009874 0.006139
12 0.792340 0.071282 0.009575 0.006594
13 0.662926 0.069463 0.008677 0.005684
13 0.621634 0.069236 0.007481 0.006139
12 0.465141 0.069009 0.008079 0.005684
13 0.216188 0.069350 0.008677 0.006367
12 0.863405 0.068440 0.007481 0.005457
12 0.764811 0.068781 0.008378 0.006139
13 0.424297 0.068554 0.007181 0.005684
13 0.202274 0.066735 0.007181 0.005684
12 0.678187 0.066735 0.009276 0.006594
12 0.609515 0.066735 0.008977 0.006594
13 0.779025 0.066166 0.009874 0.006367
12 0.479054 0.066280 0.009575 0.006594
13 0.879264 0.065598 0.009276 0.006139
12 0.412777 0.065825 0.008677 0.006594
12 0.190604 0.064461 0.009575 0.006594
12 0.162328 0.064234 0.009276 0.006139
12 0.068073 0.063211 0.005087 0.004093
12 0.595601 0.064120 0.009276 0.006821
12 0.399312 0.063324 0.009276 0.006139
12 0.177588 0.061278 0.008677 0.005684
13 0.385248 0.061164 0.008677 0.006367
11 0.554010 0.060823 0.008677 0.006594
11 0.356822 0.060709 0.008079 0.006367
13 0.568821 0.058549 0.008977 0.007503
11 0.571065 0.079809 0.008677 0.005457
13 0.581089 0.061505 0.008378 0.006139
13 0.372681 0.058322 0.008677 0.007049
0 0.095601 0.614484 0.023040 0.023420
1 0.092011 0.111755 0.023040 0.042974
2 0.092908 0.657003 0.018851 0.019327
2 0.093507 0.701342 0.018851 0.019782
1 0.094105 0.345498 0.022442 0.040246
1 0.094704 0.806617 0.022442 0.033879
2 0.092908 0.465325 0.018851 0.020691
1 0.095003 0.852547 0.023040 0.033879
1 0.092908 0.301842 0.022442 0.033879
4 0.159934 0.854138 0.009276 0.014325
1 0.705715 0.618577 0.016457 0.027058
4 0.885847 0.504206 0.009276 0.016598
2 0.092908 0.251364 0.020048 0.020236
4 0.883453 0.609709 0.009276 0.015689
2 0.804159 0.423943 0.014662 0.016144
1 0.094405 0.527399 0.023040 0.040246
0 0.095003 0.566962 0.023040 0.031151
1 0.095003 0.764779 0.021843 0.040246
4 0.160533 0.877785 0.009276 0.014325
4 0.120736 0.845725 0.008677 0.012960
4 0.232645 0.804798 0.013465 0.016598
4 0.230251 0.741360 0.011071 0.016144
2 0.093357 0.939745 0.017953 0.019554
4 0.120886 0.605503 0.008378 0.013188
4 0.137642 0.602547 0.008378 0.012733
4 0.128665 0.899272 0.008378 0.014097
4 0.120287 0.891996 0.008378 0.013188
4 0.137343 0.887449 0.008977 0.013188
4 0.128366 0.807412 0.008977 0.015007
4 0.121484 0.799227 0.008378 0.014097
0 0.137044 0.795134 0.008378 0.013188
0 0.127169 0.301728 0.008977 0.013188
4 0.119090 0.296726 0.008378 0.014097
4 0.135548 0.291951 0.008977 0.014552
4 0.127169 0.256025 0.008977 0.013643
4 0.118193 0.247158 0.008977 0.015916
4 0.135548 0.243975 0.008977 0.015916
4 0.128965 0.660982 0.008977 0.012278
4 0.120886 0.653024 0.008378 0.014552
4 0.137642 0.650068 0.008378 0.015916
4 0.128067 0.343111 0.008378 0.015007
4 0.119988 0.335607 0.007780 0.015462
4 0.135548 0.331514 0.008977 0.014552
1 0.085577 0.161437 0.007181 0.022738
4 0.121185 0.934970 0.007780 0.012733
4 0.119988 0.377899 0.008977 0.015462
1 0.084680 0.420191 0.005386 0.022738
4 0.128665 0.568668 0.008378 0.015916
4 0.120886 0.560709 0.008378 0.015462
4 0.136445 0.556389 0.009575 0.015007
4 0.128665 0.704411 0.008378 0.015462
4 0.120886 0.696226 0.008378 0.016371
4 0.137044 0.693497 0.008378 0.016371
4 0.119689 0.517281 0.008378 0.015916
1 0.087074 0.385402 0.008977 0.022283
4 0.127169 0.468849 0.008977 0.015462
4 0.119689 0.459982 0.008378 0.014097
4 0.135847 0.457708 0.008378 0.015916
5 0.086924 0.201683 0.009276 0.015916
4 0.128516 0.385857 0.009276 0.015916
4 0.136146 0.375398 0.008977 0.015916
4 0.127917 0.524102 0.009276 0.015916
4 0.135548 0.513643 0.008977 0.015916
4 0.121035 0.755571 0.009276 0.015916
4 0.129114 0.762392 0.009276 0.015916
4 0.137343 0.751251 0.008977 0.015916
5 0.119838 0.429513 0.009276 0.015916
4 0.127319 0.420418 0.009276 0.015916
4 0.134949 0.428604 0.008977 0.015916
5 0.099641 0.894497 0.008977 0.015916
4 0.118642 0.216689 0.009276 0.015916
4 0.127020 0.204866 0.009276 0.015916
4 0.135548 0.211232 0.008977 0.015916
4 0.119240 0.154388 0.009276 0.015916
4 0.127319 0.162574 0.009276 0.015916
4 0.135548 0.151432 0.008977 0.015916
3 0.120437 0.108004 0.009276 0.015916
4 0.127768 0.112096 0.008977 0.015916
4 0.086326 0.074807 0.009276 0.015916
5 0.099042 0.070259 0.008977 0.015916