6 0.484440 0.940769 0.009575 0.017053
6 0.160084 0.940769 0.009575 0.018872
6 0.875524 0.940086 0.010174 0.017508
6 0.681029 0.940541 0.008977 0.018417
6 0.292639 0.940541 0.008977 0.017508
6 0.346200 0.939859 0.009575 0.017963
6 0.778276 0.939177 0.009575 0.017508
6 0.541592 0.939404 0.008977 0.017963
10 0.409635 0.902456 0.005984 0.002729
6 0.296529 0.897794 0.009575 0.018417
6 0.156493 0.897567 0.009575 0.017963
6 0.348594 0.895748 0.009575 0.017963
6 0.485039 0.895975 0.009575 0.018417
6 0.544285 0.895293 0.009575 0.017963
10 0.215141 0.854252 0.007181 0.004548
9 0.542190 0.857435 0.008977 0.033652
10 0.157391 0.852206 0.008977 0.004093
7 0.197487 0.848909 0.011370 0.013415
7 0.179832 0.849136 0.011969 0.012960
7 0.257929 0.848909 0.011370 0.013415
10 0.841712 0.844930 0.007181 0.005002
7 0.450329 0.848226 0.011969 0.012960
7 0.393178 0.848226 0.011370 0.012960
7 0.372831 0.848681 0.012567 0.014779
7 0.783662 0.847999 0.011969 0.013415
7 0.738480 0.847999 0.011370 0.013415
7 0.646619 0.847544 0.011969 0.013415
7 0.586475 0.847999 0.011370 0.013415
7 0.567624 0.847999 0.011969 0.013415
10 0.679533 0.839472 0.005984 0.005002
10 0.479653 0.837426 0.007181 0.001819
10 0.347995 0.796498 0.007181 0.002729
10 0.285159 0.763984 0.011969 0.005002
8 0.192101 0.764097 0.011370 0.006594
10 0.873728 0.763529 0.012567 0.005002
10 0.475165 0.763529 0.011370 0.005002
8 0.378217 0.763643 0.011370 0.006594
10 0.769300 0.763074 0.011969 0.005002
8 0.671155 0.763415 0.011969 0.007049
10 0.571514 0.763074 0.011370 0.005002
7 0.334829 0.716576 0.011969 0.013415
7 0.289946 0.717030 0.011969 0.013415
6 0.153800 0.716348 0.008977 0.018417
6 0.765111 0.715666 0.009575 0.018872
6 0.615200 0.714302 0.008977 0.017963
6 0.416816 0.714757 0.009575 0.018872
6 0.518851 0.714529 0.008977 0.018417
7 0.331837 0.675193 0.011969 0.013415
7 0.287552 0.675193 0.011969 0.013415
6 0.153800 0.674966 0.008977 0.018417
6 0.766906 0.673829 0.009575 0.017963
6 0.415619 0.674284 0.009575 0.018872
6 0.891382 0.673602 0.009575 0.017508
6 0.517056 0.674284 0.010174 0.018872
6 0.614901 0.672692 0.009575 0.018417
6 0.712148 0.673147 0.008977 0.018417
10 0.214542 0.635061 0.005984 0.004548
10 0.633453 0.633470 0.008378 0.004093
10 0.152902 0.633242 0.007181 0.003638
10 0.590365 0.633242 0.008378 0.004548
10 0.536505 0.632788 0.008378 0.003638
9 0.331538 0.636198 0.008977 0.033197
10 0.910832 0.628013 0.007780 0.003183
9 0.692101 0.632901 0.008378 0.024329
7 0.855476 0.626535 0.010772 0.010687
7 0.804608 0.627672 0.011969 0.012960
7 0.784261 0.627672 0.009575 0.012960
10 0.673848 0.624375 0.007780 0.005002
7 0.576601 0.627899 0.011969 0.013415
7 0.479653 0.627899 0.011969 0.013415
7 0.419509 0.627444 0.012567 0.012506
7 0.259725 0.627444 0.012567 0.012506
7 0.195392 0.627444 0.010772 0.013415
7 0.374327 0.627444 0.011969 0.013415
7 0.179832 0.627899 0.011969 0.014325
10 0.531119 0.616871 0.009575 0.002729
10 0.320766 0.614825 0.007780 0.005002
10 0.574506 0.576398 0.007780 0.002729
10 0.880910 0.540700 0.011370 0.005002
10 0.698384 0.540700 0.012567 0.005002
8 0.789946 0.540359 0.011370 0.006594
6 0.616397 0.543315 0.008977 0.017963
7 0.554159 0.572874 0.004189 0.079809
10 0.851287 0.488404 0.005984 0.002274
10 0.657989 0.482947 0.007181 0.003183
6 0.296529 0.477831 0.010772 0.018872
6 0.688809 0.476012 0.008977 0.017963
6 0.550269 0.476467 0.009575 0.018872
6 0.355476 0.476239 0.008977 0.018417
6 0.154698 0.476921 0.009575 0.018872
6 0.495512 0.476012 0.010174 0.017963
6 0.885099 0.475784 0.008977 0.018417
6 0.782466 0.475557 0.009575 0.017963
6 0.885398 0.440086 0.009575 0.017963
6 0.550868 0.439404 0.009575 0.018417
6 0.496709 0.439404 0.010174 0.018417
6 0.353980 0.438950 0.009575 0.018417
6 0.686715 0.437813 0.009575 0.017963
6 0.156493 0.438040 0.009575 0.018417
6 0.783662 0.437358 0.009575 0.017963
6 0.298025 0.437585 0.010174 0.018417
10 0.479354 0.399500 0.006583 0.004548
10 0.154698 0.397681 0.009575 0.003638
10 0.277379 0.397681 0.007181 0.004548
10 0.671753 0.397453 0.008378 0.005002
9 0.495811 0.401319 0.008378 0.033652
10 0.688809 0.394497 0.006583 0.004548
9 0.514961 0.398590 0.008378 0.033652
9 0.296529 0.398363 0.009575 0.033197
7 0.179234 0.390064 0.011969 0.013415
10 0.848594 0.386085 0.007780 0.005002
7 0.785159 0.388927 0.011370 0.012960
7 0.742968 0.389609 0.011969 0.013415
7 0.656194 0.389609 0.011969 0.014325
7 0.455416 0.389609 0.010174 0.013415
7 0.396768 0.389154 0.011370 0.012506
7 0.380311 0.389382 0.011969 0.012960
7 0.262118 0.389382 0.012567 0.012960
7 0.198983 0.389836 0.011969 0.013870
7 0.590365 0.390291 0.011969 0.015689
7 0.571215 0.389382 0.011969 0.013870
10 0.489826 0.378126 0.007181 0.002729
9 0.396469 0.305480 0.009575 0.022510
9 0.353980 0.306162 0.009575 0.022965
6 0.885996 0.246135 0.009575 0.018417
6 0.533812 0.245907 0.007780 0.018872
6 0.672950 0.245680 0.009575 0.018417
6 0.735787 0.245225 0.009575 0.018417
6 0.474267 0.244770 0.009575 0.018417
10 0.441352 0.211687 0.005984 0.002729
9 0.197786 0.208731 0.007181 0.017735
6 0.885099 0.206344 0.010174 0.017963
6 0.735189 0.206116 0.009575 0.018417
6 0.672352 0.206116 0.009575 0.018417
6 0.475763 0.205434 0.008977 0.018872
6 0.532914 0.204297 0.009575 0.018417
6 0.143028 0.206344 0.006583 0.023420
10 0.675344 0.167804 0.005984 0.005002
10 0.886296 0.166212 0.006583 0.004548
10 0.692998 0.165075 0.008977 0.004093
10 0.904548 0.163029 0.007181 0.003638
7 0.841712 0.157913 0.010772 0.012960
7 0.780072 0.157231 0.011969 0.013415
7 0.761221 0.157231 0.011370 0.013415
7 0.637044 0.157003 0.010772 0.012960
7 0.557151 0.156776 0.011370 0.013415
9 0.320766 0.158026 0.008977 0.034561
7 0.578097 0.156321 0.012567 0.013415
7 0.441053 0.156776 0.012567 0.013415
9 0.355476 0.158254 0.008977 0.036835
9 0.893477 0.158822 0.007780 0.026603
10 0.481747 0.139154 0.007780 0.002274
8 0.262717 0.117667 0.007780 0.016144
9 0.733393 0.065143 0.004788 0.023874
9 0.354578 0.057867 0.008378 0.024784
10 0.151107 0.050023 0.009575 0.002274
11 0.587971 0.954866 0.009575 0.005684
11 0.843357 0.951910 0.009276 0.006139
11 0.738480 0.949409 0.008977 0.005684
11 0.645871 0.946680 0.009276 0.005684
11 0.260024 0.944861 0.009575 0.005684
11 0.393327 0.944634 0.009276 0.006139
11 0.198235 0.940200 0.009276 0.006367
11 0.451676 0.936903 0.008677 0.006139
17 0.843208 0.908254 0.010174 0.007049
17 0.739976 0.905070 0.010772 0.007049
17 0.646469 0.902797 0.010473 0.007049
11 0.259725 0.901205 0.008977 0.005684
12 0.410832 0.900409 0.009575 0.005912
12 0.390335 0.900523 0.009276 0.006139
12 0.215589 0.896089 0.009276 0.005457
12 0.197038 0.896089 0.009276 0.005457
12 0.606822 0.892337 0.009575 0.006139
12 0.586475 0.892224 0.009575 0.005912
11 0.452274 0.892565 0.009874 0.006594
13 0.879563 0.862437 0.007481 0.004548
13 0.879862 0.856298 0.009276 0.005912
12 0.410682 0.862892 0.008079 0.005457
12 0.410233 0.856185 0.008378 0.005684
13 0.681478 0.862324 0.008677 0.005230
13 0.681329 0.855730 0.008977 0.005684
12 0.467235 0.859368 0.008677 0.005230
12 0.467086 0.853229 0.008977 0.006139
12 0.347846 0.859482 0.008079 0.005457
12 0.347397 0.853683 0.008378 0.005230
11 0.800569 0.859254 0.008677 0.005457
12 0.800569 0.853229 0.008677 0.006139
12 0.862956 0.858572 0.010174 0.005912
12 0.862956 0.864484 0.010174 0.005912
12 0.663226 0.858572 0.009874 0.005912
12 0.663226 0.864484 0.009874 0.005912
12 0.276930 0.857094 0.009874 0.005684
12 0.276930 0.862779 0.009874 0.005684
12 0.505236 0.854138 0.008677 0.004775
12 0.504788 0.847999 0.009575 0.005684
12 0.899162 0.853797 0.008378 0.005457
12 0.899162 0.859254 0.008378 0.005457
11 0.756583 0.853342 0.009276 0.005457
11 0.756583 0.858799 0.009276 0.005457
12 0.701227 0.853342 0.008677 0.005457
12 0.701227 0.858799 0.008677 0.005457
13 0.293686 0.853456 0.009874 0.005684
13 0.293686 0.859141 0.009874 0.005684
12 0.605775 0.858686 0.009276 0.005684
12 0.605775 0.853001 0.009276 0.005684
11 0.215440 0.857435 0.008977 0.005457
12 0.215440 0.851978 0.008977 0.005457
12 0.313585 0.851410 0.010174 0.005230
12 0.313585 0.856639 0.010174 0.005230
12 0.543986 0.850614 0.008977 0.005457
12 0.543986 0.856071 0.008977 0.005457
12 0.486385 0.850728 0.009874 0.005684
12 0.486385 0.856412 0.009874 0.005684
12 0.156942 0.854593 0.009276 0.005684
12 0.156942 0.848909 0.009276 0.005684
11 0.196140 0.812301 0.009874 0.006139
11 0.156344 0.812301 0.009276 0.006139
11 0.587822 0.808890 0.009276 0.005684
11 0.543836 0.809118 0.009874 0.006139
17 0.452873 0.809118 0.009874 0.006139
11 0.782914 0.801273 0.009276 0.005912
11 0.740126 0.801387 0.009874 0.006139
17 0.647516 0.801387 0.010174 0.007049
18 0.439707 0.798317 0.006284 0.004548
11 0.393178 0.798886 0.009575 0.005684
11 0.347846 0.799113 0.008079 0.006139
17 0.259874 0.799341 0.010473 0.006594
17 0.844554 0.795930 0.010473 0.007049
13 0.068671 0.760573 0.005087 0.004548
11 0.195242 0.731014 0.009276 0.006367
11 0.259575 0.727831 0.009874 0.006367
12 0.307899 0.725216 0.009575 0.005684
11 0.805655 0.722260 0.009276 0.006139
11 0.677289 0.722260 0.009874 0.006139
11 0.374776 0.722033 0.009276 0.006594
11 0.573758 0.714984 0.006284 0.004320
11 0.858917 0.714302 0.009276 0.005684
11 0.481598 0.714416 0.008677 0.005912
11 0.573160 0.690427 0.009874 0.006139
11 0.196589 0.689063 0.009575 0.006139
12 0.259575 0.686107 0.009874 0.006594
12 0.307600 0.683606 0.008977 0.005230
12 0.804309 0.680309 0.010174 0.005912
11 0.678486 0.680537 0.009874 0.006367
11 0.374925 0.680650 0.009575 0.006594
12 0.823309 0.680196 0.009874 0.006594
11 0.482496 0.677922 0.009276 0.005684
11 0.857720 0.672692 0.009276 0.006139
12 0.435667 0.638131 0.009575 0.006139
12 0.435518 0.630286 0.008677 0.005912
12 0.391981 0.638131 0.010174 0.006139
12 0.391083 0.630173 0.008378 0.005684
18 0.499551 0.635744 0.008677 0.005912
11 0.499551 0.641655 0.008677 0.005912
12 0.287852 0.635744 0.008977 0.005912
12 0.287852 0.641655 0.008977 0.005912
18 0.519300 0.632788 0.009874 0.005457
12 0.519300 0.638245 0.009874 0.005457
12 0.307151 0.638245 0.010473 0.005457
12 0.307151 0.632788 0.010473 0.005457
12 0.215440 0.632901 0.008977 0.005684
13 0.215440 0.638586 0.008977 0.005684
12 0.875374 0.636312 0.008677 0.005684
12 0.875374 0.630628 0.008677 0.005684
12 0.592011 0.630514 0.009276 0.005457
11 0.592011 0.635971 0.009276 0.005457
12 0.537403 0.630400 0.008977 0.005230
12 0.537403 0.635630 0.008977 0.005230
12 0.634351 0.635857 0.008977 0.005684
11 0.634351 0.630173 0.008977 0.005684
12 0.333034 0.635175 0.009575 0.005230
12 0.333034 0.629945 0.009575 0.005230
12 0.154548 0.635857 0.009276 0.005684
12 0.154548 0.630173 0.009276 0.005684
12 0.893926 0.627899 0.009874 0.005684
12 0.893926 0.633583 0.009874 0.005684
12 0.912627 0.625512 0.008977 0.005457
12 0.912627 0.630969 0.008977 0.005457
12 0.821514 0.625171 0.007481 0.005684
12 0.821514 0.630855 0.007481 0.005684
12 0.693896 0.625057 0.008977 0.005457
12 0.693896 0.630514 0.008977 0.005457
12 0.767504 0.622328 0.009575 0.005457
18 0.767504 0.627785 0.009575 0.005457
13 0.712747 0.622328 0.008977 0.005457
13 0.712747 0.627785 0.008977 0.005457
12 0.729653 0.619941 0.009276 0.005230
12 0.729653 0.625171 0.009276 0.005230
11 0.858318 0.591291 0.010473 0.007049
11 0.154847 0.583674 0.009874 0.006367
11 0.419060 0.580832 0.009276 0.006139
11 0.197187 0.580832 0.009575 0.006139
11 0.374177 0.578445 0.008079 0.005457
11 0.618043 0.578331 0.008677 0.005684
11 0.574357 0.578331 0.008677 0.005684
17 0.482196 0.578331 0.009874 0.006594
17 0.260473 0.578445 0.010473 0.006821
12 0.844554 0.575375 0.005685 0.004320
11 0.804758 0.575830 0.008677 0.006139
11 0.767804 0.575489 0.010174 0.006367
17 0.679234 0.575830 0.010174 0.007049
11 0.154997 0.523647 0.008977 0.006367
11 0.418163 0.520009 0.009874 0.007276
11 0.197636 0.520123 0.009276 0.007503
11 0.574656 0.518304 0.009276 0.006594
17 0.482196 0.517849 0.011071 0.007503
11 0.373878 0.517394 0.009874 0.006594
17 0.260473 0.517394 0.010473 0.007503
11 0.395871 0.491587 0.009575 0.005912
11 0.851735 0.486016 0.009276 0.005684
11 0.744315 0.483515 0.009874 0.006139
11 0.657241 0.481128 0.009276 0.005912
11 0.198235 0.481241 0.009276 0.006139
11 0.589168 0.478286 0.009575 0.006594
11 0.456463 0.478286 0.009874 0.006594
11 0.261819 0.473283 0.009575 0.006594
13 0.068971 0.460778 0.004488 0.004320
13 0.068671 0.449181 0.005087 0.002956
11 0.396020 0.453388 0.009874 0.005912
11 0.851137 0.447817 0.009874 0.005684
11 0.743716 0.444975 0.009874 0.006367
11 0.656942 0.443042 0.009874 0.006139
11 0.197487 0.442815 0.009575 0.005684
11 0.588719 0.439973 0.009874 0.006367
11 0.456463 0.440086 0.009874 0.006594
11 0.261370 0.435084 0.009874 0.006594
11 0.222771 0.404388 0.008079 0.005230
12 0.223519 0.397794 0.009575 0.005684
12 0.478905 0.403706 0.008079 0.005684
12 0.479503 0.397567 0.009276 0.005230
12 0.671903 0.401205 0.008079 0.004320
12 0.672352 0.394839 0.008977 0.006139
17 0.497157 0.400750 0.007481 0.004320
12 0.497457 0.394952 0.009276 0.006367
12 0.624476 0.399841 0.007181 0.006139
12 0.616846 0.397453 0.008677 0.005912
18 0.094853 0.398931 0.005984 0.004320
13 0.069569 0.400637 0.005685 0.010914
18 0.810144 0.397453 0.008677 0.005912
11 0.817923 0.399500 0.008677 0.005912
11 0.154997 0.400409 0.008977 0.005457
11 0.154997 0.394952 0.008977 0.005457
11 0.101436 0.396544 0.007780 0.008640
11 0.760922 0.394497 0.009575 0.005457
12 0.760922 0.399955 0.009575 0.005457
11 0.550120 0.399955 0.009276 0.005457
11 0.550120 0.394497 0.009276 0.005457
12 0.415171 0.394611 0.009276 0.005684
12 0.415171 0.400296 0.009276 0.005684
12 0.278576 0.394611 0.009575 0.005684
12 0.278576 0.400296 0.009575 0.005684
13 0.869539 0.394156 0.010174 0.005684
13 0.869539 0.399841 0.010174 0.005684
13 0.689856 0.392337 0.008677 0.005684
12 0.689856 0.398022 0.008677 0.005684
12 0.355027 0.397681 0.009276 0.005457
11 0.355027 0.392224 0.009276 0.005457
12 0.885548 0.391883 0.009874 0.005684
12 0.885548 0.397567 0.009874 0.005684
12 0.516457 0.391883 0.008977 0.005684
12 0.516457 0.397567 0.008977 0.005684
13 0.298175 0.391883 0.009276 0.005684
12 0.298175 0.397567 0.009276 0.005684
12 0.707959 0.389495 0.008378 0.005457
12 0.707959 0.394952 0.008378 0.005457
12 0.317026 0.389154 0.009874 0.005684
12 0.317026 0.394839 0.009874 0.005684
12 0.904997 0.388813 0.009276 0.005912
12 0.904997 0.394725 0.009276 0.005912
11 0.396020 0.360277 0.008677 0.006139
11 0.355027 0.359823 0.009276 0.006139
17 0.263166 0.359141 0.011071 0.007503
17 0.456912 0.352547 0.010174 0.006139
17 0.659037 0.346862 0.010473 0.006594
13 0.249102 0.345043 0.005685 0.003865
11 0.155595 0.344816 0.009575 0.006139
11 0.591263 0.344361 0.008977 0.006139
11 0.551017 0.344361 0.008677 0.006139
11 0.198534 0.344588 0.009874 0.006594
17 0.852035 0.341633 0.011071 0.007049
11 0.786804 0.339018 0.009874 0.006367
11 0.744016 0.339131 0.009276 0.006594
11 0.397516 0.299000 0.008079 0.005457
11 0.354728 0.299113 0.007481 0.005684
17 0.262867 0.299113 0.010473 0.006594
12 0.069270 0.294111 0.003890 0.004775
17 0.457660 0.292065 0.010473 0.007049
17 0.658438 0.286721 0.010473 0.007276
12 0.249102 0.284334 0.006284 0.005230
11 0.551017 0.284106 0.008677 0.006594
11 0.197636 0.284106 0.009276 0.006594
11 0.155147 0.284106 0.009276 0.006594
11 0.589617 0.283993 0.009276 0.007276
17 0.851287 0.281605 0.010772 0.007049
11 0.786056 0.279332 0.008977 0.007049
11 0.744016 0.279332 0.008079 0.007049
13 0.069868 0.253865 0.005087 0.003411
12 0.197038 0.253865 0.008079 0.005230
11 0.140485 0.253752 0.008677 0.005002
11 0.440604 0.253979 0.009276 0.006367
11 0.575853 0.253638 0.009276 0.006594
17 0.321215 0.253638 0.011071 0.006594
17 0.242669 0.253411 0.010772 0.007049
11 0.841712 0.249773 0.009575 0.006139
11 0.780820 0.246362 0.009874 0.006594
11 0.635996 0.246362 0.008677 0.006594
12 0.575105 0.214529 0.008977 0.005684
11 0.441951 0.214188 0.009575 0.005912
12 0.197786 0.213734 0.007780 0.005002
11 0.140784 0.214188 0.009276 0.005912
17 0.321065 0.213620 0.010772 0.006594
17 0.241622 0.213847 0.009874 0.007049
11 0.842460 0.210209 0.009874 0.006139
11 0.779922 0.207026 0.009276 0.006139
11 0.637044 0.206912 0.008977 0.005912
12 0.657241 0.173829 0.006882 0.005230
12 0.658139 0.167462 0.008677 0.006139
11 0.241472 0.170191 0.009575 0.006139
12 0.179683 0.170191 0.009276 0.006139
12 0.140036 0.170191 0.008378 0.006139
11 0.799072 0.174056 0.009276 0.006139
12 0.799072 0.167917 0.009276 0.006139
12 0.198534 0.167235 0.008677 0.006594
12 0.163824 0.167235 0.008677 0.006594
12 0.867145 0.165985 0.008977 0.005912
12 0.867145 0.171896 0.008977 0.005912
12 0.735338 0.165416 0.008677 0.005684
12 0.735338 0.171101 0.008677 0.005684
13 0.886894 0.163142 0.008977 0.005684
13 0.886894 0.168827 0.008977 0.005684
12 0.694045 0.162233 0.008677 0.005684
12 0.694045 0.167917 0.008677 0.005684
12 0.906044 0.160300 0.008977 0.005457
11 0.906044 0.165757 0.008977 0.005457
12 0.595901 0.156889 0.008677 0.005912
12 0.595901 0.162801 0.008677 0.005912
12 0.460353 0.156321 0.008079 0.005684
12 0.460353 0.162005 0.008079 0.005684
12 0.533962 0.159845 0.009276 0.005457
12 0.533962 0.154388 0.009276 0.005457
13 0.475613 0.154388 0.008079 0.005457
13 0.475613 0.159845 0.008079 0.005457
11 0.356074 0.159732 0.010174 0.005684
11 0.356074 0.154047 0.010174 0.005684
12 0.492071 0.151319 0.009276 0.005684
12 0.492071 0.157003 0.009276 0.005684
11 0.321963 0.157003 0.008977 0.005684
11 0.321963 0.151319 0.008977 0.005684
12 0.675045 0.149272 0.003591 0.004320
12 0.674895 0.171555 0.007481 0.006139
12 0.673998 0.165075 0.008079 0.005002
11 0.275135 0.154388 0.008677 0.005457
11 0.275135 0.148931 0.008677 0.005457
12 0.179832 0.128126 0.009575 0.006594
11 0.240874 0.127444 0.008378 0.006139
12 0.140485 0.127672 0.008677 0.006594
12 0.197038 0.124716 0.008079 0.006139
13 0.162926 0.124829 0.009276 0.006367
18 0.263166 0.119372 0.005087 0.003638
11 0.780521 0.119714 0.009276 0.005230
11 0.736385 0.120168 0.008378 0.006139
17 0.637792 0.119941 0.011071 0.006594
11 0.274835 0.116871 0.009276 0.005912
11 0.321514 0.113802 0.009276 0.005230
13 0.262418 0.114256 0.008378 0.006139
12 0.842160 0.112437 0.007481 0.007049
11 0.356224 0.111414 0.010473 0.006821
13 0.623279 0.109595 0.007780 0.005912
11 0.574207 0.109709 0.007181 0.006139
11 0.534560 0.109482 0.009276 0.005684
17 0.442101 0.109027 0.011071 0.006594
12 0.139138 0.071396 0.007181 0.004548
12 0.179982 0.071396 0.008677 0.005002
12 0.198833 0.069009 0.009276 0.006594
13 0.163674 0.069009 0.009575 0.006594
12 0.070018 0.061619 0.004788 0.005002
11 0.242071 0.061392 0.008977 0.005912
11 0.779773 0.059686 0.007780 0.006139
11 0.737133 0.059345 0.007481 0.006367
17 0.637792 0.059459 0.011071 0.007503
11 0.275583 0.056048 0.008977 0.006139
11 0.322412 0.053092 0.008677 0.006594
11 0.356373 0.051728 0.007780 0.008413
17 0.842310 0.051046 0.010772 0.007958
11 0.532615 0.049454 0.009575 0.006594
11 0.574357 0.048886 0.009874 0.006367
17 0.442101 0.048431 0.011071 0.007276
18 0.915171 0.039905 0.006882 0.004775
4 0.093507 0.107663 0.022442 0.033879
0 0.095601 0.848454 0.023040 0.023874
2 0.088420 0.477149 0.020646 0.019782
4 0.263166 0.056730 0.009874 0.014779
3 0.153052 0.066735 0.006284 0.016598
2 0.089617 0.716121 0.020646 0.021146
2 0.089019 0.438950 0.021843 0.020691
4 0.406493 0.518986 0.009276 0.015234
5 0.116248 0.069009 0.008079 0.008413
5 0.116547 0.108117 0.008677 0.013870
2 0.090814 0.205207 0.020646 0.019782
4 0.185667 0.580605 0.009276 0.015689
3 0.343956 0.109027 0.006284 0.015689
1 0.092908 0.070600 0.022442 0.034334
4 0.854728 0.171101 0.009276 0.016144
4 0.348743 0.050364 0.015859 0.019327
2 0.091113 0.244316 0.018851 0.018872
4 0.210503 0.402797 0.009874 0.016598
4 0.467235 0.402115 0.009874 0.015234
4 0.603381 0.397567 0.009276 0.016144
2 0.094105 0.897112 0.018851 0.019327
2 0.094704 0.941223 0.015260 0.017508
4 0.798773 0.397340 0.009874 0.016598
2 0.088420 0.674739 0.020646 0.020236
0 0.092609 0.627217 0.023040 0.023420
0 0.092908 0.582196 0.022442 0.031605
4 0.186565 0.521487 0.009874 0.015689
0 0.092908 0.340041 0.022442 0.030241
5 0.116248 0.248181 0.008079 0.015689
1 0.095302 0.358458 0.005685 0.011596
4 0.407989 0.579695 0.009874 0.013870
4 0.123878 0.721237 0.008378 0.015462
4 0.116098 0.712597 0.008378 0.015462
3 0.393776 0.158026 0.007181 0.017735
4 0.124177 0.342656 0.008977 0.016826
4 0.115799 0.334698 0.008977 0.014552
4 0.133154 0.331969 0.008977 0.015462
4 0.117893 0.842428 0.008378 0.014097
4 0.118492 0.893361 0.008378 0.015916
5 0.394375 0.245339 0.005984 0.008640
4 0.402753 0.240337 0.009575 0.015916
4 0.122980 0.299227 0.008977 0.016371
4 0.114602 0.291724 0.008977 0.015007
0 0.132555 0.287631 0.008977 0.013188
5 0.116697 0.154843 0.007181 0.013188
4 0.124476 0.767622 0.008378 0.014552
4 0.115799 0.758299 0.008977 0.015007
4 0.131658 0.755798 0.008378 0.015462
4 0.115500 0.619600 0.008378 0.015916
4 0.123579 0.442701 0.008977 0.015916
4 0.114901 0.435198 0.009575 0.016371
4 0.131358 0.431787 0.008977 0.015916
4 0.126272 0.804684 0.008378 0.015916
4 0.116996 0.796498 0.008977 0.014097
4 0.133154 0.793315 0.008977 0.014097
4 0.132555 0.530696 0.008977 0.016371
4 0.115799 0.473397 0.008977 0.015462
4 0.411430 0.111187 0.008977 0.014097
4 0.419808 0.098681 0.008977 0.015462
4 0.123279 0.678490 0.008378 0.016371
4 0.114901 0.670532 0.008378 0.015916
4 0.131059 0.668031 0.008378 0.015462
4 0.411430 0.066166 0.008977 0.015916
4 0.420108 0.055025 0.009575 0.014552
4 0.119689 0.936562 0.008378 0.013188
4 0.116397 0.382674 0.008977 0.016826
4 0.403800 0.149045 0.009276 0.015689
4 0.411580 0.156321 0.009276 0.015689
4 0.419210 0.145862 0.008977 0.015689
4 0.127319 0.900750 0.009276 0.015689
4 0.133154 0.899159 0.008977 0.015689
4 0.410981 0.248636 0.009276 0.015689
4 0.419210 0.238404 0.008977 0.015689
3 0.393477 0.066735 0.008977 0.015689
4 0.124327 0.627899 0.009276 0.015689
4 0.131358 0.618122 0.008977 0.015689
4 0.396619 0.209982 0.009276 0.015689
4 0.403052 0.201114 0.008977 0.015689
4 0.410981 0.208618 0.009276 0.015689
4 0.418013 0.199295 0.008977 0.015689
4 0.115350 0.534447 0.009276 0.015689
4 0.123579 0.541951 0.008977 0.015689
4 0.087522 0.303206 0.009276 0.015689
4 0.100239 0.289563 0.008977 0.015689
4 0.124327 0.481014 0.009276 0.015689
4 0.131358 0.471237 0.008977 0.015689
5 0.395422 0.108117 0.009276 0.015689
4 0.403052 0.102888 0.008977 0.015689
3 0.345452 0.161096 0.009276 0.015689
4 0.123728 0.390064 0.009276 0.015689
4 0.132555 0.380286 0.008977 0.015689
3 0.095601 0.812074 0.009276 0.012506
5 0.100838 0.812074 0.008977 0.012506
4 0.089019 0.808208 0.009276 0.015689
4 0.099641 0.803206 0.008977 0.015689
4 0.088121 0.545362 0.009276 0.015689
5 0.100838 0.539905 0.008977 0.015689
4 0.115649 0.575603 0.009276 0.015689
4 0.124028 0.583788 0.009276 0.015689
4 0.132555 0.573329 0.008977 0.015689
4 0.087522 0.768645 0.009276 0.015689
4 0.100838 0.774329 0.008977 0.015689