10 0.836320 0.945820 0.011350 0.005225
8 0.669056 0.945366 0.012545 0.006588
8 0.521804 0.945139 0.011947 0.007497
7 0.352449 0.947637 0.011350 0.012949
7 0.264934 0.947865 0.011947 0.014312
7 0.204898 0.948319 0.011350 0.014312
6 0.385603 0.946842 0.009558 0.018628
10 0.480585 0.919355 0.006571 0.004543
7 0.830346 0.915720 0.008363 0.007269
9 0.317204 0.912653 0.010753 0.021127
7 0.263740 0.906747 0.011350 0.012949
6 0.537037 0.905838 0.009558 0.018855
6 0.386201 0.904134 0.008961 0.017719
10 0.658901 0.878237 0.008363 0.002726
8 0.881422 0.864266 0.013740 0.019309
8 0.264337 0.862903 0.012545 0.017946
8 0.850060 0.856542 0.004779 0.013857
9 0.806750 0.856770 0.008961 0.015675
9 0.316308 0.865402 0.007766 0.034757
9 0.775687 0.859496 0.008961 0.027488
9 0.613799 0.862790 0.011350 0.028169
10 0.467145 0.850750 0.005974 0.002726
10 0.317204 0.850295 0.007168 0.003180
10 0.280466 0.850068 0.006571 0.002726
10 0.777778 0.848251 0.005974 0.002726
7 0.880526 0.821558 0.011947 0.013857
7 0.725209 0.821331 0.011947 0.013857
7 0.652031 0.821104 0.011350 0.013403
7 0.808244 0.821104 0.011947 0.013403
8 0.223716 0.817242 0.012545 0.006588
6 0.386798 0.819627 0.008961 0.017719
6 0.535842 0.819514 0.009558 0.017946
10 0.246117 0.802363 0.007168 0.001817
10 0.186380 0.795547 0.007168 0.002726
10 0.209080 0.793730 0.009558 0.004543
9 0.265830 0.788960 0.011947 0.016356
9 0.645759 0.776465 0.005974 0.020900
9 0.515532 0.773512 0.008363 0.021354
10 0.681601 0.727624 0.007766 0.003180
10 0.170848 0.727283 0.008961 0.002953
7 0.890980 0.722967 0.011947 0.014766
7 0.836022 0.722853 0.011947 0.013176
7 0.323775 0.722512 0.011350 0.012494
7 0.507467 0.722740 0.011947 0.013403
7 0.453106 0.722740 0.009558 0.013403
7 0.379630 0.722853 0.011947 0.014085
6 0.606332 0.721490 0.008961 0.017265
6 0.221625 0.722058 0.008961 0.018855
6 0.734468 0.721604 0.009558 0.018855
10 0.298686 0.682417 0.006571 0.003635
10 0.682198 0.679464 0.006571 0.002272
7 0.508065 0.679123 0.011947 0.013403
10 0.838411 0.673444 0.005974 0.002499
6 0.734767 0.677987 0.008961 0.018855
6 0.222521 0.677306 0.009558 0.018401
6 0.607228 0.676851 0.009558 0.017946
10 0.436380 0.666061 0.009558 0.002272
7 0.463560 0.668900 0.012545 0.017492
10 0.828256 0.660382 0.014337 0.004998
10 0.344982 0.657201 0.011947 0.002272
10 0.436380 0.654702 0.016726 0.002272
10 0.330645 0.653112 0.005974 0.002272
10 0.822282 0.652431 0.009558 0.004543
10 0.306153 0.651068 0.007168 0.004543
10 0.356930 0.639028 0.005974 0.003180
9 0.866487 0.632667 0.008363 0.019991
9 0.781362 0.639823 0.006571 0.023398
9 0.337515 0.641640 0.013740 0.027033
8 0.481481 0.638687 0.005376 0.020672
9 0.447431 0.639141 0.005376 0.027942
9 0.807945 0.640050 0.009558 0.030214
9 0.169355 0.639596 0.008363 0.029305
9 0.680108 0.639141 0.009558 0.027488
8 0.508961 0.641867 0.012545 0.027033
10 0.338710 0.629941 0.007766 0.002272
6 0.310335 0.629146 0.004779 0.009314
10 0.724910 0.588142 0.009558 0.004998
10 0.854988 0.587915 0.011649 0.004998
10 0.597820 0.587915 0.012246 0.004998
8 0.470281 0.587801 0.011649 0.007042
8 0.354092 0.587574 0.012246 0.007042
8 0.214307 0.587574 0.011051 0.007042
10 0.453405 0.567924 0.009558 0.003180
10 0.440860 0.567924 0.008363 0.004089
10 0.555705 0.564516 0.007467 0.003635
10 0.884110 0.559064 0.009558 0.002726
10 0.327061 0.557928 0.006571 0.003635
9 0.418160 0.552703 0.005974 0.022263
9 0.705197 0.550886 0.005376 0.018174
9 0.171147 0.552703 0.008961 0.021808
10 0.199522 0.543389 0.005974 0.002726
10 0.763142 0.542935 0.006571 0.002726
10 0.808841 0.537937 0.007168 0.002726
10 0.736858 0.538164 0.007766 0.003180
7 0.319295 0.491708 0.011350 0.013403
7 0.224014 0.492163 0.011947 0.013403
10 0.597969 0.488414 0.011947 0.004998
9 0.762545 0.496706 0.011350 0.024307
7 0.732676 0.491481 0.012545 0.012949
8 0.463859 0.488074 0.010155 0.007497
6 0.341995 0.491027 0.008961 0.018401
6 0.169056 0.490345 0.009558 0.018855
6 0.678614 0.489664 0.009558 0.018401
10 0.072879 0.464334 0.005974 0.004998
7 0.318698 0.451272 0.011350 0.012494
10 0.597969 0.447751 0.011947 0.004543
7 0.733871 0.451045 0.011350 0.012949
7 0.221924 0.451272 0.011350 0.013403
8 0.465352 0.447637 0.011947 0.006588
6 0.344683 0.449909 0.009558 0.017946
6 0.169355 0.449796 0.008961 0.018174
6 0.679211 0.449455 0.009558 0.018855
6 0.867384 0.448546 0.009558 0.018401
10 0.196685 0.413676 0.006272 0.002272
10 0.172491 0.412540 0.005675 0.003635
10 0.603196 0.412199 0.005675 0.003408
10 0.170400 0.408791 0.006272 0.002953
9 0.354689 0.407883 0.012843 0.023853
8 0.289427 0.410609 0.013142 0.018401
10 0.575269 0.402999 0.006571 0.002272
10 0.433393 0.402999 0.005974 0.002272
7 0.760454 0.407201 0.012545 0.013403
10 0.473417 0.398228 0.007168 0.002726
10 0.346177 0.397547 0.005974 0.001817
8 0.231930 0.410154 0.012246 0.030214
10 0.192652 0.397547 0.005974 0.002726
10 0.252987 0.394821 0.005974 0.001817
9 0.616338 0.408224 0.012246 0.022263
10 0.573775 0.365743 0.008363 0.004998
9 0.516129 0.359155 0.006571 0.022717
7 0.248805 0.359496 0.010753 0.013403
7 0.758961 0.358587 0.011947 0.013403
10 0.854839 0.354839 0.011350 0.004998
10 0.572581 0.348251 0.010753 0.003635
9 0.556750 0.358701 0.011350 0.019991
10 0.652628 0.319855 0.005974 0.002726
10 0.173238 0.319855 0.007766 0.003635
7 0.249701 0.315198 0.012545 0.012949
10 0.693847 0.302135 0.009558 0.001817
7 0.750299 0.301340 0.010155 0.007042
9 0.689068 0.313267 0.008363 0.025897
8 0.651732 0.309291 0.011350 0.024761
8 0.439068 0.251136 0.011350 0.007042
8 0.704002 0.250682 0.011947 0.006588
8 0.315412 0.250909 0.012545 0.007042
8 0.202509 0.250682 0.011350 0.006588
8 0.572431 0.250454 0.012843 0.006588
10 0.847521 0.250227 0.012246 0.005225
8 0.572581 0.207065 0.012545 0.007042
8 0.439068 0.207065 0.011947 0.007042
8 0.702808 0.206838 0.011350 0.007042
8 0.316010 0.206611 0.011947 0.006588
8 0.202808 0.206611 0.011350 0.006588
8 0.846476 0.206497 0.011947 0.008178
8 0.518519 0.168446 0.013142 0.017946
8 0.439367 0.162994 0.007766 0.007042
8 0.316906 0.162994 0.008961 0.007497
8 0.204002 0.162994 0.011350 0.007497
10 0.671147 0.160609 0.006571 0.002272
9 0.741637 0.167537 0.008961 0.019309
10 0.089008 0.158337 0.005974 0.004543
10 0.605137 0.123239 0.005974 0.004316
7 0.740143 0.123467 0.009558 0.008405
8 0.439068 0.114607 0.011947 0.008405
8 0.458781 0.116424 0.011947 0.012949
7 0.418757 0.116197 0.011947 0.012494
7 0.357527 0.116197 0.011350 0.012949
7 0.311231 0.116424 0.010753 0.013403
7 0.240442 0.115970 0.011350 0.012494
10 0.914128 0.074512 0.006272 0.003180
7 0.192802 0.071899 0.011649 0.012494
8 0.460723 0.074398 0.013441 0.017946
7 0.359767 0.071672 0.012246 0.012949
7 0.419803 0.071672 0.011649 0.013403
7 0.311679 0.071445 0.012843 0.013403
9 0.757318 0.071899 0.006870 0.017038
9 0.079450 0.063948 0.004182 0.021581
8 0.841099 0.065425 0.010155 0.024080
12 0.169355 0.961722 0.009558 0.006134
12 0.233572 0.953430 0.008961 0.005906
12 0.316906 0.947637 0.009558 0.006134
12 0.170400 0.920945 0.008662 0.006361
12 0.686828 0.915834 0.009259 0.006134
12 0.236708 0.912199 0.009857 0.006134
12 0.613650 0.907883 0.009857 0.006134
12 0.777927 0.907883 0.009857 0.006588
12 0.467145 0.907201 0.009558 0.006588
12 0.317802 0.906974 0.008961 0.006588
12 0.141428 0.904589 0.004480 0.004543
12 0.206541 0.902431 0.010454 0.006588
12 0.807796 0.897887 0.009857 0.006588
12 0.725956 0.897660 0.009857 0.006134
12 0.849462 0.890504 0.009558 0.006815
12 0.653524 0.890164 0.009558 0.007497
12 0.504928 0.888801 0.008662 0.007042
12 0.354092 0.887778 0.009259 0.007269
18 0.156063 0.868696 0.008662 0.005906
18 0.156063 0.862790 0.008662 0.005906
12 0.170699 0.860518 0.008065 0.005452
12 0.170699 0.865970 0.008065 0.005452
12 0.807348 0.859496 0.007766 0.005225
12 0.807945 0.853249 0.007766 0.005452
12 0.236260 0.857792 0.008363 0.005452
12 0.236260 0.863244 0.008363 0.005452
12 0.688023 0.855747 0.008662 0.005906
12 0.688023 0.861654 0.008662 0.005906
13 0.666517 0.855747 0.009259 0.005906
13 0.666517 0.861654 0.009259 0.005906
12 0.568847 0.855520 0.009857 0.005906
12 0.568847 0.861427 0.009857 0.005906
12 0.431452 0.855293 0.009857 0.005452
12 0.431452 0.860745 0.009857 0.005452
12 0.206541 0.855179 0.009259 0.005679
12 0.206541 0.860859 0.009259 0.005679
12 0.849313 0.853816 0.008065 0.005225
12 0.849313 0.859041 0.008065 0.005225
12 0.614546 0.853589 0.009259 0.005225
12 0.614546 0.858814 0.009259 0.005225
11 0.466697 0.853135 0.008662 0.005225
11 0.466697 0.858360 0.008662 0.005225
12 0.280615 0.852794 0.008065 0.005906
11 0.318399 0.852340 0.007766 0.005452
11 0.318399 0.857792 0.007766 0.005452
12 0.777330 0.850182 0.008662 0.005679
12 0.777330 0.855861 0.008662 0.005679
13 0.740591 0.850182 0.008065 0.005679
13 0.740591 0.855861 0.008065 0.005679
12 0.907855 0.848251 0.009259 0.005906
12 0.907855 0.854157 0.009259 0.005906
12 0.850358 0.824512 0.008961 0.005679
12 0.688919 0.823830 0.008662 0.005225
11 0.778524 0.823603 0.008662 0.005225
11 0.613949 0.824057 0.010454 0.006588
11 0.467891 0.823376 0.009259 0.005225
11 0.318847 0.823376 0.009259 0.005679
13 0.265980 0.785438 0.007467 0.006134
13 0.779421 0.779305 0.009259 0.003862
11 0.778674 0.758973 0.008961 0.006815
13 0.207288 0.780441 0.008961 0.006134
13 0.251195 0.777488 0.009558 0.005679
13 0.185484 0.777488 0.008961 0.006588
13 0.171595 0.774989 0.008662 0.006134
13 0.651732 0.772944 0.009558 0.006588
12 0.569146 0.772717 0.009259 0.006588
12 0.506272 0.772717 0.009558 0.006588
12 0.416517 0.772603 0.009857 0.006361
13 0.353644 0.772263 0.009558 0.006134
13 0.237306 0.772490 0.009857 0.006588
13 0.727151 0.769991 0.008662 0.006134
13 0.880675 0.767719 0.009857 0.006588
12 0.806900 0.767378 0.009259 0.006361
12 0.630526 0.767492 0.010155 0.006588
12 0.554510 0.767378 0.009857 0.006815
13 0.522849 0.767492 0.009857 0.007042
12 0.482228 0.767265 0.009857 0.006588
12 0.400986 0.767265 0.009857 0.006588
13 0.367533 0.766924 0.009857 0.006361
13 0.332587 0.767038 0.009259 0.006588
13 0.284946 0.766924 0.009558 0.006361
13 0.222670 0.767038 0.009259 0.006588
12 0.712664 0.765334 0.009558 0.005906
13 0.908303 0.765220 0.009558 0.006134
12 0.793160 0.763403 0.009259 0.005679
12 0.468787 0.762494 0.009259 0.006134
12 0.688023 0.762154 0.008065 0.005906
13 0.865293 0.762267 0.008961 0.006588
12 0.614845 0.761813 0.009259 0.006588
12 0.539725 0.761699 0.009558 0.006361
13 0.317652 0.761358 0.009259 0.006134
13 0.386051 0.760677 0.008662 0.006588
13 0.669504 0.759995 0.009259 0.007042
12 0.585723 0.756588 0.009558 0.006134
12 0.433393 0.756588 0.010155 0.006134
13 0.739994 0.756020 0.009857 0.006361
13 0.849612 0.754771 0.009857 0.007042
13 0.822730 0.750682 0.009259 0.006588
11 0.420699 0.736143 0.009259 0.006134
12 0.481033 0.728646 0.009259 0.006588
12 0.808094 0.725693 0.008662 0.005679
11 0.681452 0.725579 0.008662 0.005452
11 0.555406 0.725466 0.008662 0.005679
11 0.171595 0.725352 0.009259 0.005452
12 0.296296 0.725239 0.008961 0.005679
12 0.863650 0.717742 0.009857 0.006588
12 0.356481 0.717288 0.008662 0.006134
12 0.864845 0.692753 0.009857 0.006588
12 0.421296 0.692185 0.009259 0.006361
12 0.355287 0.691845 0.008662 0.006134
12 0.480436 0.684575 0.009259 0.005679
12 0.682348 0.682076 0.007467 0.005679
12 0.553017 0.681963 0.008662 0.005906
12 0.808692 0.681849 0.009259 0.006134
12 0.170848 0.681849 0.007766 0.006134
12 0.297790 0.680713 0.008363 0.004771
12 0.142921 0.675148 0.004480 0.004543
12 0.892324 0.674353 0.009857 0.006134
12 0.454898 0.673671 0.009558 0.006588
12 0.380376 0.673330 0.009857 0.006361
12 0.837366 0.671740 0.008662 0.004998
12 0.840950 0.649478 0.005078 0.003635
12 0.581840 0.671740 0.008363 0.005452
12 0.709827 0.671854 0.008065 0.006134
12 0.323626 0.671172 0.008662 0.005679
12 0.198327 0.670945 0.007766 0.006134
13 0.421147 0.641186 0.006571 0.003862
12 0.422192 0.633803 0.005675 0.004089
13 0.395908 0.640959 0.008662 0.004771
13 0.395908 0.634371 0.007467 0.005225
12 0.339307 0.638573 0.007766 0.004543
13 0.338859 0.632440 0.008065 0.006361
13 0.909349 0.635052 0.009259 0.005679
13 0.909349 0.640731 0.009259 0.005679
12 0.866935 0.633121 0.009259 0.005452
12 0.866935 0.638573 0.009259 0.005452
12 0.852449 0.633121 0.008961 0.005452
12 0.852449 0.638573 0.008961 0.005452
12 0.779570 0.632781 0.008363 0.005225
12 0.779570 0.638005 0.008363 0.005225
12 0.648895 0.632894 0.009259 0.005452
12 0.648895 0.638346 0.009259 0.005452
12 0.480735 0.632667 0.008065 0.005452
12 0.480735 0.638119 0.008065 0.005452
12 0.356033 0.632099 0.008961 0.005679
12 0.356033 0.637778 0.008961 0.005679
12 0.267473 0.631985 0.007467 0.005452
12 0.267473 0.637438 0.007467 0.005452
12 0.809289 0.629827 0.008662 0.005679
12 0.809289 0.635507 0.008662 0.005679
11 0.681153 0.629941 0.009259 0.005906
11 0.681153 0.635847 0.009259 0.005906
11 0.170699 0.629827 0.008662 0.005679
11 0.170699 0.635507 0.008662 0.005679
11 0.553017 0.629600 0.008662 0.005679
11 0.553017 0.635279 0.008662 0.005679
12 0.522849 0.629600 0.008662 0.005679
12 0.522849 0.635279 0.008662 0.005679
12 0.452658 0.629600 0.008662 0.005679
12 0.452658 0.635279 0.008662 0.005679
12 0.296894 0.629373 0.008961 0.005679
12 0.296894 0.635052 0.008961 0.005679
13 0.609170 0.558950 0.004480 0.003408
12 0.610215 0.541004 0.007766 0.004771
12 0.225358 0.559064 0.005078 0.004089
12 0.226553 0.541004 0.007467 0.006134
13 0.509409 0.555997 0.009259 0.005679
13 0.567951 0.553498 0.009259 0.006134
13 0.695490 0.553271 0.009857 0.006134
13 0.185036 0.553612 0.009259 0.006815
13 0.433244 0.548501 0.008662 0.006134
13 0.495818 0.548274 0.009558 0.006588
13 0.381870 0.547933 0.009857 0.006361
13 0.893817 0.547819 0.009857 0.006588
13 0.172043 0.546229 0.007168 0.005679
13 0.421595 0.546002 0.009259 0.005679
13 0.198775 0.546115 0.006870 0.005906
13 0.710723 0.545775 0.009259 0.005679
13 0.634409 0.545888 0.008363 0.005906
13 0.253435 0.545888 0.008662 0.005906
13 0.682198 0.545661 0.007766 0.005906
13 0.582139 0.545547 0.008363 0.005679
12 0.553315 0.545775 0.007467 0.006134
12 0.837814 0.545547 0.008961 0.006134
12 0.763441 0.545434 0.008961 0.005906
13 0.370370 0.545547 0.009558 0.006134
13 0.326016 0.545547 0.009259 0.006134
13 0.880376 0.545093 0.009259 0.005679
13 0.239994 0.543389 0.009259 0.006361
13 0.213411 0.543389 0.008662 0.006361
12 0.750149 0.542821 0.009259 0.006134
13 0.723566 0.542821 0.009857 0.006134
13 0.622461 0.543049 0.009558 0.006588
13 0.866637 0.542594 0.009259 0.006134
13 0.596027 0.542821 0.009259 0.006588
11 0.524642 0.542935 0.009857 0.006815
13 0.524940 0.528396 0.006870 0.006361
13 0.482228 0.542935 0.009857 0.006815
13 0.823925 0.542481 0.009857 0.006361
12 0.357079 0.542708 0.009259 0.006815
13 0.311977 0.542708 0.008662 0.006815
12 0.296744 0.540777 0.008065 0.004771
12 0.809588 0.540323 0.006272 0.005679
13 0.736858 0.540323 0.007766 0.005679
13 0.468339 0.538164 0.008363 0.005906
13 0.397999 0.538051 0.008662 0.006134
13 0.910842 0.537142 0.009259 0.006134
13 0.650388 0.535438 0.009259 0.005906
13 0.342891 0.535325 0.009558 0.005679
13 0.269564 0.535552 0.008662 0.006134
13 0.780466 0.535098 0.008961 0.006134
13 0.852449 0.535098 0.009558 0.006588
12 0.242085 0.509882 0.005078 0.006588
12 0.249552 0.489323 0.008065 0.005452
11 0.814068 0.494207 0.009259 0.005225
12 0.762694 0.489323 0.008065 0.005452
12 0.290621 0.489664 0.008363 0.006134
12 0.073626 0.487392 0.003883 0.003862
12 0.812575 0.453544 0.008662 0.005679
12 0.758662 0.448773 0.007766 0.006134
12 0.290472 0.448773 0.008662 0.006134
13 0.250149 0.448773 0.006870 0.006134
12 0.840203 0.443208 0.007766 0.005906
12 0.580346 0.420377 0.004182 0.003862
12 0.587366 0.407656 0.009857 0.007042
13 0.223268 0.421627 0.009259 0.006361
12 0.732228 0.421172 0.009259 0.006361
13 0.238351 0.418560 0.009558 0.006588
13 0.210723 0.418560 0.009259 0.006588
13 0.718787 0.418105 0.009857 0.006588
13 0.250448 0.416174 0.008662 0.005452
13 0.197730 0.416174 0.009558 0.005452
13 0.706691 0.415834 0.008363 0.005679
13 0.629331 0.416061 0.008961 0.006134
13 0.184588 0.413562 0.009558 0.006588
13 0.614098 0.413108 0.009558 0.006134
13 0.693100 0.413108 0.009857 0.006588
13 0.170998 0.410722 0.008662 0.004998
13 0.264188 0.410836 0.009259 0.005679
13 0.602300 0.410268 0.008662 0.004998
13 0.418459 0.410836 0.008961 0.006134
13 0.680108 0.410382 0.008363 0.005679
13 0.306302 0.410609 0.008065 0.006134
13 0.547939 0.410382 0.008662 0.006134
13 0.385902 0.407883 0.008961 0.006134
12 0.514636 0.407883 0.009558 0.006588
12 0.653375 0.407769 0.009857 0.006815
13 0.575568 0.405384 0.007168 0.005225
13 0.500747 0.405725 0.009259 0.005906
13 0.432945 0.405384 0.007467 0.005225
13 0.372312 0.405157 0.008065 0.005225
11 0.913232 0.404589 0.008662 0.005452
12 0.913232 0.410041 0.008662 0.005452
13 0.320341 0.402885 0.009259 0.006134
13 0.561081 0.402885 0.008065 0.006588
13 0.487605 0.402885 0.009259 0.006588
12 0.446237 0.402999 0.008961 0.006815
13 0.357975 0.402658 0.009259 0.006588
11 0.812873 0.401749 0.008662 0.005679
11 0.812873 0.407428 0.008662 0.005679
13 0.345729 0.400386 0.008662 0.005679
13 0.473865 0.400386 0.008065 0.006134
13 0.332885 0.397660 0.009259 0.006588
13 0.461918 0.397660 0.009259 0.007042
12 0.224462 0.369832 0.009857 0.006361
12 0.197282 0.369945 0.009259 0.006588
12 0.705346 0.369491 0.009857 0.006588
12 0.734618 0.369037 0.009857 0.006588
12 0.681004 0.367219 0.008961 0.005679
13 0.651882 0.366992 0.009259 0.005225
12 0.387246 0.367219 0.009259 0.005679
12 0.172939 0.367447 0.009558 0.006134
13 0.587963 0.367219 0.009259 0.006134
12 0.514038 0.367219 0.008363 0.006134
12 0.548835 0.364607 0.008662 0.006361
11 0.419654 0.364721 0.009558 0.006588
11 0.290173 0.364493 0.008662 0.006588
12 0.603495 0.364266 0.009259 0.006588
13 0.744624 0.325534 0.009558 0.006815
12 0.196386 0.321104 0.008662 0.006134
12 0.758363 0.320650 0.008363 0.006134
12 0.705048 0.320650 0.008065 0.006134
12 0.223566 0.320877 0.009259 0.006588
13 0.733423 0.320195 0.007467 0.005679
13 0.825119 0.320195 0.009259 0.006134
12 0.172790 0.318492 0.009259 0.005452
12 0.514188 0.318378 0.008662 0.005679
12 0.682049 0.318264 0.009857 0.005906
12 0.651434 0.318151 0.009558 0.005679
13 0.651284 0.303839 0.006272 0.004316
12 0.386051 0.318264 0.009259 0.005906
11 0.420400 0.316106 0.009857 0.006588
12 0.545848 0.315652 0.009857 0.006588
11 0.290024 0.315425 0.009558 0.006588
12 0.603196 0.315198 0.008662 0.006588
13 0.781810 0.314970 0.009857 0.006588
13 0.838112 0.312585 0.007766 0.004998
13 0.811977 0.312699 0.008065 0.005679
13 0.895012 0.312699 0.009259 0.006134
13 0.881720 0.309973 0.008961 0.006134
13 0.852001 0.310086 0.008065 0.006361
13 0.868130 0.308383 0.007467 0.004771
12 0.587664 0.302930 0.005078 0.002953
13 0.587963 0.318151 0.009259 0.006134
13 0.912336 0.302476 0.009259 0.005679
12 0.144713 0.207292 0.005078 0.005225
11 0.613799 0.181963 0.005376 0.004089
12 0.619922 0.165834 0.009259 0.006361
18 0.713411 0.172535 0.005078 0.004316
13 0.886947 0.171854 0.009259 0.006134
13 0.871714 0.169128 0.009857 0.007042
12 0.534797 0.168673 0.008662 0.006134
13 0.657855 0.168219 0.007467 0.005679
13 0.796446 0.167424 0.008662 0.006361
13 0.859468 0.166856 0.009259 0.006134
13 0.756123 0.165039 0.009259 0.006588
13 0.840950 0.164357 0.009259 0.006588
13 0.911141 0.163903 0.009857 0.006588
13 0.671147 0.162881 0.007766 0.005906
13 0.606183 0.162540 0.009259 0.005679
13 0.743280 0.162426 0.007467 0.005906
13 0.827210 0.161858 0.008065 0.005679
13 0.590950 0.160495 0.009259 0.006134
13 0.547939 0.160722 0.009857 0.006588
13 0.687276 0.160268 0.009558 0.006134
13 0.726852 0.160041 0.009259 0.006588
13 0.813769 0.159359 0.009857 0.006134
13 0.579301 0.158224 0.009259 0.006134
12 0.713710 0.157656 0.009259 0.006361
13 0.561081 0.155270 0.009857 0.006588
13 0.701165 0.154702 0.009259 0.006815
12 0.283602 0.135734 0.009259 0.007042
13 0.212664 0.135393 0.008363 0.006361
12 0.394713 0.135734 0.009259 0.007497
12 0.330496 0.135279 0.007467 0.007042
13 0.191906 0.134825 0.008662 0.007042
12 0.487903 0.124602 0.008065 0.005225
13 0.619026 0.124489 0.009857 0.005906
12 0.754480 0.123921 0.009558 0.006134
12 0.839158 0.123694 0.009259 0.006588
13 0.839008 0.107565 0.005376 0.005225
12 0.911290 0.123126 0.008961 0.005906
13 0.911290 0.109723 0.006571 0.004089
11 0.519564 0.121990 0.009259 0.006361
11 0.659498 0.121649 0.009558 0.006134
12 0.793757 0.121308 0.009259 0.006361
12 0.857676 0.120968 0.009259 0.006134
12 0.173387 0.116424 0.008662 0.005679
12 0.146057 0.107792 0.006571 0.004316
12 0.211320 0.091436 0.008065 0.007497
18 0.090054 0.086097 0.005675 0.004543
12 0.489098 0.074625 0.008662 0.005225
12 0.619773 0.074512 0.008961 0.005906
12 0.754480 0.073716 0.009558 0.005679
12 0.238202 0.074171 0.009259 0.006588
12 0.912336 0.072921 0.008662 0.005452
12 0.912186 0.057701 0.004182 0.005906
13 0.840203 0.073035 0.008961 0.006134
12 0.172043 0.072240 0.009558 0.006361
11 0.658303 0.071899 0.009558 0.006588
12 0.519265 0.071672 0.009259 0.006588
12 0.441308 0.071786 0.009857 0.006815
12 0.396505 0.071899 0.009857 0.007042
12 0.794205 0.070990 0.008961 0.005679
12 0.333035 0.071672 0.009558 0.007042
12 0.286141 0.071672 0.009558 0.007042
12 0.857826 0.070763 0.008363 0.005679
11 0.145311 0.065538 0.005675 0.008860
0 0.095430 0.860404 0.023596 0.023853
2 0.097670 0.253180 0.025090 0.020672
4 0.475508 0.074625 0.009558 0.017038
0 0.097073 0.407201 0.023297 0.023398
4 0.501045 0.317469 0.009857 0.014766
4 0.827061 0.071899 0.010155 0.013857
3 0.898297 0.165266 0.006870 0.016583
4 0.576912 0.317015 0.009857 0.014766
4 0.225508 0.074398 0.010155 0.016129
4 0.894415 0.641186 0.009259 0.015220
0 0.095729 0.634144 0.023596 0.024761
5 0.642622 0.406293 0.025388 0.023853
4 0.606631 0.074284 0.008961 0.016356
1 0.094833 0.820195 0.022401 0.039755
1 0.095131 0.777033 0.021804 0.040663
3 0.900239 0.073262 0.007168 0.017038
4 0.372611 0.318378 0.009857 0.016129
1 0.094833 0.591436 0.021804 0.040209
4 0.095729 0.312017 0.022401 0.033848
1 0.074821 0.122785 0.003883 0.008860
4 0.638441 0.366538 0.011051 0.016129
3 0.638740 0.317469 0.008065 0.019764
1 0.095430 0.548274 0.022401 0.040209
3 0.304211 0.761131 0.007467 0.020218
2 0.094833 0.208201 0.018817 0.018855
3 0.763889 0.848364 0.006870 0.016583
4 0.898596 0.404021 0.009259 0.017038
4 0.556601 0.854952 0.009259 0.014766
3 0.456093 0.762267 0.007766 0.021127
5 0.894564 0.760450 0.006571 0.010223
5 0.837067 0.884825 0.006272 0.009541
3 0.836320 0.751704 0.007168 0.016811
4 0.741935 0.073944 0.009558 0.016129
2 0.094833 0.722058 0.020609 0.019764
3 0.640532 0.889709 0.006272 0.016583
2 0.092145 0.946729 0.018817 0.019309
2 0.092145 0.906520 0.020609 0.019764
3 0.342145 0.888573 0.006870 0.016129
3 0.300926 0.904248 0.009259 0.016583
2 0.093937 0.449909 0.017025 0.018855
3 0.602300 0.907996 0.007467 0.020900
2 0.094833 0.677533 0.021804 0.019764
2 0.096027 0.490345 0.023596 0.018855
3 0.455346 0.905157 0.007467 0.016129
3 0.343638 0.770218 0.007467 0.015675
3 0.491487 0.887210 0.006870 0.020218
3 0.495072 0.771808 0.006870 0.017492
4 0.765980 0.638233 0.009259 0.017038
3 0.728047 0.848592 0.006870 0.016129
4 0.418608 0.854952 0.009259 0.016583
4 0.383662 0.640391 0.009259 0.014993
3 0.699970 0.763403 0.006870 0.019309
4 0.195490 0.781122 0.009857 0.016583
3 0.330197 0.638460 0.009857 0.022035
3 0.765681 0.908791 0.006870 0.020218
4 0.145311 0.163676 0.009857 0.016129
3 0.303913 0.946956 0.007467 0.019309
5 0.839456 0.635620 0.006870 0.014539
4 0.126941 0.311904 0.008961 0.013176
4 0.117682 0.304407 0.008363 0.013630
4 0.142772 0.492276 0.008961 0.015902
4 0.141876 0.948887 0.008961 0.014993
4 0.145908 0.405952 0.009259 0.015902
4 0.141278 0.450704 0.008363 0.015448
4 0.142324 0.586552 0.008662 0.015448
4 0.116338 0.580418 0.009259 0.014085
4 0.125747 0.725125 0.008961 0.015448
4 0.117085 0.717856 0.009558 0.016356
4 0.116786 0.809405 0.008363 0.014085
4 0.144863 0.354384 0.008961 0.015448
4 0.135603 0.345298 0.008363 0.013630
4 0.144863 0.209905 0.008363 0.015448
4 0.125149 0.911404 0.008363 0.013630
4 0.116487 0.901408 0.007766 0.013630
4 0.898148 0.124716 0.008363 0.014085
3 0.889486 0.123353 0.006571 0.018628
1 0.088710 0.163562 0.004779 0.021808
0 0.143070 0.815993 0.008363 0.012721
4 0.134707 0.806906 0.008363 0.013630
4 0.143369 0.772603 0.007766 0.012267
4 0.134259 0.763289 0.008662 0.014539
4 0.127240 0.357338 0.008363 0.016811
4 0.125149 0.776238 0.008363 0.013176
4 0.143070 0.632213 0.008961 0.014993
4 0.135305 0.623353 0.007766 0.013630
4 0.125448 0.636302 0.008363 0.013176
4 0.126643 0.545888 0.008961 0.015902
4 0.117384 0.537937 0.008363 0.015448
4 0.143369 0.253748 0.008363 0.014993
4 0.134857 0.246025 0.009259 0.015902
0 0.142174 0.677874 0.008363 0.012721
4 0.134110 0.669014 0.008961 0.013176
4 0.142174 0.857110 0.007766 0.014085
4 0.133811 0.849159 0.008961 0.012721
4 0.143668 0.542935 0.008363 0.013630
4 0.135305 0.535211 0.009558 0.014539
4 0.126045 0.681281 0.008363 0.015902
4 0.135603 0.302703 0.008363 0.016583
4 0.143967 0.308383 0.008363 0.016583
4 0.115591 0.485575 0.008363 0.016583
4 0.124253 0.494207 0.008363 0.016583
4 0.132915 0.484212 0.008363 0.016583
4 0.115890 0.942640 0.008363 0.016583
4 0.124552 0.949909 0.008363 0.016583
4 0.133214 0.940595 0.008363 0.016583
4 0.118877 0.399932 0.008363 0.016583
4 0.127539 0.407428 0.008363 0.016583
4 0.136201 0.398569 0.008363 0.016583
4 0.116786 0.443776 0.008363 0.016583
4 0.124851 0.450591 0.008363 0.016583
4 0.132915 0.443548 0.008363 0.016583
4 0.117981 0.060768 0.008363 0.016583
4 0.126941 0.068037 0.008363 0.016583
4 0.136201 0.059632 0.008363 0.016583
4 0.124253 0.587801 0.008363 0.016583
4 0.134110 0.579396 0.008363 0.016583
3 0.602748 0.856997 0.008363 0.016583
4 0.135603 0.715697 0.008363 0.016583
4 0.143369 0.720468 0.008363 0.016583
4 0.119176 0.202522 0.008363 0.016583
4 0.127539 0.211608 0.008363 0.016583
4 0.135902 0.201840 0.008363 0.016583
3 0.797491 0.859496 0.008363 0.016583
4 0.091697 0.072126 0.008363 0.016583
4 0.099164 0.068946 0.008363 0.016583
5 0.126344 0.163903 0.008363 0.016583
4 0.135305 0.155498 0.008363 0.016583
4 0.116487 0.852681 0.008363 0.016583
4 0.125149 0.858133 0.008363 0.016583
4 0.088710 0.359950 0.008363 0.016583
4 0.095281 0.355179 0.008363 0.016583
5 0.102151 0.346547 0.008363 0.016583
4 0.116189 0.248864 0.008363 0.016583
4 0.125448 0.256134 0.008363 0.016583
4 0.255376 0.637438 0.008363 0.016356
4 0.444444 0.551000 0.008363 0.016583
3 0.452509 0.551000 0.008363 0.016583
3 0.640980 0.775897 0.008363 0.016583
5 0.646655 0.776806 0.008363 0.016583
4 0.411888 0.639936 0.008363 0.015448
4 0.636499 0.637892 0.008363 0.016356
4 0.089904 0.115743 0.008363 0.016583
4 0.101254 0.110972 0.008363 0.016583