6 0.626043 0.942264 0.008939 0.018829
6 0.590584 0.942491 0.009535 0.018376
6 0.496722 0.942491 0.010131 0.017922
6 0.715435 0.941810 0.010131 0.018376
6 0.751490 0.940903 0.010727 0.017922
6 0.846544 0.940222 0.010131 0.017922
6 0.496126 0.900975 0.010131 0.017468
6 0.627831 0.901202 0.010131 0.018376
6 0.592074 0.900975 0.010131 0.018829
10 0.405840 0.894510 0.006555 0.003630
6 0.751788 0.900749 0.010131 0.018376
6 0.714839 0.900522 0.008939 0.018376
6 0.882598 0.898934 0.009535 0.018829
6 0.847139 0.898934 0.010131 0.017922
7 0.592968 0.861502 0.012515 0.012477
7 0.715733 0.861048 0.012515 0.012931
9 0.474076 0.865585 0.010727 0.022005
7 0.847735 0.857191 0.011919 0.007940
6 0.201728 0.862182 0.009535 0.018376
6 0.242849 0.861275 0.009535 0.016561
6 0.334625 0.860594 0.009535 0.018376
6 0.311979 0.860594 0.009535 0.017468
9 0.525626 0.860481 0.010131 0.037659
9 0.496722 0.863544 0.009535 0.026089
10 0.642133 0.846302 0.014303 0.002042
9 0.761025 0.856511 0.010131 0.027904
10 0.615614 0.831443 0.010131 0.004537
10 0.691001 0.819192 0.010131 0.003176
10 0.735399 0.814315 0.007151 0.002949
9 0.378427 0.818852 0.008343 0.026089
9 0.472288 0.818852 0.007747 0.026543
7 0.591776 0.814542 0.011919 0.012931
10 0.567342 0.810345 0.007151 0.002269
7 0.715435 0.814769 0.012515 0.013838
10 0.752682 0.810118 0.008343 0.003630
7 0.848033 0.813634 0.011919 0.013385
6 0.242551 0.815222 0.010727 0.018829
6 0.202026 0.814542 0.009535 0.017468
6 0.334923 0.814315 0.009535 0.018376
6 0.311383 0.814088 0.010131 0.017922
9 0.403754 0.821574 0.008939 0.017015
10 0.404648 0.803993 0.005959 0.003176
6 0.312277 0.775975 0.009535 0.017922
6 0.200834 0.775522 0.009535 0.018376
6 0.242849 0.775295 0.010131 0.017922
6 0.335221 0.774614 0.010131 0.017015
8 0.199046 0.718126 0.012515 0.007033
8 0.300656 0.718353 0.011919 0.007940
6 0.777116 0.717899 0.010131 0.017468
9 0.860548 0.712341 0.008939 0.018603
6 0.778010 0.669578 0.010131 0.017922
9 0.751490 0.663226 0.005959 0.023367
10 0.606675 0.648593 0.005959 0.002722
9 0.344756 0.620009 0.008939 0.034936
6 0.405542 0.620123 0.010131 0.017922
6 0.505662 0.619896 0.010131 0.017922
6 0.604291 0.619669 0.010727 0.017922
6 0.547974 0.619782 0.010131 0.018149
6 0.427592 0.619896 0.010131 0.018376
6 0.629619 0.619669 0.010131 0.018829
6 0.898689 0.618534 0.009535 0.018829
6 0.860846 0.618534 0.010131 0.017015
9 0.839839 0.619669 0.009237 0.035617
10 0.345799 0.610027 0.010429 0.004991
6 0.604589 0.577926 0.009535 0.017922
10 0.721395 0.571461 0.005959 0.004083
6 0.547378 0.577473 0.010727 0.017468
6 0.506853 0.577700 0.010727 0.017922
6 0.404946 0.577473 0.009535 0.017922
6 0.861144 0.576792 0.010131 0.017922
6 0.630513 0.577019 0.010131 0.017922
10 0.779499 0.569419 0.006555 0.002269
10 0.754470 0.569873 0.007747 0.003176
6 0.427890 0.576338 0.010131 0.017468
9 0.695769 0.573162 0.004768 0.021552
10 0.720799 0.567604 0.005959 0.002722
9 0.668057 0.576565 0.011323 0.038339
10 0.296633 0.537205 0.006853 0.004537
6 0.630215 0.536411 0.010131 0.017468
6 0.506108 0.535730 0.009237 0.017468
6 0.603844 0.535050 0.009237 0.017468
6 0.861144 0.535730 0.010131 0.020191
6 0.530244 0.535050 0.009833 0.017922
10 0.067640 0.529378 0.006555 0.005218
6 0.547080 0.534936 0.010131 0.018149
6 0.428188 0.534369 0.008939 0.017015
6 0.404499 0.534596 0.009833 0.017468
10 0.485101 0.485481 0.005959 0.003630
6 0.786055 0.479923 0.009535 0.017015
6 0.819428 0.479923 0.009535 0.017015
6 0.174613 0.479242 0.008343 0.018376
6 0.673421 0.479015 0.010727 0.017468
6 0.557509 0.478789 0.010131 0.017468
6 0.448153 0.478675 0.009535 0.018603
6 0.331049 0.477881 0.010131 0.017922
6 0.232718 0.478108 0.010131 0.018829
9 0.199046 0.427972 0.006555 0.029265
9 0.331794 0.393716 0.009833 0.027450
10 0.558403 0.387477 0.008343 0.004991
10 0.674017 0.386570 0.008343 0.004537
6 0.592521 0.389179 0.009237 0.017922
6 0.632002 0.389179 0.010131 0.017922
6 0.481377 0.389179 0.009237 0.017468
6 0.519964 0.388952 0.010131 0.017922
6 0.407777 0.388952 0.009237 0.018376
6 0.368594 0.388725 0.010131 0.017922
6 0.631704 0.346756 0.009535 0.017468
6 0.592372 0.345622 0.009535 0.017015
6 0.520262 0.345168 0.009535 0.017468
6 0.481228 0.345622 0.010131 0.018376
6 0.408224 0.345395 0.009535 0.018376
6 0.367700 0.344714 0.009535 0.017922
9 0.930572 0.310912 0.004768 0.032895
9 0.426698 0.289927 0.006555 0.034029
10 0.490465 0.261570 0.012515 0.003176
10 0.818534 0.260436 0.005959 0.003176
10 0.214541 0.257260 0.006555 0.003176
7 0.880662 0.249433 0.011621 0.013838
7 0.408820 0.249887 0.011919 0.017015
7 0.175954 0.250794 0.012217 0.019737
6 0.362783 0.247051 0.009833 0.017695
6 0.285757 0.246937 0.009535 0.017015
6 0.240763 0.245803 0.009535 0.017922
9 0.523242 0.247051 0.004768 0.025408
10 0.488081 0.221642 0.007151 0.003176
7 0.409416 0.207010 0.011919 0.013838
8 0.176698 0.207917 0.011323 0.017468
6 0.362634 0.204968 0.010131 0.017922
6 0.241061 0.204741 0.010131 0.017468
6 0.286055 0.204968 0.009535 0.018376
10 0.689809 0.172414 0.008343 0.002722
7 0.635578 0.156874 0.011919 0.011570
10 0.242849 0.151316 0.007151 0.002722
7 0.175507 0.153017 0.008343 0.007486
9 0.483015 0.159596 0.008343 0.032895
10 0.297676 0.143376 0.005959 0.002722
10 0.367998 0.134074 0.005959 0.002722
10 0.383194 0.120236 0.006555 0.003176
8 0.771156 0.123072 0.004172 0.017468
10 0.215435 0.108666 0.009535 0.002722
7 0.177890 0.113544 0.011919 0.016561
9 0.287545 0.067491 0.008939 0.025635
11 0.568683 0.952019 0.009833 0.006125
11 0.820918 0.950885 0.010131 0.005672
18 0.207241 0.949070 0.005066 0.003857
11 0.690703 0.943739 0.010131 0.006352
11 0.526967 0.942264 0.008641 0.006125
11 0.406883 0.937500 0.009237 0.006125
11 0.430870 0.935458 0.009535 0.005672
13 0.205453 0.933757 0.009237 0.005898
11 0.179529 0.933870 0.008641 0.006125
11 0.380662 0.932963 0.009237 0.005218
18 0.247169 0.933417 0.009237 0.006125
11 0.290673 0.933076 0.009237 0.005898
11 0.474821 0.932055 0.009237 0.005672
12 0.222735 0.931148 0.009237 0.006125
11 0.337455 0.930127 0.008641 0.006352
11 0.314809 0.927972 0.009833 0.007486
11 0.567491 0.910730 0.008641 0.006125
11 0.566895 0.900522 0.006257 0.004764
12 0.567044 0.887591 0.008939 0.006125
11 0.690554 0.910277 0.008045 0.005672
11 0.691150 0.897686 0.008045 0.005898
12 0.690405 0.885209 0.008939 0.007260
18 0.211561 0.908575 0.004768 0.003176
12 0.221692 0.889973 0.008939 0.006352
11 0.820322 0.909256 0.008343 0.005898
12 0.819875 0.886230 0.009833 0.005218
11 0.528456 0.901202 0.009237 0.005672
11 0.407330 0.896665 0.007747 0.006125
11 0.430572 0.894056 0.008939 0.006352
11 0.245977 0.892809 0.009833 0.005672
11 0.178933 0.892809 0.008641 0.005672
12 0.203963 0.892582 0.009237 0.006125
11 0.290971 0.892355 0.009237 0.006125
11 0.380364 0.891447 0.009237 0.005672
11 0.474821 0.891221 0.009833 0.005672
11 0.336263 0.889632 0.009237 0.006125
11 0.314809 0.887024 0.009237 0.007260
12 0.611293 0.866720 0.009833 0.006125
11 0.689660 0.866606 0.009237 0.006352
11 0.821216 0.865699 0.008939 0.004991
12 0.736144 0.866379 0.009237 0.006352
12 0.866806 0.865585 0.009535 0.005218
12 0.648391 0.863997 0.010131 0.005672
12 0.772050 0.863430 0.009535 0.005898
12 0.904499 0.862863 0.009833 0.006125
12 0.628874 0.861956 0.009237 0.005672
12 0.752980 0.861502 0.009535 0.005672
11 0.567342 0.861729 0.007747 0.006125
12 0.567491 0.849251 0.009237 0.005672
11 0.177145 0.861275 0.008045 0.006125
12 0.177145 0.849025 0.009237 0.006125
12 0.884833 0.860594 0.009833 0.005218
11 0.498063 0.860141 0.007449 0.005218
11 0.497765 0.854129 0.008045 0.004991
18 0.289631 0.860481 0.006555 0.005898
11 0.379023 0.860141 0.007747 0.005672
12 0.379172 0.847210 0.009237 0.006125
12 0.071812 0.859120 0.004768 0.003630
11 0.475119 0.859800 0.008045 0.005445
12 0.474523 0.846756 0.009237 0.006579
11 0.526967 0.859687 0.008045 0.006125
11 0.526371 0.851860 0.008641 0.005898
11 0.428486 0.857645 0.008343 0.006125
12 0.429529 0.844941 0.009833 0.007033
11 0.404648 0.854923 0.007747 0.006125
11 0.404350 0.841992 0.008939 0.005672
11 0.289482 0.848004 0.008641 0.006352
12 0.288588 0.824410 0.007449 0.005445
11 0.496275 0.822709 0.008045 0.005672
12 0.496126 0.810685 0.009535 0.006125
11 0.527861 0.820667 0.009237 0.006125
11 0.526520 0.810458 0.007747 0.005672
12 0.612038 0.817945 0.008939 0.005672
11 0.176251 0.817604 0.008045 0.004991
11 0.176251 0.822595 0.008045 0.004991
11 0.178039 0.811706 0.008641 0.004991
11 0.177443 0.804220 0.009237 0.005445
11 0.692044 0.817491 0.009833 0.005218
11 0.821067 0.816810 0.009237 0.005218
12 0.734952 0.817151 0.009237 0.005898
12 0.866061 0.816810 0.008641 0.005672
12 0.647944 0.814995 0.008641 0.005672
12 0.770411 0.814542 0.009833 0.006125
12 0.903308 0.813861 0.009237 0.006125
12 0.627980 0.812500 0.009237 0.005672
11 0.567640 0.812387 0.008939 0.005445
11 0.567640 0.817831 0.008939 0.005445
12 0.753129 0.811593 0.009237 0.004764
12 0.886770 0.811252 0.010131 0.005445
11 0.474225 0.810231 0.009237 0.005218
11 0.474225 0.815449 0.009237 0.005218
11 0.380215 0.810231 0.009535 0.005672
17 0.380215 0.815903 0.009535 0.005672
11 0.428933 0.808190 0.009237 0.005218
11 0.428933 0.813407 0.009237 0.005218
12 0.288886 0.806148 0.009237 0.005218
12 0.288886 0.811366 0.009237 0.005218
12 0.288886 0.816583 0.009237 0.005218
11 0.404350 0.805808 0.007747 0.004991
11 0.404350 0.810799 0.007747 0.004991
17 0.175954 0.778017 0.009833 0.006579
12 0.175358 0.759982 0.008641 0.006806
11 0.497169 0.766674 0.008641 0.006125
11 0.529350 0.764179 0.009833 0.005672
11 0.628725 0.761910 0.009535 0.006125
11 0.823153 0.760889 0.009237 0.005898
12 0.592968 0.760776 0.008939 0.005672
11 0.566299 0.761116 0.008641 0.006352
12 0.718266 0.760549 0.008641 0.005672
11 0.690107 0.760889 0.009535 0.006352
11 0.752980 0.760776 0.009535 0.006579
11 0.886174 0.760549 0.009535 0.006579
12 0.847437 0.760095 0.008343 0.005672
11 0.475268 0.759528 0.008939 0.006352
12 0.288588 0.759868 0.009833 0.007033
12 0.611740 0.759074 0.009535 0.006806
11 0.379768 0.759188 0.008641 0.007033
12 0.735846 0.758848 0.008045 0.007260
12 0.867253 0.758054 0.009833 0.007033
11 0.405840 0.754424 0.008343 0.006579
18 0.435787 0.732418 0.009237 0.005218
12 0.431317 0.704061 0.009833 0.007486
11 0.805125 0.715631 0.010131 0.006125
11 0.695322 0.710867 0.009833 0.006125
17 0.721246 0.708598 0.010429 0.005218
13 0.862187 0.707804 0.009833 0.005445
11 0.843266 0.707917 0.010131 0.005672
11 0.901371 0.707691 0.009535 0.006125
11 0.586114 0.706329 0.008343 0.005672
12 0.406585 0.706329 0.008045 0.005672
11 0.668504 0.705876 0.008641 0.006125
11 0.483760 0.705989 0.009833 0.006352
11 0.550507 0.705876 0.009833 0.006579
11 0.448897 0.705876 0.009237 0.006579
12 0.384386 0.705876 0.009535 0.006579
12 0.880513 0.705535 0.008939 0.006352
12 0.506555 0.705649 0.008939 0.006579
11 0.755810 0.705309 0.009237 0.006352
12 0.532330 0.704061 0.009237 0.007033
11 0.633194 0.703721 0.008343 0.006806
11 0.605632 0.700885 0.008045 0.005672
18 0.491955 0.682169 0.008343 0.005898
11 0.804678 0.666175 0.009833 0.006125
11 0.694130 0.661184 0.009237 0.006579
11 0.721841 0.659142 0.009833 0.005218
11 0.900626 0.658916 0.009833 0.005672
11 0.841478 0.658916 0.009535 0.005672
13 0.861293 0.658575 0.009237 0.005898
11 0.669398 0.657101 0.008641 0.005672
12 0.506853 0.656647 0.008939 0.005672
11 0.587455 0.656874 0.009237 0.006579
11 0.548719 0.656534 0.008045 0.005898
11 0.448302 0.656647 0.008641 0.006125
12 0.404946 0.656647 0.008939 0.006125
11 0.483313 0.656420 0.008939 0.006125
11 0.755513 0.656080 0.009237 0.005898
11 0.383641 0.656307 0.008045 0.006352
17 0.175507 0.656647 0.010131 0.007033
12 0.879768 0.655966 0.008641 0.006125
17 0.273093 0.656534 0.011025 0.007260
11 0.631853 0.654605 0.008641 0.006579
12 0.428337 0.653698 0.009237 0.006579
12 0.532628 0.653811 0.010429 0.007260
11 0.605930 0.650975 0.008045 0.005672
18 0.098480 0.625907 0.005066 0.004083
11 0.841180 0.618761 0.006555 0.005218
11 0.840882 0.606851 0.008939 0.005898
11 0.804380 0.616720 0.009237 0.006125
11 0.804529 0.608779 0.008939 0.005672
11 0.669696 0.616152 0.009237 0.005445
17 0.669696 0.621597 0.009237 0.005445
11 0.754768 0.616266 0.007747 0.006125
11 0.754023 0.604015 0.009237 0.007033
13 0.383194 0.615926 0.008343 0.005445
13 0.383194 0.621370 0.008343 0.005445
12 0.482867 0.615699 0.009833 0.005445
12 0.482867 0.621143 0.009833 0.005445
11 0.586263 0.615699 0.009237 0.005898
11 0.586263 0.621597 0.009237 0.005898
17 0.176251 0.616493 0.010429 0.007486
11 0.718117 0.614224 0.004768 0.005672
11 0.719607 0.602314 0.009535 0.005898
11 0.345501 0.613770 0.009237 0.005218
11 0.345501 0.618988 0.009237 0.005218
17 0.272944 0.613203 0.010727 0.005898
17 0.272944 0.619102 0.010727 0.005898
11 0.779052 0.611388 0.008641 0.005445
11 0.779052 0.616833 0.008641 0.005445
11 0.696514 0.611502 0.009237 0.006125
12 0.695322 0.599478 0.009833 0.006579
12 0.383343 0.589496 0.009237 0.005218
17 0.483164 0.589723 0.009833 0.006125
11 0.482867 0.571574 0.008045 0.005218
17 0.585965 0.589610 0.010429 0.006352
11 0.585965 0.572028 0.009237 0.006579
11 0.842372 0.587681 0.007747 0.005672
11 0.842223 0.568966 0.009237 0.005445
11 0.842223 0.574410 0.009237 0.005445
12 0.842223 0.579855 0.009237 0.005445
11 0.779350 0.584732 0.007449 0.005672
12 0.778754 0.571688 0.008045 0.005898
11 0.755513 0.584732 0.008641 0.005672
12 0.754619 0.571574 0.008641 0.005672
17 0.176103 0.585413 0.010727 0.007033
11 0.345799 0.584732 0.009237 0.006125
17 0.804678 0.582010 0.009237 0.005672
12 0.803784 0.571801 0.008641 0.005218
11 0.273689 0.581897 0.010429 0.006806
11 0.665375 0.576792 0.011919 0.005218
11 0.667908 0.589723 0.011025 0.006125
17 0.665375 0.571574 0.011919 0.005218
18 0.382896 0.571121 0.009535 0.005218
11 0.720054 0.569646 0.009237 0.004991
11 0.720054 0.574637 0.009237 0.004991
11 0.694726 0.566243 0.009833 0.005445
11 0.694726 0.571688 0.009833 0.005445
17 0.842670 0.538113 0.010131 0.005445
12 0.841478 0.520531 0.008939 0.006579
11 0.585667 0.534710 0.008045 0.005445
11 0.585518 0.517355 0.009535 0.007033
18 0.483015 0.534823 0.010727 0.006125
11 0.482122 0.516674 0.009535 0.006125
13 0.383194 0.534369 0.008343 0.005672
13 0.382449 0.516447 0.009237 0.006125
13 0.068236 0.528698 0.004768 0.004310
11 0.780989 0.525522 0.008939 0.005218
11 0.806615 0.521892 0.008939 0.006125
11 0.344011 0.520077 0.008641 0.007486
11 0.755364 0.518035 0.008939 0.005672
11 0.230483 0.517809 0.009237 0.006125
11 0.667461 0.517128 0.009535 0.006125
12 0.295292 0.517128 0.008939 0.006125
12 0.196216 0.516901 0.008641 0.006125
11 0.174762 0.517128 0.009833 0.006579
11 0.270411 0.516901 0.010429 0.006579
11 0.719160 0.515086 0.008045 0.006579
12 0.319875 0.514292 0.009237 0.007713
11 0.695769 0.512364 0.008939 0.005672
12 0.212753 0.511683 0.009535 0.006579
11 0.594011 0.493761 0.010429 0.006125
11 0.521454 0.493648 0.009535 0.006352
11 0.718415 0.491493 0.009535 0.005672
11 0.633194 0.491039 0.010131 0.006125
11 0.202622 0.490358 0.009535 0.006579
11 0.407926 0.488090 0.010131 0.005672
11 0.482420 0.488090 0.010131 0.006125
11 0.764154 0.483553 0.009833 0.005672
11 0.290971 0.482532 0.009833 0.005898
11 0.369636 0.482418 0.009833 0.006125
11 0.717968 0.429446 0.008641 0.005898
11 0.483164 0.427064 0.008641 0.005672
11 0.631108 0.426724 0.008939 0.005445
12 0.558999 0.426611 0.007747 0.005218
12 0.449791 0.426838 0.008641 0.005672
12 0.673868 0.426838 0.009237 0.006125
11 0.594160 0.426611 0.009535 0.006125
17 0.855930 0.426838 0.010429 0.007033
11 0.521603 0.426270 0.009237 0.005898
17 0.764452 0.426611 0.011025 0.007033
11 0.407330 0.425930 0.008939 0.005672
11 0.370828 0.426157 0.008045 0.006125
12 0.333880 0.425930 0.008045 0.006125
11 0.290673 0.425703 0.008641 0.005672
18 0.696812 0.424796 0.009237 0.006579
12 0.253725 0.424569 0.011025 0.007486
12 0.576430 0.421393 0.009237 0.005672
12 0.466329 0.420939 0.009535 0.006125
12 0.349672 0.420259 0.008641 0.005672
11 0.202175 0.418103 0.008045 0.006352
11 0.175805 0.415041 0.008939 0.005672
11 0.291269 0.402790 0.009833 0.006125
12 0.176103 0.400522 0.010727 0.006579
12 0.220799 0.397799 0.010727 0.006579
18 0.098927 0.394510 0.004172 0.004083
11 0.716925 0.387931 0.009535 0.005445
11 0.716925 0.393376 0.009535 0.005445
18 0.665822 0.390653 0.008641 0.005898
11 0.673570 0.388158 0.008641 0.005898
11 0.558850 0.385436 0.008045 0.005445
11 0.558850 0.390880 0.008045 0.005445
11 0.451281 0.384868 0.009833 0.005672
11 0.451281 0.390540 0.009833 0.005672
11 0.332837 0.384755 0.008343 0.005445
11 0.332837 0.390200 0.008343 0.005445
18 0.763856 0.385662 0.010429 0.007713
17 0.856228 0.383054 0.010429 0.006579
11 0.717074 0.361502 0.009833 0.006125
11 0.716478 0.348571 0.009833 0.005672
11 0.675656 0.361275 0.010429 0.005672
11 0.674464 0.345848 0.009237 0.005672
12 0.176698 0.360594 0.010131 0.006579
11 0.559595 0.358099 0.009535 0.006125
11 0.558701 0.345395 0.007747 0.005218
11 0.452175 0.357305 0.008641 0.004991
11 0.450983 0.345281 0.010429 0.006352
11 0.333880 0.357418 0.009833 0.006125
11 0.333284 0.344941 0.009833 0.005672
11 0.291567 0.357532 0.009833 0.006352
12 0.220650 0.354469 0.009833 0.007033
17 0.788290 0.354015 0.010429 0.007033
17 0.855334 0.351066 0.010429 0.006125
11 0.764452 0.346302 0.009237 0.006125
18 0.775626 0.319646 0.004172 0.004083
18 0.289184 0.316583 0.009237 0.007033
12 0.290673 0.285277 0.008641 0.006125
12 0.412992 0.305127 0.004172 0.003630
11 0.236591 0.287772 0.007747 0.006125
11 0.910757 0.287092 0.009237 0.006125
12 0.875000 0.287092 0.010429 0.006125
11 0.823451 0.286865 0.009833 0.006125
11 0.763558 0.286638 0.009237 0.005672
12 0.786800 0.285730 0.008045 0.005672
12 0.630959 0.285957 0.008641 0.006125
11 0.855036 0.285730 0.008641 0.006125
11 0.675060 0.285277 0.008641 0.006125
17 0.561085 0.285277 0.010727 0.006579
11 0.407181 0.285050 0.008045 0.006125
12 0.520113 0.284823 0.008641 0.006125
17 0.451281 0.285050 0.010429 0.007486
17 0.335667 0.284596 0.010429 0.007486
12 0.717670 0.283235 0.009237 0.006579
12 0.544100 0.283348 0.010131 0.007260
11 0.203814 0.282781 0.009535 0.007033
12 0.656287 0.282554 0.009237 0.007033
12 0.433254 0.282668 0.009535 0.007713
12 0.317491 0.282328 0.009833 0.007486
11 0.804827 0.281193 0.009535 0.005672
12 0.891091 0.280966 0.009237 0.005672
12 0.734803 0.280853 0.008939 0.005898
11 0.176251 0.279605 0.009833 0.006125
11 0.818981 0.262591 0.009237 0.005672
11 0.915673 0.260322 0.009535 0.006125
11 0.898242 0.260209 0.009237 0.005898
11 0.865167 0.260095 0.009833 0.005672
11 0.198302 0.255672 0.008641 0.005445
11 0.212306 0.255558 0.010429 0.006125
12 0.431764 0.253743 0.008343 0.006125
11 0.318385 0.253289 0.009237 0.006579
12 0.636323 0.249206 0.010429 0.007033
13 0.501490 0.248752 0.009535 0.006579
12 0.453069 0.248866 0.009833 0.006806
11 0.703069 0.246937 0.009237 0.005672
13 0.486889 0.246257 0.010131 0.006125
17 0.752533 0.244328 0.010429 0.006352
12 0.605632 0.244215 0.009833 0.006125
12 0.559148 0.243988 0.008641 0.005672
12 0.470054 0.243875 0.010429 0.005898
12 0.545441 0.241606 0.008641 0.005445
12 0.589690 0.239111 0.008939 0.005898
12 0.526520 0.239111 0.007151 0.005898
12 0.574642 0.232191 0.009237 0.006579
11 0.818683 0.221756 0.009237 0.006579
12 0.198897 0.213816 0.009237 0.005218
11 0.214839 0.213589 0.008343 0.005672
11 0.317491 0.211547 0.009237 0.005672
12 0.432658 0.211774 0.009535 0.006579
12 0.501341 0.207123 0.008641 0.005898
13 0.636472 0.207464 0.010727 0.007033
12 0.453963 0.206783 0.009237 0.006125
11 0.702175 0.205195 0.008641 0.005672
12 0.487038 0.204628 0.009833 0.005445
12 0.606526 0.202359 0.009237 0.005898
17 0.752831 0.202586 0.011025 0.007260
12 0.560042 0.202132 0.009237 0.006352
12 0.470650 0.201792 0.009237 0.006125
12 0.547080 0.199637 0.008939 0.005898
12 0.589243 0.197255 0.008045 0.005672
12 0.525775 0.197255 0.008641 0.006125
12 0.070769 0.193285 0.004470 0.004991
12 0.574046 0.190449 0.008641 0.007486
17 0.862783 0.184664 0.008045 0.006352
12 0.865167 0.171960 0.009833 0.006352
12 0.833433 0.168897 0.009535 0.005672
13 0.381853 0.167309 0.009833 0.006579
12 0.804380 0.166402 0.008641 0.005672
13 0.898838 0.165948 0.009237 0.006125
13 0.364869 0.164701 0.009237 0.005898
12 0.820322 0.163680 0.009535 0.006579
13 0.767431 0.163680 0.009833 0.006579
17 0.529648 0.162772 0.009833 0.006125
12 0.528754 0.150181 0.009237 0.005445
17 0.485995 0.162545 0.009535 0.006579
12 0.484654 0.149841 0.008045 0.004764
13 0.341031 0.161865 0.009237 0.006125
13 0.782032 0.161184 0.008045 0.005218
17 0.560638 0.162432 0.009833 0.007713
17 0.560191 0.149728 0.010131 0.006806
17 0.411651 0.162319 0.009833 0.007486
17 0.411949 0.148934 0.010429 0.007033
12 0.198302 0.161184 0.008641 0.006125
12 0.316895 0.158916 0.009833 0.005672
13 0.750149 0.158462 0.009833 0.006125
12 0.652265 0.157781 0.010131 0.006125
13 0.718266 0.155966 0.009237 0.005218
13 0.303784 0.156534 0.009833 0.006352
12 0.213945 0.156193 0.010131 0.006125
12 0.258790 0.156080 0.009237 0.006352
12 0.243296 0.153698 0.008045 0.005672
13 0.287694 0.153471 0.008641 0.005672
12 0.667014 0.150749 0.009237 0.005672
13 0.231079 0.150862 0.009833 0.006352
13 0.704261 0.148253 0.009833 0.006125
13 0.682509 0.145871 0.009237 0.005898
12 0.249255 0.126361 0.009833 0.004537
11 0.258343 0.111502 0.008343 0.005672
12 0.866955 0.126588 0.009833 0.007260
18 0.769219 0.123412 0.005066 0.004083
12 0.769070 0.117854 0.004172 0.003857
11 0.833433 0.123979 0.009535 0.005672
12 0.381853 0.122505 0.008641 0.005898
11 0.782479 0.121484 0.010131 0.006579
12 0.899732 0.121143 0.009833 0.007260
11 0.752831 0.118988 0.009237 0.005218
12 0.365912 0.119442 0.009535 0.006125
11 0.529797 0.118081 0.008939 0.005672
11 0.486740 0.118081 0.009833 0.005672
17 0.560042 0.118194 0.009833 0.006352
12 0.343117 0.117173 0.008641 0.005672
17 0.411949 0.117627 0.010429 0.007033
11 0.704559 0.116606 0.009237 0.005445
17 0.667014 0.116266 0.009237 0.005672
12 0.198897 0.116039 0.008641 0.005672
11 0.636621 0.113997 0.009237 0.005672
13 0.318683 0.114338 0.009833 0.006352
13 0.304678 0.111729 0.009237 0.005672
13 0.215584 0.111048 0.008641 0.005672
12 0.291567 0.108893 0.009237 0.006352
12 0.243892 0.108779 0.009237 0.006579
12 0.230930 0.106284 0.009535 0.006125
12 0.382449 0.072028 0.006853 0.005672
11 0.318683 0.066130 0.009237 0.006125
12 0.605632 0.063294 0.008641 0.006352
11 0.561681 0.061366 0.008343 0.006125
11 0.289333 0.061139 0.007151 0.006125
17 0.180721 0.060458 0.009833 0.007033
11 0.531138 0.058530 0.009833 0.006352
17 0.413886 0.056828 0.011323 0.007033
17 0.638111 0.053539 0.010429 0.007260
17 0.751788 0.053199 0.008343 0.007033
17 0.864869 0.047981 0.011025 0.007033
1 0.092819 0.112863 0.021752 0.040608
0 0.090584 0.620803 0.023242 0.023820
0 0.085369 0.304787 0.031883 0.039701
0 0.091776 0.389179 0.023242 0.023367
0 0.093713 0.154832 0.022348 0.023820
0 0.093117 0.065903 0.021752 0.032895
3 0.693534 0.146892 0.007449 0.015200
5 0.332092 0.112636 0.008045 0.013838
3 0.853844 0.183417 0.006853 0.012931
4 0.889303 0.121937 0.006853 0.011570
5 0.355036 0.116833 0.008641 0.015426
5 0.118296 0.109233 0.008939 0.013385
3 0.130364 0.062500 0.010429 0.020644
3 0.656585 0.116039 0.007449 0.020644
3 0.704559 0.347890 0.007449 0.020644
3 0.187574 0.162545 0.007449 0.016107
3 0.690852 0.244442 0.007449 0.015200
3 0.305274 0.281420 0.008045 0.019283
3 0.705304 0.391447 0.007747 0.019737
1 0.088498 0.537545 0.022050 0.039701
3 0.225715 0.287092 0.006257 0.019283
5 0.690554 0.199750 0.006853 0.009301
3 0.644368 0.281420 0.006853 0.020191
3 0.240614 0.423662 0.007449 0.017468
3 0.535906 0.197028 0.007449 0.016561
3 0.794249 0.581103 0.007449 0.020191
3 0.332986 0.583144 0.007449 0.017468
3 0.708135 0.515767 0.006257 0.017015
3 0.794696 0.606057 0.007151 0.017468
3 0.620530 0.491720 0.007449 0.016561
3 0.417014 0.653925 0.006853 0.019737
5 0.150924 0.160277 0.008045 0.014746
5 0.328516 0.158462 0.008045 0.014746
3 0.188468 0.491039 0.007449 0.018829
3 0.707837 0.427745 0.006257 0.012477
5 0.830602 0.572028 0.008641 0.014746
3 0.188170 0.211547 0.006853 0.019737
1 0.090435 0.778244 0.022348 0.039247
2 0.093415 0.202926 0.011621 0.015653
3 0.521007 0.701792 0.006853 0.017922
3 0.189362 0.116266 0.007449 0.019737
3 0.621424 0.702473 0.007449 0.018829
3 0.419100 0.700658 0.006853 0.017015
3 0.619338 0.653244 0.007449 0.020191
2 0.090435 0.719487 0.013409 0.017015
3 0.744190 0.584279 0.007449 0.020191
3 0.165226 0.415721 0.008045 0.020191
3 0.683403 0.565676 0.007449 0.020644
5 0.681615 0.894623 0.009237 0.014292
2 0.094011 0.945894 0.018772 0.018829
3 0.420292 0.932963 0.007449 0.016107
1 0.091776 0.817264 0.022646 0.039247
3 0.165524 0.359914 0.006853 0.015653
3 0.422378 0.282101 0.006257 0.019283
2 0.091031 0.670485 0.023540 0.018829
3 0.685489 0.424569 0.006853 0.013385
3 0.520113 0.651883 0.006853 0.018829
3 0.164928 0.583371 0.007449 0.017922
3 0.533522 0.282781 0.006853 0.018376
3 0.516836 0.851520 0.006853 0.021552
3 0.515793 0.762818 0.007151 0.019283
3 0.655691 0.387591 0.007449 0.019283
3 0.625149 0.248072 0.007151 0.018376
3 0.442789 0.248979 0.007151 0.015653
3 0.190554 0.280286 0.007449 0.021098
3 0.187574 0.255104 0.007449 0.019737
3 0.443832 0.205649 0.006853 0.016107
3 0.684893 0.611502 0.007449 0.020644
3 0.258045 0.618308 0.007747 0.020191
3 0.709327 0.706556 0.006853 0.019283
3 0.709327 0.658462 0.007449 0.020191
5 0.117253 0.621257 0.008045 0.014746
3 0.549017 0.059778 0.006257 0.019283
3 0.710221 0.598798 0.007449 0.016107
3 0.709029 0.574297 0.007449 0.020644
3 0.308552 0.513498 0.006853 0.012477
5 0.119636 0.863090 0.007449 0.012931
1 0.090137 0.346983 0.021752 0.039701
3 0.769070 0.611275 0.008343 0.020644
3 0.683105 0.661411 0.007449 0.020644
3 0.419398 0.891447 0.007449 0.015653
3 0.333582 0.519397 0.006853 0.018829
3 0.683999 0.710640 0.007449 0.021098
3 0.768325 0.525295 0.007449 0.020191
5 0.165226 0.801384 0.008641 0.014746
3 0.395262 0.935458 0.007449 0.016561
3 0.394964 0.895531 0.007449 0.019283
3 0.888409 0.165268 0.007449 0.018376
5 0.352950 0.161411 0.008045 0.014292
3 0.208135 0.397346 0.008045 0.019283
3 0.420143 0.253063 0.007151 0.019283
3 0.663141 0.359914 0.006853 0.017468
3 0.421782 0.211093 0.006853 0.019737
3 0.793355 0.521665 0.007449 0.019283
3 0.515197 0.821574 0.006555 0.016107
5 0.150626 0.626248 0.008045 0.014746
5 0.149583 0.487296 0.007747 0.014065
5 0.132300 0.483893 0.007747 0.013612
5 0.149285 0.349138 0.007151 0.014519
5 0.134088 0.345508 0.007747 0.012704
5 0.141240 0.338475 0.007747 0.014065
5 0.148987 0.447595 0.007151 0.013612
5 0.131704 0.444646 0.008343 0.014065
5 0.140346 0.437613 0.007747 0.013612
5 0.143623 0.857078 0.007151 0.013158
0 0.131704 0.859120 0.015495 0.019964
5 0.133790 0.303539 0.007747 0.014065
5 0.116508 0.301270 0.007747 0.013158
5 0.126043 0.293330 0.007747 0.011797
5 0.150179 0.728902 0.007151 0.013612
5 0.134386 0.727087 0.007747 0.013612
5 0.141538 0.718693 0.007747 0.013158
5 0.126341 0.242740 0.006555 0.013158
5 0.151073 0.779492 0.007151 0.013158
5 0.134684 0.776543 0.007747 0.013612
5 0.142431 0.769737 0.007747 0.013612
5 0.149583 0.581443 0.007151 0.014519
5 0.132598 0.580082 0.007747 0.013612
5 0.141538 0.571007 0.007747 0.013612
5 0.143623 0.148820 0.007151 0.013158
5 0.126639 0.148140 0.007747 0.011797
5 0.151073 0.212568 0.007151 0.014519
5 0.135280 0.210073 0.007747 0.014065
5 0.143027 0.202132 0.007747 0.012704
5 0.135876 0.909256 0.006555 0.012250
5 0.121573 0.907895 0.007747 0.014065
5 0.149434 0.394056 0.007449 0.013612
5 0.141538 0.383621 0.008343 0.013612
5 0.124255 0.436025 0.006555 0.013158
5 0.132598 0.536525 0.007747 0.013612
5 0.126341 0.336661 0.007747 0.013158
5 0.133939 0.252042 0.007449 0.013612
5 0.120083 0.814201 0.007151 0.013612
5 0.127235 0.806488 0.008343 0.013612
5 0.135280 0.817151 0.007747 0.014065
5 0.121871 0.948730 0.007151 0.014065
5 0.129619 0.941243 0.007151 0.013612
5 0.128278 0.102768 0.008045 0.013612
5 0.118594 0.207350 0.007747 0.014065
5 0.126043 0.199864 0.007151 0.013612
5 0.118594 0.723911 0.007151 0.014519
5 0.123957 0.526996 0.007747 0.013612
5 0.151073 0.306261 0.007747 0.014065
5 0.142729 0.296279 0.007747 0.014065
5 0.129917 0.621824 0.016091 0.017241
5 0.141836 0.615699 0.007747 0.014065
5 0.132002 0.676270 0.007151 0.013612
5 0.117104 0.674229 0.007151 0.014973
1 0.121871 0.665381 0.002384 0.010889
3 0.853397 0.257033 0.005959 0.014519
1 0.848033 0.254083 0.002384 0.010436
5 0.117402 0.481624 0.007747 0.013612
5 0.124851 0.474592 0.007151 0.013158
5 0.137664 0.951225 0.007747 0.013612
5 0.117402 0.576225 0.007151 0.013158
5 0.125447 0.569192 0.007747 0.013612
5 0.132896 0.391334 0.008343 0.013612
5 0.117104 0.389065 0.007151 0.013612
5 0.125149 0.382033 0.007747 0.014065
3 0.086561 0.477881 0.007449 0.018376
3 0.094458 0.477881 0.007151 0.018376
3 0.071067 0.246030 0.007449 0.018376
3 0.087157 0.246030 0.007449 0.018376
3 0.095352 0.246030 0.007151 0.018376
4 0.090435 0.904378 0.007449 0.018376
3 0.098033 0.904378 0.007151 0.018376
3 0.141687 0.531193 0.007449 0.018376
5 0.149583 0.536865 0.007151 0.018376
3 0.142282 0.246711 0.007449 0.018376
5 0.150775 0.251928 0.007151 0.018376
5 0.164631 0.818172 0.007449 0.013385
3 0.143474 0.810231 0.007449 0.018376
3 0.150477 0.815903 0.007151 0.018376
5 0.135131 0.113884 0.007449 0.017241
5 0.152563 0.113884 0.007151 0.017241
3 0.088647 0.439769 0.007449 0.018376
3 0.095948 0.439769 0.007151 0.018376
4 0.080900 0.580422 0.007449 0.018376
4 0.088349 0.575885 0.007449 0.018376
5 0.095948 0.576565 0.007151 0.018376
3 0.154052 0.951338 0.007151 0.015653
4 0.118147 0.772346 0.007449 0.018376
3 0.126043 0.770077 0.007151 0.018376
5 0.144964 0.904378 0.007449 0.018376
5 0.154052 0.910277 0.007151 0.018376
3 0.140793 0.670712 0.007449 0.018376