10 0.568223 0.952933 0.005984 0.003638
10 0.306104 0.947249 0.015560 0.002274
9 0.456314 0.942929 0.008378 0.021373
9 0.245661 0.937131 0.009575 0.027058
6 0.669360 0.939632 0.008378 0.017508
8 0.470078 0.939404 0.013166 0.017053
8 0.423399 0.943270 0.011969 0.024784
9 0.405446 0.941223 0.008378 0.021601
10 0.374925 0.932469 0.007181 0.002729
8 0.358767 0.942815 0.013166 0.024784
6 0.778576 0.938722 0.008977 0.017508
8 0.583483 0.938495 0.012567 0.017053
8 0.536505 0.941564 0.013166 0.023192
8 0.303112 0.934857 0.011969 0.017053
8 0.181927 0.935766 0.012567 0.018872
10 0.526032 0.909618 0.006583 0.001592
9 0.545781 0.902115 0.005386 0.023420
9 0.434470 0.902115 0.006583 0.025239
9 0.320467 0.894725 0.007181 0.028195
6 0.780371 0.897567 0.008977 0.017053
6 0.880311 0.897567 0.008977 0.017963
6 0.669659 0.897794 0.008977 0.017508
8 0.424297 0.899500 0.013764 0.020919
8 0.358169 0.900978 0.013166 0.014779
8 0.583483 0.897794 0.011370 0.010232
9 0.373728 0.899500 0.009575 0.021828
8 0.303112 0.898477 0.013166 0.019782
8 0.183722 0.893929 0.012567 0.018872
8 0.231897 0.892792 0.013166 0.019327
10 0.242370 0.860164 0.006583 0.003638
9 0.628366 0.868236 0.008977 0.013870
6 0.669659 0.857094 0.008977 0.017963
6 0.779174 0.855730 0.008977 0.017963
6 0.880311 0.854820 0.008977 0.018872
8 0.422202 0.853229 0.011969 0.015689
8 0.534411 0.851182 0.012567 0.017963
8 0.470975 0.850955 0.013764 0.019327
8 0.359964 0.849363 0.013166 0.032515
8 0.232795 0.853229 0.013764 0.022965
8 0.306403 0.850955 0.013764 0.018417
8 0.583483 0.853001 0.011370 0.014325
9 0.432376 0.847999 0.009575 0.034334
9 0.485637 0.847317 0.009575 0.032970
9 0.404847 0.846294 0.010772 0.031833
9 0.285159 0.846749 0.010772 0.031833
8 0.567923 0.840950 0.005386 0.021146
9 0.550569 0.846294 0.010174 0.031833
9 0.597846 0.846294 0.010174 0.031833
9 0.516756 0.846294 0.009575 0.032742
9 0.454518 0.843679 0.009575 0.037972
9 0.325853 0.845271 0.011969 0.029786
7 0.629264 0.808436 0.011969 0.013415
10 0.672950 0.803774 0.007181 0.002729
10 0.654399 0.803774 0.005984 0.002729
7 0.836924 0.807981 0.011969 0.013415
8 0.233692 0.804570 0.013166 0.012960
8 0.181927 0.809004 0.013764 0.021828
8 0.301616 0.805252 0.013764 0.021601
8 0.473070 0.802410 0.013166 0.021373
8 0.422801 0.799341 0.013166 0.012506
10 0.347397 0.771260 0.005984 0.002274
10 0.170257 0.770578 0.008378 0.004548
10 0.238480 0.769895 0.014363 0.004093
10 0.346499 0.768531 0.010174 0.002274
8 0.644524 0.767508 0.011370 0.007958
6 0.670257 0.768872 0.008977 0.017053
6 0.779773 0.769100 0.008977 0.017508
6 0.880012 0.768645 0.009575 0.018417
9 0.928785 0.774329 0.004189 0.033424
8 0.531718 0.752274 0.010772 0.012960
8 0.182226 0.760232 0.013166 0.024329
8 0.233992 0.758186 0.013764 0.021146
8 0.356972 0.757503 0.013166 0.020691
8 0.303112 0.756821 0.013166 0.019327
8 0.584081 0.753411 0.012567 0.015234
10 0.532914 0.748977 0.008378 0.005002
9 0.191801 0.755684 0.008378 0.037062
9 0.214542 0.755684 0.010772 0.037062
9 0.478755 0.751705 0.007780 0.038199
9 0.516457 0.751251 0.008977 0.039109
10 0.451526 0.721010 0.005984 0.002729
10 0.654399 0.715553 0.023938 0.003638
9 0.137642 0.710323 0.005386 0.016826
8 0.243866 0.703843 0.013166 0.019782
8 0.856373 0.701910 0.013764 0.017735
8 0.185518 0.703161 0.012567 0.019327
10 0.413525 0.669623 0.007780 0.002729
10 0.225314 0.668258 0.005984 0.001819
10 0.426990 0.669395 0.009575 0.005002
10 0.187313 0.667121 0.007780 0.004093
10 0.231299 0.665530 0.005984 0.001819
10 0.467684 0.653706 0.007181 0.002729
9 0.636146 0.652910 0.008977 0.027967
8 0.856673 0.654502 0.013166 0.013870
9 0.252244 0.656321 0.009575 0.026603
8 0.242669 0.655639 0.013166 0.018872
8 0.187911 0.655184 0.012567 0.018872
10 0.730401 0.612551 0.007181 0.005002
6 0.853680 0.607208 0.010772 0.007503
10 0.520946 0.578445 0.020347 0.002274
9 0.360263 0.567303 0.005386 0.023192
7 0.292639 0.564916 0.012567 0.013870
8 0.350090 0.563552 0.012567 0.016598
8 0.692400 0.564461 0.012567 0.020236
8 0.909635 0.564688 0.012567 0.026148
8 0.860263 0.564006 0.013166 0.019327
8 0.751346 0.565257 0.013166 0.022738
8 0.577499 0.564006 0.012567 0.021146
10 0.544883 0.556162 0.007181 0.003183
8 0.465889 0.563097 0.011969 0.018417
10 0.629264 0.527058 0.009575 0.004093
10 0.165470 0.526830 0.005984 0.004548
7 0.295631 0.523306 0.011370 0.007958
7 0.466188 0.517849 0.011370 0.014325
10 0.904548 0.512051 0.005984 0.004093
8 0.797726 0.513984 0.011370 0.009322
10 0.747457 0.512278 0.010174 0.004548
8 0.639138 0.513984 0.011370 0.010232
7 0.526631 0.517167 0.011370 0.015689
7 0.574207 0.515121 0.011969 0.013415
8 0.857271 0.512392 0.011969 0.007958
8 0.410832 0.515348 0.013166 0.019327
8 0.693896 0.513984 0.013166 0.021146
10 0.566727 0.471578 0.024536 0.004093
10 0.511370 0.471351 0.015560 0.004548
7 0.845003 0.466689 0.011370 0.012960
7 0.396469 0.467599 0.011969 0.013870
10 0.273489 0.457481 0.006583 0.002274
8 0.459605 0.462142 0.008977 0.024784
9 0.573908 0.462597 0.012567 0.023874
9 0.523938 0.456230 0.013166 0.012051
10 0.347696 0.430878 0.006583 0.002729
10 0.523938 0.429968 0.011969 0.001819
10 0.745961 0.430878 0.005984 0.004548
10 0.328845 0.425421 0.007181 0.002729
7 0.843507 0.424852 0.010772 0.013870
7 0.395871 0.424852 0.011969 0.013870
8 0.574207 0.420305 0.010772 0.013870
9 0.584979 0.418372 0.004788 0.020919
9 0.534111 0.419168 0.004788 0.022510
8 0.524536 0.419168 0.013166 0.022510
8 0.458707 0.419395 0.013166 0.022055
9 0.439856 0.383697 0.010174 0.026148
10 0.730999 0.374943 0.007181 0.003638
6 0.167564 0.380969 0.008977 0.017963
6 0.622382 0.380741 0.008977 0.018417
6 0.396469 0.380741 0.009575 0.018417
10 0.441352 0.372669 0.005984 0.002729
9 0.778576 0.377217 0.007780 0.034561
10 0.682825 0.341064 0.007780 0.005002
7 0.621783 0.337312 0.011370 0.009777
10 0.685817 0.335607 0.010174 0.005002
8 0.346499 0.341633 0.012567 0.018417
8 0.224716 0.340268 0.010772 0.006594
7 0.166966 0.338449 0.012567 0.012960
7 0.514363 0.325716 0.013166 0.007503
8 0.361759 0.333220 0.010772 0.024329
10 0.564632 0.314006 0.009575 0.002729
7 0.166367 0.301160 0.011370 0.012960
8 0.683423 0.297294 0.011370 0.014325
9 0.234291 0.294566 0.009575 0.027058
8 0.344704 0.296385 0.011370 0.014325
8 0.295332 0.295703 0.013166 0.022055
8 0.225015 0.294111 0.012567 0.018872
9 0.757929 0.292178 0.008378 0.028649
10 0.905446 0.241928 0.010174 0.005002
7 0.437762 0.243861 0.011969 0.012960
7 0.204967 0.240678 0.007181 0.007503
6 0.313585 0.241814 0.008977 0.016144
6 0.561041 0.241814 0.009575 0.017963
9 0.860563 0.199068 0.012567 0.019782
8 0.803112 0.199864 0.012567 0.021373
10 0.816876 0.190769 0.006583 0.002729
10 0.641831 0.169623 0.005984 0.003183
10 0.519150 0.168940 0.011969 0.001819
10 0.385697 0.169168 0.020347 0.002274
10 0.635847 0.167121 0.008378 0.001819
10 0.297427 0.165302 0.010174 0.002729
9 0.375224 0.155866 0.007780 0.023874
10 0.879414 0.156435 0.011969 0.005002
7 0.757032 0.159959 0.011370 0.013415
8 0.677139 0.154957 0.010772 0.027513
10 0.285159 0.153251 0.007181 0.004093
10 0.438360 0.150978 0.005984 0.003183
10 0.676840 0.149841 0.006583 0.002729
6 0.788151 0.155184 0.007780 0.017508
9 0.406643 0.151091 0.010772 0.033424
10 0.662777 0.135289 0.007181 0.004548
10 0.579892 0.133925 0.008977 0.004548
10 0.425793 0.133697 0.009575 0.005002
10 0.400060 0.110505 0.020347 0.005002
7 0.757929 0.108117 0.011969 0.013415
8 0.880311 0.104252 0.012567 0.006594
6 0.788749 0.106071 0.008977 0.018417
9 0.317175 0.100159 0.011370 0.023874
9 0.413824 0.100614 0.007181 0.022965
9 0.292938 0.100387 0.008378 0.024329
8 0.402154 0.095612 0.012567 0.012960
8 0.333034 0.101069 0.013166 0.023874
8 0.285159 0.099932 0.011969 0.022510
10 0.584979 0.073670 0.009575 0.002274
10 0.680431 0.072988 0.007780 0.004548
10 0.638540 0.072988 0.014961 0.004548
10 0.575703 0.070828 0.012567 0.002046
10 0.210353 0.068668 0.007181 0.002274
10 0.879713 0.058663 0.011370 0.005002
7 0.757630 0.061733 0.011370 0.013415
7 0.509575 0.060596 0.011969 0.012960
7 0.166667 0.058322 0.011969 0.013870
6 0.786954 0.059231 0.008977 0.017508
8 0.580491 0.058549 0.011370 0.017053
13 0.439258 0.937017 0.008977 0.006367
12 0.199132 0.930537 0.009874 0.006139
11 0.838121 0.938495 0.008378 0.005684
13 0.599192 0.937017 0.009276 0.006367
13 0.486535 0.937017 0.008378 0.006367
12 0.456912 0.937017 0.007181 0.006367
11 0.735039 0.936448 0.009276 0.006139
11 0.629414 0.936562 0.008677 0.006367
12 0.567774 0.936676 0.009874 0.006594
13 0.550419 0.936676 0.009874 0.006594
12 0.518103 0.936789 0.008677 0.006821
12 0.407241 0.935084 0.007181 0.004775
18 0.230551 0.935539 0.009276 0.005684
13 0.375075 0.934857 0.007481 0.005684
11 0.272442 0.935198 0.005685 0.006821
12 0.343656 0.932356 0.009276 0.006139
12 0.327199 0.932469 0.009874 0.006367
12 0.286505 0.932583 0.009874 0.006594
12 0.253441 0.932583 0.010174 0.006594
12 0.216188 0.930082 0.009276 0.006139
12 0.164722 0.927353 0.009276 0.006139
12 0.598893 0.895180 0.009874 0.006367
11 0.431329 0.905866 0.007481 0.004093
12 0.440904 0.895521 0.009874 0.006139
11 0.246559 0.903251 0.006583 0.006139
12 0.253890 0.890746 0.009276 0.006594
12 0.199731 0.888472 0.009874 0.005684
18 0.142430 0.898363 0.007780 0.004548
11 0.836176 0.897794 0.008079 0.005230
18 0.837074 0.885630 0.008677 0.005457
11 0.629264 0.895407 0.009575 0.005912
13 0.552214 0.895521 0.009874 0.006139
13 0.486086 0.895521 0.009276 0.006139
12 0.454967 0.895521 0.009276 0.006139
11 0.737133 0.895066 0.009874 0.006139
12 0.568372 0.895293 0.009874 0.006594
12 0.518402 0.895293 0.009276 0.006594
12 0.407241 0.893020 0.007780 0.005684
13 0.375224 0.893020 0.007780 0.005684
12 0.343058 0.890746 0.009276 0.006594
12 0.326601 0.890518 0.008677 0.006139
12 0.287104 0.890746 0.009874 0.006594
12 0.216338 0.888245 0.009575 0.006139
12 0.166218 0.885744 0.009276 0.006594
13 0.352633 0.862324 0.012867 0.002501
12 0.244464 0.859482 0.008378 0.005912
12 0.253890 0.835380 0.009276 0.005912
12 0.253890 0.841291 0.009276 0.005912
12 0.551915 0.835152 0.009276 0.005457
12 0.551915 0.840609 0.009276 0.005457
12 0.439408 0.835834 0.009276 0.005912
12 0.439408 0.841746 0.009276 0.005912
12 0.487433 0.835493 0.009575 0.006139
12 0.487433 0.841633 0.009575 0.006139
11 0.736385 0.855275 0.008378 0.005684
17 0.736385 0.860960 0.008378 0.005684
11 0.630311 0.852888 0.009276 0.005457
11 0.630311 0.858345 0.009276 0.005457
11 0.837074 0.847317 0.009874 0.006139
17 0.828097 0.860618 0.007481 0.005457
11 0.836774 0.857549 0.008079 0.005684
12 0.164722 0.846635 0.008079 0.006594
12 0.164273 0.835834 0.009575 0.006821
13 0.199132 0.844588 0.008677 0.006139
13 0.199132 0.835721 0.009276 0.006594
12 0.215589 0.843906 0.009276 0.006594
12 0.214393 0.835380 0.009276 0.006821
12 0.517953 0.841405 0.007181 0.005230
12 0.518402 0.834698 0.009276 0.006367
12 0.456164 0.835380 0.008677 0.005912
12 0.456164 0.841291 0.008677 0.005912
12 0.286804 0.835380 0.009276 0.005912
12 0.286804 0.841291 0.009276 0.005912
13 0.599791 0.834925 0.009276 0.005912
13 0.599791 0.840837 0.009276 0.005912
12 0.567774 0.835039 0.008677 0.006139
12 0.567774 0.841178 0.008677 0.006139
12 0.406493 0.834811 0.009276 0.005684
12 0.406493 0.840496 0.009276 0.005684
13 0.374327 0.834925 0.008378 0.005912
13 0.374327 0.840837 0.008378 0.005912
12 0.342759 0.835039 0.009874 0.006139
12 0.342759 0.841178 0.009874 0.006139
13 0.325703 0.835152 0.009276 0.006367
13 0.325703 0.841519 0.009276 0.006367
12 0.913226 0.807981 0.009575 0.005684
11 0.696738 0.820714 0.008079 0.007503
11 0.703770 0.805935 0.008977 0.006139
13 0.294883 0.817758 0.015260 0.002501
12 0.800569 0.816394 0.009874 0.006139
12 0.198384 0.799341 0.009575 0.006594
12 0.253740 0.799113 0.010174 0.006139
12 0.782466 0.813665 0.009575 0.007049
12 0.764213 0.811050 0.008977 0.005457
11 0.591263 0.809459 0.006583 0.005002
12 0.599791 0.793429 0.009276 0.006594
11 0.542041 0.810482 0.007481 0.007049
11 0.550718 0.793884 0.009276 0.005684
12 0.440006 0.793656 0.008079 0.006139
12 0.486984 0.794111 0.008677 0.006139
12 0.866098 0.808208 0.009276 0.006139
12 0.737433 0.808436 0.009276 0.006594
12 0.882406 0.807981 0.009575 0.006594
12 0.673399 0.806162 0.008079 0.005684
12 0.653950 0.806162 0.007481 0.005684
12 0.214692 0.799454 0.009874 0.005912
12 0.165919 0.799341 0.009276 0.006594
12 0.343208 0.798886 0.009575 0.006594
13 0.327050 0.798886 0.010174 0.006594
12 0.285607 0.799000 0.009276 0.006821
12 0.406792 0.796385 0.008677 0.006139
12 0.375524 0.796385 0.010174 0.006139
12 0.567774 0.794452 0.008677 0.005912
12 0.518402 0.794111 0.009276 0.006139
12 0.457660 0.794111 0.009874 0.006139
12 0.552214 0.737040 0.008677 0.007503
12 0.484440 0.737722 0.008378 0.007049
11 0.433273 0.768759 0.006583 0.008186
18 0.441352 0.737267 0.009575 0.007049
11 0.191352 0.767735 0.006284 0.007049
12 0.199282 0.742383 0.008977 0.007276
17 0.591861 0.765916 0.007181 0.004320
12 0.599342 0.737153 0.008977 0.006821
13 0.246110 0.766598 0.006882 0.005684
12 0.253441 0.742042 0.008378 0.006594
12 0.365799 0.765007 0.006882 0.004320
18 0.373279 0.739086 0.008677 0.006139
11 0.838270 0.757049 0.008677 0.006594
11 0.735637 0.754775 0.008079 0.006594
13 0.325853 0.742269 0.008378 0.007049
12 0.163674 0.742497 0.008977 0.007503
12 0.286804 0.741814 0.009276 0.007049
12 0.215589 0.742269 0.009276 0.007958
12 0.342310 0.741701 0.009575 0.007731
18 0.838570 0.739995 0.009276 0.006139
18 0.405296 0.738859 0.009276 0.006594
18 0.735039 0.737494 0.009276 0.006594
17 0.734889 0.690200 0.010174 0.007503
12 0.630012 0.737267 0.008677 0.007049
12 0.567774 0.737608 0.009276 0.007731
12 0.454967 0.737267 0.009276 0.007049
12 0.260622 0.695316 0.008977 0.006821
11 0.195841 0.711005 0.006882 0.005457
12 0.203621 0.695884 0.009276 0.006139
12 0.140036 0.710437 0.007780 0.008868
12 0.921753 0.694861 0.008079 0.005912
12 0.467534 0.703274 0.009276 0.006367
12 0.444045 0.700432 0.008977 0.006139
12 0.694045 0.700205 0.009874 0.006594
18 0.430580 0.698727 0.008378 0.004548
18 0.430580 0.703274 0.008378 0.004548
12 0.672202 0.697931 0.008079 0.005684
12 0.414572 0.698158 0.008677 0.006139
12 0.394225 0.695430 0.008677 0.006139
17 0.296080 0.695657 0.011071 0.006594
12 0.222621 0.695430 0.008977 0.006139
12 0.166517 0.695430 0.009276 0.006139
13 0.643926 0.694520 0.009575 0.006139
12 0.894075 0.692929 0.009575 0.006594
12 0.619838 0.692929 0.009276 0.006594
17 0.512717 0.693383 0.009874 0.007503
12 0.518402 0.736926 0.009276 0.007276
12 0.878067 0.692701 0.009276 0.007049
12 0.839617 0.690882 0.008977 0.006139
11 0.915470 0.664507 0.006284 0.005230
12 0.922501 0.648136 0.008378 0.006139
11 0.869838 0.663256 0.008378 0.003638
12 0.878366 0.645634 0.008677 0.006594
11 0.251945 0.664166 0.007181 0.007276
12 0.259425 0.647453 0.008977 0.006594
12 0.203920 0.647681 0.008677 0.006139
12 0.140335 0.660528 0.007181 0.004548
18 0.140335 0.665075 0.007181 0.004548
12 0.467834 0.656207 0.007481 0.005912
12 0.694045 0.653593 0.009874 0.006139
12 0.443896 0.653251 0.008677 0.006367
12 0.672801 0.650864 0.009276 0.006139
12 0.412627 0.650864 0.009575 0.006139
12 0.643477 0.648477 0.009276 0.005912
17 0.295482 0.647908 0.011071 0.007503
12 0.221574 0.647453 0.009276 0.006594
11 0.395272 0.647226 0.008977 0.007049
12 0.162926 0.647112 0.009276 0.006821
12 0.620736 0.645975 0.009276 0.007276
12 0.894823 0.645407 0.009276 0.007049
11 0.840066 0.644270 0.008677 0.005684
17 0.512118 0.645180 0.009874 0.007503
17 0.735338 0.642678 0.009874 0.007049
12 0.922950 0.602888 0.008079 0.006594
12 0.922950 0.591746 0.009276 0.007049
17 0.869090 0.616075 0.008079 0.003865
12 0.878665 0.602888 0.009276 0.006594
12 0.878067 0.594361 0.009276 0.005912
17 0.621933 0.610960 0.009276 0.006821
17 0.621484 0.603001 0.010174 0.006821
12 0.767953 0.597658 0.009276 0.006139
17 0.393627 0.604252 0.011071 0.004775
17 0.393627 0.609027 0.011071 0.004775
17 0.393627 0.613802 0.011071 0.004775
17 0.294883 0.604252 0.011670 0.004775
17 0.294883 0.609027 0.011670 0.004775
17 0.294883 0.613802 0.011670 0.004775
12 0.894524 0.602888 0.009874 0.006594
12 0.894225 0.594702 0.009276 0.005684
17 0.166218 0.602206 0.012268 0.006139
17 0.166218 0.608345 0.012268 0.006139
17 0.511221 0.599591 0.010473 0.006367
17 0.511221 0.605957 0.010473 0.006367
11 0.783513 0.597090 0.009276 0.005912
11 0.783513 0.603001 0.009276 0.005912
13 0.840365 0.596407 0.009276 0.006367
13 0.840365 0.602774 0.009276 0.006367
12 0.483393 0.560823 0.009874 0.006139
12 0.594105 0.558095 0.009874 0.006139
12 0.545332 0.558322 0.008079 0.005684
12 0.246110 0.573101 0.008079 0.006139
12 0.709007 0.558322 0.008677 0.005684
11 0.924596 0.556162 0.009575 0.005912
12 0.767056 0.555480 0.009874 0.006367
11 0.870886 0.570600 0.009276 0.003865
12 0.880461 0.556048 0.009276 0.005684
11 0.805655 0.570373 0.006882 0.004320
12 0.814034 0.555821 0.009276 0.006139
12 0.222472 0.570828 0.008677 0.006139
12 0.190754 0.568099 0.009874 0.006139
12 0.443297 0.561050 0.008677 0.005684
12 0.426990 0.560823 0.009575 0.006139
12 0.392430 0.560709 0.009874 0.005912
12 0.366098 0.560368 0.009874 0.006139
12 0.334530 0.560368 0.010174 0.006139
12 0.316727 0.560368 0.009276 0.006139
12 0.165320 0.560027 0.010473 0.006367
12 0.734740 0.558436 0.009874 0.005912
13 0.657690 0.558322 0.008378 0.005684
12 0.621783 0.558322 0.008977 0.005684
12 0.563285 0.558322 0.008079 0.005684
12 0.509725 0.558322 0.008677 0.005684
12 0.674596 0.558095 0.010473 0.006139
12 0.896918 0.556048 0.009874 0.005684
12 0.841263 0.555821 0.009874 0.006139
12 0.785009 0.555593 0.009874 0.006594
12 0.656643 0.499432 0.009276 0.006139
12 0.364153 0.502387 0.008977 0.007503
12 0.878217 0.495907 0.009575 0.007276
12 0.248205 0.516030 0.009874 0.006594
12 0.224117 0.513074 0.009575 0.006139
13 0.190006 0.511028 0.009575 0.006594
12 0.446888 0.502615 0.008677 0.007049
13 0.427139 0.502842 0.009874 0.007503
12 0.166218 0.502842 0.009874 0.007503
13 0.484291 0.502160 0.009276 0.007049
12 0.395871 0.502387 0.008977 0.007503
12 0.334979 0.502387 0.008677 0.007503
12 0.320018 0.502387 0.009874 0.007503
12 0.562089 0.501023 0.009276 0.006594
12 0.734590 0.499886 0.009575 0.006139
12 0.673698 0.500114 0.009874 0.006594
11 0.623130 0.500114 0.009276 0.006594
13 0.594405 0.500000 0.009276 0.006367
13 0.544285 0.500000 0.009575 0.006367
12 0.511819 0.499886 0.010473 0.006139
13 0.710203 0.499432 0.009874 0.006139
12 0.816128 0.497158 0.009874 0.007049
12 0.785308 0.497499 0.009276 0.007731
13 0.765859 0.497385 0.009874 0.007503
18 0.895123 0.495339 0.007481 0.004320
18 0.840664 0.496248 0.008677 0.006139
13 0.923549 0.496248 0.009276 0.007049
12 0.347696 0.475330 0.007780 0.006139
12 0.328097 0.470214 0.009276 0.005912
11 0.581239 0.468167 0.006882 0.004548
12 0.589767 0.454638 0.009575 0.006594
11 0.532166 0.467372 0.006882 0.004775
12 0.540545 0.454411 0.009276 0.006139
12 0.473070 0.454638 0.009575 0.006594
12 0.919360 0.450773 0.009276 0.006139
12 0.798474 0.462483 0.009276 0.005912
12 0.296529 0.462369 0.010174 0.006594
12 0.273639 0.459754 0.006882 0.005457
12 0.779324 0.459754 0.009276 0.005912
17 0.167265 0.459641 0.010174 0.006594
12 0.748953 0.457140 0.010174 0.006139
12 0.730551 0.454638 0.009874 0.005684
11 0.504339 0.454980 0.009874 0.006367
12 0.556703 0.454638 0.009276 0.006594
11 0.442101 0.454866 0.009874 0.007049
12 0.422053 0.454638 0.008677 0.006594
12 0.623579 0.454411 0.009575 0.007049
12 0.887493 0.451455 0.008977 0.005684
12 0.867145 0.450773 0.009575 0.006139
12 0.347995 0.432810 0.007780 0.005684
12 0.140485 0.427808 0.007481 0.004775
12 0.327499 0.427808 0.009276 0.005684
12 0.918312 0.409732 0.008977 0.005912
12 0.590664 0.412460 0.008977 0.005912
12 0.539198 0.412347 0.008977 0.005684
12 0.473968 0.412119 0.009575 0.006139
12 0.798324 0.420077 0.010174 0.006594
12 0.298474 0.420077 0.009874 0.006594
12 0.779324 0.417576 0.009276 0.005230
12 0.275583 0.417349 0.008977 0.005684
12 0.167714 0.417121 0.010473 0.007049
12 0.749850 0.415075 0.010174 0.005684
12 0.730850 0.412460 0.009276 0.005912
12 0.556703 0.412460 0.009276 0.005912
12 0.424147 0.412347 0.009874 0.005684
12 0.504339 0.412233 0.009874 0.006367
12 0.441203 0.412119 0.009276 0.006139
17 0.624028 0.412119 0.011071 0.007049
12 0.886744 0.409845 0.009874 0.006139
18 0.866996 0.409845 0.008677 0.006139
13 0.667115 0.379832 0.006284 0.005230
11 0.670407 0.373124 0.006882 0.006367
12 0.207211 0.377217 0.009276 0.005457
12 0.207211 0.382674 0.009276 0.005457
17 0.276780 0.376648 0.010772 0.006139
17 0.276780 0.382788 0.010772 0.006139
11 0.441203 0.374829 0.008079 0.005230
11 0.441203 0.380059 0.008079 0.005230
17 0.504937 0.374147 0.009874 0.005684
17 0.504937 0.379832 0.009874 0.005684
11 0.731747 0.372215 0.008677 0.005457
11 0.731747 0.377672 0.008677 0.005457
11 0.781119 0.369827 0.009276 0.005230
11 0.781119 0.375057 0.009276 0.005230
17 0.847098 0.368804 0.010174 0.005912
17 0.847098 0.374716 0.010174 0.005912
12 0.574806 0.352092 0.009575 0.006139
12 0.812687 0.337312 0.009575 0.005684
11 0.757481 0.351751 0.007481 0.007276
11 0.766158 0.336971 0.009276 0.005912
11 0.691352 0.351296 0.006882 0.006367
12 0.699431 0.336971 0.008677 0.005457
13 0.556104 0.350045 0.009276 0.005684
12 0.524686 0.347090 0.009874 0.005230
13 0.361460 0.341405 0.008977 0.005684
12 0.328396 0.341519 0.009276 0.005912
13 0.312837 0.341633 0.009874 0.006139
12 0.276182 0.341405 0.009575 0.005684
13 0.243268 0.341633 0.009575 0.006139
12 0.209904 0.341633 0.009874 0.006139
12 0.191652 0.341405 0.009276 0.005684
13 0.505236 0.339359 0.010473 0.006139
17 0.397666 0.339131 0.010772 0.007503
12 0.781718 0.337199 0.009276 0.005457
12 0.732944 0.337085 0.009874 0.006139
12 0.668163 0.336858 0.008977 0.005684
12 0.652154 0.337085 0.009874 0.006139
12 0.846649 0.334698 0.009874 0.006821
12 0.765260 0.282515 0.009874 0.006139
11 0.805356 0.303092 0.006284 0.005457
12 0.812986 0.282060 0.008977 0.006139
12 0.362507 0.285243 0.009874 0.006139
11 0.304458 0.302410 0.007481 0.006821
11 0.312986 0.285698 0.008977 0.006139
11 0.233393 0.301614 0.006583 0.006139
12 0.242220 0.285812 0.009874 0.006367
12 0.576002 0.297067 0.009575 0.006139
12 0.556104 0.294566 0.008079 0.005684
12 0.525883 0.291837 0.009874 0.006594
12 0.327947 0.285698 0.008977 0.006139
12 0.206014 0.285812 0.009276 0.006367
12 0.274835 0.285016 0.009276 0.006594
12 0.191801 0.284902 0.008977 0.006367
12 0.503441 0.283424 0.009276 0.007049
12 0.780969 0.281605 0.009575 0.006139
17 0.397516 0.282287 0.010473 0.007503
13 0.701077 0.281378 0.010174 0.006594
12 0.668911 0.281151 0.009874 0.006139
12 0.649761 0.281151 0.009874 0.006139
12 0.730251 0.280809 0.009276 0.006367
17 0.846050 0.279104 0.009874 0.007503
12 0.818223 0.237494 0.009276 0.006139
12 0.919958 0.237494 0.009276 0.006139
11 0.763465 0.251251 0.006284 0.005457
12 0.770946 0.237267 0.009276 0.005684
12 0.696738 0.244884 0.010473 0.006367
17 0.624028 0.244770 0.009874 0.006139
12 0.893627 0.237494 0.009276 0.005230
13 0.875224 0.237722 0.007780 0.005684
12 0.845153 0.237722 0.009276 0.005684
12 0.788450 0.237381 0.009575 0.005912
13 0.739228 0.237267 0.009276 0.005684
12 0.223968 0.230446 0.009276 0.005684
11 0.167115 0.230673 0.009276 0.006139
11 0.378366 0.227945 0.009276 0.006139
12 0.459156 0.227717 0.009276 0.006594
11 0.267654 0.226580 0.009276 0.006139
11 0.509725 0.225671 0.009874 0.007049
12 0.920108 0.193611 0.007181 0.005684
12 0.876571 0.192929 0.008677 0.006139
17 0.168312 0.203956 0.010473 0.007276
17 0.378965 0.201342 0.010473 0.006594
17 0.268552 0.200659 0.009874 0.007049
17 0.624626 0.200318 0.011071 0.007276
17 0.509725 0.199864 0.011071 0.007276
18 0.755386 0.198045 0.008079 0.005457
12 0.844853 0.193270 0.008677 0.005912
13 0.817026 0.193156 0.008079 0.005684
12 0.788151 0.193042 0.008378 0.005457
12 0.893327 0.192929 0.008677 0.006139
13 0.770946 0.192929 0.008079 0.006139
12 0.739527 0.192929 0.007481 0.006139
12 0.625075 0.157117 0.008977 0.005457
12 0.623728 0.149272 0.009276 0.006139
12 0.562687 0.156776 0.009276 0.005684
12 0.562537 0.148818 0.010174 0.006139
18 0.510024 0.156776 0.009276 0.005684
12 0.509575 0.148818 0.009575 0.006139
12 0.169958 0.154161 0.010772 0.005912
12 0.169958 0.160073 0.010772 0.005912
12 0.699731 0.152456 0.008079 0.005230
12 0.677887 0.151887 0.008677 0.005002
12 0.677887 0.156889 0.008677 0.005002
12 0.739378 0.150068 0.010174 0.005912
12 0.269150 0.149386 0.009874 0.004548
12 0.269150 0.153934 0.009874 0.004548
12 0.269150 0.158481 0.009874 0.004548
12 0.209605 0.148818 0.010473 0.006139
12 0.209605 0.154957 0.010473 0.006139
12 0.439258 0.148136 0.009575 0.005684
12 0.439258 0.153820 0.009575 0.005684
12 0.377169 0.147681 0.010473 0.005684
12 0.377169 0.153365 0.010473 0.005684
12 0.647367 0.146885 0.008677 0.005912
12 0.655745 0.149841 0.008677 0.005912
12 0.316727 0.146999 0.010473 0.006139
12 0.316727 0.153138 0.010473 0.006139
12 0.457660 0.145975 0.008677 0.005912
12 0.467534 0.148931 0.008677 0.005912
12 0.403202 0.145066 0.008677 0.005912
12 0.409785 0.148477 0.008677 0.005912
12 0.581538 0.149159 0.009874 0.005912
12 0.581538 0.143247 0.009874 0.005912
12 0.532017 0.142906 0.009575 0.006139
12 0.532017 0.149045 0.009575 0.006139
13 0.459156 0.109823 0.008079 0.005457
11 0.626421 0.103115 0.009874 0.006594
11 0.677289 0.098113 0.009874 0.006594
12 0.741323 0.095157 0.009874 0.006139
11 0.563585 0.094702 0.009874 0.006139
12 0.440904 0.093793 0.009874 0.006139
13 0.420557 0.093565 0.009276 0.005684
12 0.378217 0.093338 0.008977 0.006139
13 0.349192 0.093111 0.008977 0.005684
12 0.317923 0.092883 0.009276 0.006139
12 0.299970 0.092883 0.009276 0.006139
12 0.269449 0.092542 0.009276 0.006367
17 0.169509 0.091974 0.010473 0.007049
13 0.482196 0.091064 0.008677 0.006139
11 0.509276 0.087653 0.010174 0.007503
13 0.662029 0.056730 0.009276 0.006594
11 0.591412 0.068895 0.005685 0.005457
12 0.598893 0.056276 0.009874 0.006594
13 0.714243 0.056730 0.010174 0.006594
12 0.679384 0.056730 0.009874 0.006594
12 0.627020 0.056276 0.009874 0.006594
12 0.565380 0.056276 0.008677 0.006594
12 0.548773 0.055593 0.008378 0.006139
17 0.379563 0.052296 0.010473 0.006821
12 0.144674 0.050932 0.008677 0.005002
18 0.144674 0.055935 0.008677 0.005002
17 0.271245 0.051501 0.010473 0.007049
12 0.742071 0.048658 0.008977 0.005912
13 0.239078 0.049000 0.010174 0.006594
12 0.207510 0.049000 0.009874 0.006594
13 0.191801 0.048886 0.008378 0.006367
0 0.095003 0.858458 0.023040 0.023874
0 0.095901 0.381196 0.022442 0.024329
4 0.390036 0.144952 0.009874 0.013870
2 0.092310 0.196339 0.021245 0.019327
0 0.093806 0.614939 0.023040 0.023420
4 0.832885 0.277285 0.008677 0.013870
4 0.175793 0.510573 0.009874 0.015689
2 0.091712 0.465780 0.020048 0.019782
0 0.095601 0.297976 0.021843 0.033424
2 0.094105 0.422806 0.018851 0.018417
2 0.092609 0.241814 0.018253 0.019327
4 0.155446 0.203161 0.007481 0.012960
0 0.095601 0.054457 0.021843 0.032970
4 0.177887 0.568781 0.009276 0.014779
4 0.118043 0.373010 0.009276 0.013415
4 0.140784 0.559686 0.009276 0.012051
3 0.855625 0.807071 0.006284 0.016598
3 0.498953 0.647226 0.007481 0.015234
3 0.660832 0.698840 0.006882 0.013870
0 0.311640 0.937813 0.023040 0.026148
4 0.835577 0.369145 0.009276 0.012960
4 0.823609 0.937813 0.009276 0.014325
4 0.825105 0.898931 0.009874 0.012960
4 0.631209 0.695657 0.009874 0.014779
4 0.455566 0.704525 0.009276 0.013415
1 0.095601 0.102206 0.021843 0.035698
1 0.094105 0.564006 0.022442 0.039791
2 0.096798 0.941905 0.024237 0.018872
4 0.158737 0.159732 0.009276 0.016144
2 0.094704 0.898704 0.018851 0.019782
4 0.098294 0.757731 0.010473 0.015234
3 0.661430 0.648590 0.006882 0.015234
4 0.151556 0.847772 0.009276 0.016144
4 0.610263 0.602660 0.006284 0.010687
4 0.243417 0.890973 0.008677 0.014325
2 0.092609 0.661778 0.018253 0.017963
3 0.498654 0.693156 0.006882 0.015234
0 0.095601 0.334811 0.021843 0.032515
4 0.455266 0.655184 0.009874 0.017508
4 0.115649 0.706799 0.009276 0.015234
2 0.092609 0.709527 0.018253 0.018872
3 0.820018 0.860050 0.006882 0.018872
3 0.683573 0.654047 0.005685 0.015234
3 0.682974 0.702933 0.006882 0.015689
4 0.756284 0.599250 0.008677 0.012960
4 0.431029 0.653365 0.009276 0.015689
4 0.125075 0.158026 0.008378 0.014097
4 0.142729 0.154616 0.008977 0.015462
4 0.134949 0.146658 0.008977 0.015916
4 0.116098 0.759891 0.008378 0.013643
4 0.126272 0.859936 0.007181 0.010914
4 0.117594 0.850841 0.008977 0.012733
4 0.118492 0.896317 0.008378 0.012733
0 0.133154 0.795589 0.007780 0.011369
4 0.125673 0.247840 0.008378 0.012733
4 0.141532 0.467940 0.007780 0.014552
4 0.134051 0.459982 0.008378 0.013188
4 0.124177 0.202137 0.008977 0.013188
5 0.140036 0.200318 0.008378 0.011369
4 0.116397 0.192588 0.008977 0.013188
4 0.140934 0.244429 0.007780 0.013188
0 0.133453 0.234652 0.008378 0.010914
0 0.141532 0.520464 0.008977 0.012278
4 0.134051 0.510687 0.008378 0.013643
4 0.134949 0.091405 0.008977 0.016371
4 0.142430 0.379718 0.008378 0.014552
4 0.142430 0.944293 0.008378 0.014097
4 0.124476 0.617553 0.008378 0.013643
0 0.116397 0.606867 0.008977 0.012278
4 0.133154 0.604820 0.007780 0.011824
4 0.126272 0.103683 0.008378 0.013643
0 0.126272 0.055935 0.008378 0.010005
4 0.143028 0.332879 0.008378 0.015462
4 0.125673 0.808549 0.008378 0.012733
5 0.115799 0.554798 0.007780 0.011824
4 0.142130 0.296044 0.008977 0.015462
4 0.134351 0.288313 0.008977 0.015462
4 0.122980 0.666894 0.008977 0.013188
4 0.115799 0.658254 0.008977 0.015007
4 0.133902 0.759095 0.009276 0.014779
4 0.140335 0.763870 0.008977 0.014779
4 0.116846 0.515575 0.009276 0.014779
4 0.125374 0.523761 0.008977 0.014779
4 0.240724 0.932128 0.009276 0.014779
5 0.242519 0.941905 0.009276 0.014779
4 0.131807 0.655184 0.009276 0.014779
4 0.117744 0.463506 0.009276 0.014779
4 0.125374 0.470555 0.008977 0.014779
4 0.116846 0.291382 0.009276 0.014779
4 0.125374 0.297749 0.008977 0.014779
5 0.127319 0.380514 0.009276 0.014779
4 0.134351 0.372101 0.008977 0.014779
4 0.117145 0.938495 0.009276 0.014779
4 0.125224 0.945543 0.009276 0.014779
4 0.133154 0.937358 0.008977 0.014779
5 0.075554 0.156321 0.009276 0.014779
3 0.085877 0.153138 0.008977 0.014779
5 0.317624 0.888927 0.009276 0.014779
5 0.317923 0.900523 0.009276 0.014779
4 0.094405 0.530809 0.009276 0.012960
5 0.099641 0.530809 0.008977 0.012960
4 0.087822 0.526035 0.009276 0.014779
4 0.098444 0.521487 0.008977 0.014779
4 0.089019 0.809118 0.009276 0.014779
5 0.100838 0.805252 0.008977 0.014779
4 0.088121 0.772965 0.009276 0.014779
5 0.100838 0.774329 0.008977 0.014779