9 0.874178 0.944217 0.008368 0.019314
8 0.141662 0.930811 0.007770 0.016587
6 0.708308 0.938764 0.010161 0.019768
6 0.658099 0.937401 0.007770 0.017042
6 0.544232 0.936946 0.009564 0.018859
6 0.456366 0.935810 0.009564 0.017950
6 0.348775 0.935810 0.009564 0.017950
6 0.707412 0.898319 0.009564 0.018859
6 0.905559 0.898546 0.008966 0.017950
10 0.877615 0.890934 0.006874 0.002272
10 0.844740 0.891275 0.008069 0.003408
6 0.659594 0.897410 0.009564 0.017042
9 0.797519 0.894456 0.010460 0.025676
9 0.587717 0.898773 0.009265 0.023404
6 0.169755 0.895478 0.008966 0.017723
6 0.200538 0.895137 0.009564 0.017496
10 0.140616 0.888662 0.006874 0.003636
9 0.739390 0.854919 0.005977 0.020223
9 0.315900 0.855601 0.004184 0.028403
9 0.636282 0.853442 0.008966 0.032265
6 0.905559 0.851738 0.009564 0.017950
6 0.707711 0.851965 0.009564 0.018859
6 0.658697 0.851965 0.009564 0.018859
6 0.391512 0.850829 0.007173 0.018859
6 0.502391 0.850489 0.010161 0.019087
6 0.170353 0.850489 0.009564 0.019541
6 0.280036 0.849239 0.008966 0.017496
10 0.281231 0.807998 0.008966 0.002727
6 0.708308 0.811747 0.008368 0.019314
6 0.659594 0.811293 0.008966 0.017496
6 0.171249 0.810043 0.008966 0.017723
6 0.199342 0.810157 0.008966 0.017496
10 0.591452 0.789139 0.007770 0.002727
6 0.709205 0.771984 0.007770 0.017950
6 0.904363 0.771984 0.009564 0.019314
6 0.501195 0.771416 0.010161 0.018178
6 0.660191 0.771302 0.010161 0.018405
6 0.168559 0.770279 0.009564 0.018178
6 0.391512 0.770620 0.009564 0.019314
6 0.279139 0.769711 0.009564 0.017496
10 0.594740 0.745512 0.005977 0.001818
10 0.238195 0.742331 0.007770 0.002272
10 0.351166 0.741763 0.008966 0.002045
10 0.432756 0.742104 0.010759 0.003636
10 0.863419 0.731425 0.006575 0.003181
10 0.544531 0.731197 0.008368 0.003181
9 0.343096 0.733924 0.004782 0.018632
9 0.802451 0.729493 0.006575 0.017496
9 0.817394 0.729721 0.008966 0.017042
10 0.546922 0.727335 0.007173 0.002727
10 0.279737 0.726880 0.008368 0.003181
9 0.597131 0.735174 0.010759 0.030675
6 0.660191 0.731766 0.008966 0.019314
9 0.361327 0.731425 0.010161 0.023631
10 0.332935 0.721881 0.007173 0.002272
10 0.473102 0.721654 0.008966 0.003636
10 0.773162 0.741195 0.007173 0.001818
10 0.234907 0.687571 0.013150 0.004544
9 0.797968 0.686889 0.008368 0.025449
10 0.820084 0.684731 0.005977 0.002954
6 0.658697 0.688139 0.009564 0.017496
10 0.784818 0.679845 0.007173 0.003181
9 0.566049 0.672120 0.008368 0.033174
9 0.441124 0.670302 0.007173 0.034083
10 0.228332 0.661668 0.005977 0.002727
8 0.296025 0.628834 0.013449 0.007498
8 0.195607 0.628834 0.012253 0.006589
10 0.394053 0.628266 0.012253 0.004999
6 0.722504 0.630425 0.009265 0.019314
6 0.624477 0.630425 0.010460 0.018405
6 0.787059 0.630879 0.010460 0.019314
6 0.515690 0.629743 0.009265 0.017042
9 0.761058 0.624290 0.011058 0.007953
10 0.687388 0.596455 0.006575 0.004544
8 0.490137 0.584185 0.011357 0.007271
6 0.211895 0.586798 0.009564 0.017042
6 0.287209 0.587026 0.009564 0.018405
6 0.394202 0.586571 0.009564 0.018405
6 0.191572 0.585890 0.008368 0.017042
6 0.570532 0.585435 0.009564 0.017496
6 0.417513 0.585208 0.009564 0.017496
9 0.365810 0.564076 0.004184 0.021586
6 0.569038 0.538628 0.008966 0.017496
6 0.876569 0.539764 0.009564 0.018405
6 0.263598 0.539536 0.010161 0.018859
6 0.664077 0.538855 0.010161 0.017950
6 0.414525 0.538173 0.009564 0.017950
6 0.210998 0.539082 0.010161 0.018859
6 0.758219 0.538855 0.009564 0.018859
6 0.169755 0.538514 0.010161 0.018178
6 0.369097 0.538173 0.009564 0.017950
6 0.315302 0.537946 0.009564 0.017496
6 0.314704 0.501136 0.009564 0.018405
6 0.261805 0.501136 0.008966 0.018405
6 0.453078 0.500454 0.008966 0.018859
6 0.569038 0.500000 0.010161 0.017496
6 0.167364 0.500568 0.010161 0.018632
6 0.898984 0.499773 0.010161 0.020223
6 0.416318 0.500227 0.009564 0.018405
6 0.366707 0.499773 0.009564 0.017496
6 0.210400 0.500227 0.010161 0.018405
6 0.455170 0.457737 0.009564 0.017950
6 0.262104 0.457737 0.010759 0.017950
6 0.211895 0.457282 0.009564 0.017950
6 0.569337 0.457282 0.009564 0.018405
6 0.417215 0.457055 0.010161 0.018405
6 0.367902 0.456601 0.008368 0.017496
6 0.316198 0.457282 0.010161 0.018859
6 0.757322 0.456601 0.008966 0.017042
6 0.663180 0.456828 0.009564 0.017496
6 0.167065 0.457169 0.009564 0.018178
6 0.876868 0.456146 0.008966 0.017496
10 0.824567 0.436151 0.008368 0.002954
9 0.721458 0.425017 0.004184 0.022040
8 0.572325 0.418428 0.004782 0.008862
10 0.624925 0.415587 0.008368 0.002727
9 0.211297 0.422745 0.009564 0.018859
10 0.786910 0.414678 0.005977 0.002727
9 0.844889 0.421268 0.005977 0.026812
10 0.318589 0.391047 0.011357 0.004999
10 0.497161 0.382072 0.011058 0.002499
10 0.833981 0.379346 0.005678 0.003863
10 0.272265 0.326744 0.006575 0.002727
8 0.466228 0.313679 0.011955 0.007044
8 0.805439 0.313679 0.012552 0.007498
8 0.706814 0.313451 0.012552 0.007044
8 0.627914 0.313451 0.007770 0.007044
8 0.548117 0.313679 0.013150 0.007498
8 0.895397 0.313224 0.013150 0.007044
8 0.366408 0.313451 0.013150 0.007498
6 0.296473 0.315496 0.009564 0.018859
6 0.571429 0.273915 0.009564 0.017950
6 0.467723 0.273915 0.010161 0.018405
6 0.296175 0.274142 0.010161 0.018859
6 0.728033 0.273233 0.009564 0.018405
6 0.549313 0.273688 0.010759 0.018405
6 0.391512 0.272779 0.009564 0.017950
6 0.362224 0.273006 0.009564 0.017496
6 0.790795 0.272324 0.009564 0.017496
6 0.630305 0.273233 0.008966 0.018405
6 0.489241 0.272552 0.008966 0.017496
6 0.821877 0.272779 0.009564 0.018405
6 0.892110 0.272324 0.010161 0.017950
8 0.799163 0.225517 0.011955 0.007498
6 0.392409 0.228698 0.008966 0.018859
6 0.297071 0.228016 0.009564 0.019314
6 0.869695 0.227335 0.009564 0.018859
6 0.443216 0.227562 0.010161 0.018405
6 0.331142 0.226653 0.009564 0.017496
6 0.729229 0.226199 0.008368 0.017042
9 0.272564 0.192456 0.008368 0.023177
6 0.330843 0.189389 0.010161 0.017496
6 0.296473 0.190070 0.009564 0.018859
6 0.689480 0.188934 0.008966 0.017950
6 0.442020 0.189162 0.008966 0.017042
6 0.392708 0.190298 0.009564 0.019314
6 0.656904 0.188707 0.009564 0.017496
6 0.606396 0.188934 0.007770 0.017042
6 0.570831 0.189389 0.009564 0.017950
6 0.528093 0.189389 0.010161 0.017950
6 0.489241 0.189048 0.008966 0.017723
6 0.759115 0.188934 0.009564 0.017950
6 0.728033 0.188707 0.009564 0.017496
6 0.868799 0.188253 0.010161 0.017950
6 0.819785 0.187798 0.007770 0.017496
6 0.331142 0.147807 0.009564 0.017950
6 0.296772 0.147807 0.008966 0.017950
6 0.603108 0.148489 0.009564 0.018859
6 0.526300 0.148489 0.005380 0.018859
6 0.393007 0.148262 0.008966 0.018859
6 0.820980 0.147694 0.008966 0.018178
6 0.571130 0.147807 0.010161 0.018405
6 0.490436 0.147580 0.010161 0.018405
6 0.444411 0.148035 0.010161 0.019314
8 0.271369 0.149625 0.013150 0.022495
6 0.759713 0.147126 0.009564 0.018859
6 0.729528 0.147126 0.005380 0.018859
6 0.690078 0.147353 0.005380 0.018405
6 0.657800 0.146898 0.005380 0.017496
6 0.870293 0.146444 0.009564 0.017950
10 0.401225 0.122927 0.007472 0.003181
10 0.761955 0.114292 0.005678 0.004544
9 0.489988 0.110657 0.010460 0.023631
8 0.235505 0.102363 0.006575 0.015224
9 0.568290 0.110316 0.009265 0.023404
10 0.806037 0.098160 0.007173 0.003181
7 0.333234 0.103499 0.007173 0.019314
11 0.589211 0.949671 0.009863 0.006589
11 0.636730 0.942172 0.008069 0.005226
11 0.875523 0.938309 0.006276 0.004317
12 0.845338 0.938650 0.006874 0.005453
12 0.742230 0.937855 0.011058 0.007498
12 0.171698 0.935015 0.011656 0.007271
11 0.427824 0.933197 0.007472 0.005908
11 0.391363 0.933083 0.008667 0.006589
13 0.501943 0.930811 0.008667 0.005681
12 0.123431 0.929448 0.006575 0.004317
11 0.319337 0.927971 0.009265 0.006362
12 0.279438 0.927630 0.008966 0.006589
12 0.891363 0.898205 0.008069 0.005908
12 0.876868 0.893661 0.008966 0.005908
12 0.845188 0.893547 0.007770 0.005681
11 0.589659 0.891729 0.007770 0.006135
12 0.861327 0.890820 0.007770 0.005681
12 0.820831 0.890479 0.007472 0.005453
12 0.919456 0.887866 0.004483 0.003408
12 0.805140 0.887980 0.008966 0.005908
13 0.785714 0.885821 0.008966 0.006135
11 0.547669 0.884458 0.008069 0.006135
11 0.637627 0.883549 0.008667 0.006135
12 0.502092 0.883436 0.008966 0.006362
12 0.389719 0.883095 0.008368 0.006589
17 0.429319 0.883095 0.011656 0.007498
17 0.320831 0.883322 0.011058 0.007953
12 0.280335 0.882640 0.008368 0.006589
12 0.771369 0.882640 0.009564 0.007044
12 0.743724 0.882640 0.009265 0.007044
11 0.231321 0.882186 0.010161 0.006589
12 0.528093 0.881504 0.009564 0.007498
12 0.411387 0.880141 0.009265 0.007044
12 0.305738 0.880141 0.009564 0.007044
12 0.757472 0.879459 0.009265 0.006135
13 0.811715 0.867303 0.005380 0.003636
13 0.818739 0.859464 0.008069 0.006135
12 0.891811 0.867871 0.008368 0.006135
12 0.877167 0.862190 0.007770 0.004772
12 0.846832 0.862190 0.009265 0.005226
13 0.862971 0.859918 0.009265 0.006589
17 0.200389 0.859350 0.011058 0.007271
12 0.804692 0.857078 0.008667 0.005453
18 0.107442 0.860032 0.006874 0.004544
18 0.107442 0.855487 0.006874 0.004544
11 0.390915 0.855147 0.004782 0.004317
12 0.784967 0.853783 0.008069 0.006589
12 0.742678 0.851397 0.008368 0.005453
13 0.770622 0.851057 0.007472 0.005226
11 0.589809 0.850602 0.009265 0.004772
18 0.589809 0.860827 0.008069 0.005226
11 0.547669 0.850375 0.007472 0.004317
11 0.546324 0.861054 0.009564 0.005681
18 0.131052 0.850375 0.007472 0.004317
12 0.758069 0.849012 0.008667 0.006135
11 0.637926 0.848103 0.008667 0.005226
11 0.637926 0.853329 0.008667 0.005226
17 0.320831 0.846171 0.010460 0.006362
17 0.320831 0.852534 0.010460 0.006362
17 0.429468 0.845830 0.010759 0.006589
17 0.429468 0.852420 0.010759 0.006589
11 0.847878 0.833901 0.006575 0.002727
11 0.846832 0.827426 0.008069 0.004772
11 0.843545 0.792434 0.005081 0.004772
11 0.876121 0.833788 0.008069 0.005226
11 0.875523 0.827198 0.008069 0.005681
12 0.742678 0.826971 0.011357 0.006589
12 0.742678 0.833561 0.011357 0.006589
11 0.298864 0.820495 0.004782 0.003181
12 0.304393 0.807430 0.008667 0.006135
13 0.519127 0.820950 0.006575 0.005453
12 0.590406 0.818564 0.009265 0.006135
18 0.590406 0.791979 0.008069 0.006589
18 0.400926 0.810838 0.006874 0.004772
13 0.402122 0.804703 0.008069 0.005226
17 0.637029 0.811293 0.010460 0.006135
11 0.548117 0.810498 0.007770 0.005453
12 0.390466 0.810384 0.008667 0.005681
12 0.279886 0.810157 0.009863 0.005226
18 0.503288 0.810384 0.010759 0.006589
13 0.230574 0.809930 0.010460 0.005681
17 0.430813 0.810043 0.010460 0.006817
17 0.319486 0.809475 0.010759 0.006589
12 0.529139 0.808453 0.008667 0.005908
12 0.413778 0.807317 0.009863 0.006817
12 0.290646 0.806976 0.008667 0.008862
18 0.292887 0.821291 0.005380 0.002954
17 0.743126 0.791979 0.011058 0.007498
11 0.743873 0.778346 0.010161 0.007498
11 0.875822 0.791752 0.009863 0.007498
11 0.875523 0.778800 0.009265 0.006135
12 0.546772 0.788116 0.009265 0.006135
11 0.547370 0.777778 0.008069 0.005453
13 0.075164 0.785276 0.004483 0.004544
12 0.638225 0.783345 0.010460 0.005681
11 0.638225 0.789025 0.010460 0.005681
11 0.200837 0.782209 0.011955 0.005681
11 0.200837 0.787889 0.011955 0.005681
17 0.845637 0.778800 0.010460 0.006135
11 0.590855 0.778346 0.008966 0.005681
11 0.429767 0.773233 0.011955 0.004999
17 0.429767 0.778232 0.011955 0.004999
17 0.429767 0.783231 0.011955 0.004999
17 0.320233 0.778232 0.011656 0.004999
11 0.320233 0.773233 0.011656 0.004999
17 0.320233 0.783231 0.011656 0.004999
13 0.680813 0.749943 0.005977 0.014769
12 0.680066 0.710634 0.004483 0.003408
12 0.679617 0.686889 0.004782 0.003181
12 0.683652 0.681663 0.009265 0.004999
12 0.685146 0.811179 0.008667 0.004544
13 0.685894 0.851965 0.007173 0.004772
12 0.686342 0.831856 0.005081 0.013179
12 0.687238 0.816633 0.003885 0.004090
11 0.919456 0.743354 0.009863 0.006135
12 0.075613 0.737105 0.003586 0.004090
13 0.074866 0.730175 0.005081 0.007498
12 0.893007 0.737900 0.009564 0.006135
11 0.708607 0.737673 0.010161 0.006135
12 0.878063 0.732902 0.009564 0.006135
12 0.845637 0.732561 0.009265 0.006362
12 0.590108 0.732220 0.008667 0.006135
12 0.579199 0.730516 0.005977 0.004999
12 0.862373 0.730061 0.009265 0.004544
13 0.819187 0.729948 0.006575 0.005226
11 0.638524 0.729948 0.009863 0.006135
12 0.545876 0.729493 0.008667 0.005226
12 0.503885 0.729607 0.009564 0.005908
11 0.392259 0.729266 0.008667 0.005226
12 0.457711 0.729039 0.008069 0.005681
12 0.429020 0.728812 0.008069 0.005226
12 0.348027 0.729266 0.009863 0.006135
12 0.318589 0.729152 0.008966 0.005908
11 0.280185 0.729152 0.008069 0.005908
13 0.804991 0.727676 0.008069 0.006135
12 0.567394 0.727335 0.008667 0.005908
12 0.249253 0.726653 0.007770 0.006362
12 0.784071 0.725403 0.008069 0.005226
12 0.473102 0.724381 0.007770 0.004999
12 0.605051 0.724835 0.009863 0.006362
12 0.443664 0.724267 0.008069 0.005226
12 0.333234 0.724381 0.008966 0.005453
13 0.362971 0.723926 0.008667 0.005453
12 0.239390 0.723813 0.007173 0.005226
12 0.239390 0.729039 0.007173 0.005226
13 0.228183 0.723926 0.007472 0.005453
12 0.742678 0.722677 0.008966 0.006135
13 0.771070 0.722336 0.008966 0.006362
12 0.214883 0.721995 0.008966 0.006135
12 0.905409 0.720291 0.004483 0.003636
12 0.905708 0.743354 0.009863 0.006135
12 0.758368 0.719723 0.008069 0.005681
12 0.200389 0.719382 0.008667 0.006362
12 0.170203 0.719382 0.009265 0.006362
12 0.186641 0.716542 0.008667 0.006135
11 0.919456 0.699727 0.009863 0.006135
12 0.904214 0.699841 0.009265 0.006362
11 0.709504 0.694615 0.007770 0.006362
12 0.890765 0.694388 0.009863 0.006362
12 0.876270 0.689730 0.009564 0.006135
12 0.846832 0.689389 0.010460 0.006362
12 0.862074 0.687230 0.009863 0.005681
12 0.819187 0.686889 0.008368 0.005453
12 0.804393 0.684049 0.009265 0.006135
12 0.784967 0.681777 0.008667 0.005226
12 0.741482 0.679505 0.009564 0.006135
13 0.772116 0.679277 0.010460 0.006589
12 0.758368 0.676551 0.009265 0.006589
12 0.590705 0.671325 0.008667 0.007044
11 0.637776 0.669166 0.008368 0.006362
11 0.501793 0.669052 0.008966 0.006589
12 0.457860 0.668939 0.010161 0.006362
12 0.545427 0.668712 0.007770 0.006362
12 0.426629 0.667916 0.008069 0.006135
11 0.390167 0.668144 0.009265 0.006589
12 0.346832 0.667916 0.007472 0.006135
12 0.315750 0.668144 0.008667 0.006589
11 0.278093 0.667916 0.008667 0.006135
12 0.249402 0.665871 0.008667 0.006589
12 0.568141 0.665644 0.008368 0.006589
12 0.605947 0.664622 0.008069 0.006362
12 0.227286 0.663599 0.006276 0.005681
12 0.473252 0.663258 0.009265 0.005908
12 0.443216 0.662236 0.008368 0.005681
12 0.362074 0.662577 0.009265 0.006362
12 0.331590 0.662690 0.009265 0.006589
13 0.213090 0.660645 0.008368 0.007044
12 0.198894 0.658487 0.008069 0.006362
12 0.168410 0.657805 0.008069 0.006362
18 0.183652 0.655533 0.008667 0.006362
11 0.832785 0.642695 0.008667 0.006135
17 0.877466 0.634969 0.010759 0.006589
12 0.455021 0.629516 0.008667 0.005681
17 0.666467 0.627130 0.010759 0.006817
11 0.761207 0.624744 0.008368 0.005681
12 0.570831 0.621904 0.010759 0.007271
11 0.369546 0.608612 0.009265 0.006589
11 0.169008 0.601341 0.009863 0.006135
13 0.665571 0.597591 0.009564 0.004999
17 0.667962 0.572711 0.011357 0.007044
11 0.264644 0.598160 0.009863 0.006589
11 0.834579 0.575551 0.009265 0.006362
17 0.880305 0.573165 0.011058 0.007498
17 0.759863 0.572711 0.010460 0.007044
12 0.592349 0.572824 0.011357 0.007271
18 0.315302 0.561350 0.008368 0.005681
11 0.316348 0.598387 0.009265 0.006135
18 0.370891 0.559646 0.010759 0.007726
18 0.266438 0.559532 0.011058 0.007498
17 0.169307 0.559191 0.009265 0.008180
17 0.456067 0.554079 0.010161 0.006589
11 0.284369 0.550898 0.009863 0.006589
12 0.293634 0.547830 0.005678 0.004544
17 0.901524 0.548625 0.010460 0.006589
11 0.395248 0.548171 0.009265 0.005681
11 0.395248 0.553851 0.009265 0.005681
17 0.787657 0.548284 0.011058 0.006362
11 0.190227 0.546126 0.009265 0.006135
17 0.591452 0.546239 0.010759 0.006817
17 0.098476 0.549193 0.008667 0.005908
18 0.103855 0.549193 0.008667 0.005908
17 0.691871 0.545671 0.010759 0.007498
11 0.394949 0.518405 0.009863 0.007044
11 0.286163 0.515678 0.008667 0.006135
11 0.190974 0.512838 0.009564 0.005908
11 0.190974 0.518746 0.009564 0.005908
12 0.486701 0.511815 0.011656 0.005681
12 0.486701 0.517496 0.011656 0.005681
11 0.833682 0.502272 0.008667 0.006135
11 0.877914 0.499773 0.007472 0.006135
17 0.761357 0.499773 0.009863 0.006589
17 0.667663 0.499886 0.010161 0.006817
12 0.591751 0.500000 0.011357 0.007044
11 0.189480 0.475915 0.007770 0.005681
11 0.189779 0.469780 0.009564 0.006135
11 0.394351 0.474097 0.009863 0.006589
11 0.286312 0.472165 0.008966 0.006362
17 0.788852 0.472165 0.011058 0.006817
11 0.900926 0.468871 0.011656 0.006135
17 0.900926 0.475006 0.011656 0.006135
11 0.590705 0.468643 0.011656 0.006135
11 0.590705 0.474778 0.011656 0.006135
17 0.485804 0.468643 0.011058 0.006589
17 0.485804 0.475233 0.011058 0.006589
17 0.690227 0.468416 0.011058 0.006589
17 0.690227 0.475006 0.011058 0.006589
11 0.694411 0.432402 0.009863 0.004544
11 0.705768 0.412974 0.008667 0.005681
12 0.690526 0.417860 0.009265 0.005453
11 0.594889 0.432856 0.012851 0.005453
12 0.605798 0.413088 0.008368 0.005908
13 0.589958 0.417860 0.007173 0.005453
18 0.398834 0.428880 0.010460 0.006135
12 0.920203 0.424563 0.009564 0.006589
12 0.832487 0.419564 0.008667 0.006135
11 0.664226 0.417973 0.008069 0.005681
11 0.624776 0.417973 0.008069 0.005681
11 0.569038 0.418314 0.007770 0.006362
12 0.212642 0.418087 0.008667 0.006362
11 0.758368 0.417746 0.008667 0.006135
11 0.725493 0.417746 0.008069 0.006135
17 0.169008 0.418087 0.011058 0.006817
12 0.785565 0.417178 0.007472 0.005453
13 0.370442 0.417519 0.011058 0.007044
17 0.878811 0.417064 0.011656 0.007044
12 0.538852 0.415587 0.008368 0.005908
12 0.316647 0.415474 0.009863 0.006589
17 0.264495 0.415701 0.010759 0.007044
12 0.808129 0.414792 0.008966 0.006589
12 0.515690 0.412974 0.008667 0.005681
12 0.330843 0.412974 0.007770 0.006135
12 0.229378 0.412747 0.008667 0.005681
13 0.796324 0.412065 0.008069 0.004772
12 0.847579 0.412293 0.007770 0.005681
11 0.250448 0.412520 0.005380 0.006135
13 0.500448 0.410475 0.009265 0.006589
12 0.486402 0.407862 0.009863 0.005908
12 0.455021 0.407975 0.009265 0.006135
11 0.416467 0.407407 0.009863 0.006817
12 0.470562 0.404567 0.010460 0.005681
18 0.804692 0.391843 0.006874 0.005226
12 0.809922 0.358214 0.008368 0.007044
12 0.211447 0.379800 0.008667 0.006135
11 0.594441 0.379232 0.009564 0.005453
12 0.591751 0.361395 0.009564 0.006135
18 0.474298 0.377869 0.005977 0.003181
17 0.370741 0.379573 0.011656 0.006589
12 0.693814 0.379118 0.008667 0.006135
12 0.689181 0.361509 0.009564 0.006362
17 0.169008 0.379573 0.010460 0.007044
12 0.314555 0.377073 0.009265 0.006135
17 0.264495 0.377301 0.010759 0.006589
12 0.228930 0.374801 0.010161 0.006135
12 0.332487 0.374460 0.008069 0.005908
11 0.251793 0.373892 0.008069 0.005226
12 0.071578 0.372075 0.005081 0.004772
11 0.417065 0.368893 0.009265 0.006135
11 0.919904 0.368212 0.009564 0.005681
12 0.833084 0.362986 0.009265 0.006589
11 0.625971 0.362304 0.009863 0.006135
11 0.722654 0.361850 0.008368 0.006135
11 0.570383 0.361850 0.009863 0.006135
13 0.759414 0.360827 0.008368 0.005908
11 0.665421 0.361054 0.009863 0.006362
12 0.786163 0.360600 0.008667 0.006362
13 0.878213 0.360941 0.011058 0.007498
12 0.541094 0.359805 0.008667 0.007498
12 0.706366 0.356623 0.009265 0.006589
12 0.516587 0.356623 0.008667 0.006589
12 0.605947 0.356169 0.009265 0.006589
12 0.848326 0.354806 0.008667 0.006135
13 0.499851 0.354579 0.008667 0.006589
13 0.484310 0.351965 0.008667 0.006817
18 0.453228 0.351284 0.008667 0.006362
18 0.469964 0.348898 0.008667 0.006135
18 0.236252 0.310270 0.007472 0.004317
12 0.273610 0.310043 0.009265 0.004772
12 0.273610 0.314815 0.009265 0.004772
11 0.693814 0.294819 0.009265 0.006589
13 0.191423 0.291865 0.005081 0.006589
12 0.192319 0.252556 0.005678 0.007044
11 0.332337 0.290957 0.009564 0.006589
11 0.763150 0.289820 0.009265 0.006589
11 0.527944 0.288571 0.009863 0.005908
12 0.605200 0.285958 0.010161 0.006135
11 0.658099 0.285617 0.009564 0.006362
13 0.443664 0.283117 0.008667 0.005908
12 0.872086 0.282777 0.008368 0.006589
12 0.708159 0.277664 0.004483 0.004544
12 0.275403 0.268234 0.004483 0.004772
11 0.657651 0.249148 0.009863 0.007044
17 0.606097 0.247103 0.010759 0.007498
17 0.528542 0.247103 0.011058 0.007498
17 0.470861 0.246876 0.010460 0.007498
17 0.893156 0.246421 0.011058 0.007498
17 0.691871 0.246421 0.011357 0.007953
11 0.362522 0.237332 0.009564 0.006589
13 0.274059 0.233470 0.005380 0.007953
12 0.275105 0.224040 0.005081 0.008180
13 0.209504 0.199955 0.004184 0.004090
12 0.635834 0.199727 0.008667 0.005908
11 0.627764 0.202454 0.008667 0.005908
11 0.708757 0.198818 0.009265 0.005453
11 0.708757 0.204272 0.009265 0.005453
11 0.364316 0.198705 0.008966 0.005681
12 0.790944 0.198250 0.009863 0.006135
11 0.548715 0.197001 0.008966 0.005453
11 0.470562 0.196887 0.009863 0.006589
12 0.225792 0.199500 0.008667 0.005908
12 0.220114 0.199500 0.008667 0.005908
11 0.893007 0.195524 0.009564 0.005681
11 0.817543 0.193252 0.005081 0.004317
13 0.273013 0.184163 0.012851 0.005681
18 0.273013 0.189843 0.012851 0.005681
12 0.468171 0.166099 0.008069 0.004999
17 0.469366 0.159168 0.006874 0.003863
12 0.364614 0.166439 0.008966 0.005681
12 0.366109 0.159509 0.004184 0.004544
11 0.892409 0.164622 0.008368 0.004772
11 0.892259 0.158714 0.009265 0.005681
11 0.792588 0.164508 0.008368 0.006362
11 0.792887 0.157805 0.006575 0.004317
11 0.709952 0.163486 0.010460 0.007498
11 0.632247 0.162804 0.009265 0.006135
11 0.549761 0.160191 0.010460 0.005453
11 0.549761 0.165644 0.010460 0.005453
13 0.274208 0.157578 0.004483 0.004772
13 0.275403 0.147239 0.005081 0.005453
12 0.255380 0.140423 0.008667 0.004544
12 0.193515 0.140991 0.005678 0.015224
17 0.934250 0.125199 0.004782 0.003636
12 0.367005 0.117814 0.011955 0.002954
13 0.379109 0.101909 0.008069 0.006589
13 0.363270 0.099182 0.008667 0.006589
11 0.918261 0.118155 0.005678 0.004090
12 0.925732 0.103158 0.005678 0.004999
11 0.794830 0.116678 0.011058 0.002954
13 0.805589 0.100545 0.008069 0.006135
12 0.790795 0.097705 0.009564 0.005908
12 0.299014 0.117132 0.008667 0.006135
12 0.729378 0.115996 0.009863 0.007044
13 0.273162 0.109975 0.011955 0.005453
17 0.528691 0.108725 0.009564 0.005226
17 0.447549 0.108725 0.011058 0.006589
17 0.691273 0.108384 0.011357 0.006362
13 0.873132 0.107362 0.011058 0.006589
12 0.414824 0.106680 0.008966 0.006135
12 0.843545 0.105431 0.009265 0.006817
17 0.607143 0.105771 0.011058 0.007498
12 0.659145 0.103954 0.007472 0.004772
11 0.591602 0.104067 0.007472 0.005453
11 0.591602 0.109521 0.007472 0.005453
12 0.570233 0.103499 0.006575 0.005226
11 0.491482 0.103499 0.008667 0.005226
13 0.391512 0.103954 0.007770 0.006135
12 0.818739 0.102590 0.006276 0.005681
12 0.331739 0.099296 0.010161 0.005908
12 0.760460 0.097819 0.009265 0.006135
13 0.346234 0.095887 0.008667 0.006362
12 0.774656 0.094865 0.008966 0.006589
13 0.502241 0.034538 0.005678 0.004544
1 0.096085 0.458873 0.021817 0.038400
3 0.794830 0.682913 0.006874 0.018405
4 0.255678 0.097137 0.009863 0.014315
4 0.830395 0.105431 0.009265 0.015905
4 0.822624 0.503636 0.009265 0.013406
2 0.097430 0.631334 0.023909 0.018859
2 0.217125 0.314360 0.012253 0.016133
4 0.253885 0.310043 0.009265 0.012952
2 0.093395 0.587480 0.020024 0.020223
0 0.095188 0.417746 0.022415 0.033401
1 0.096683 0.384572 0.021817 0.032493
4 0.528542 0.360259 0.009863 0.012952
4 0.578153 0.792434 0.009863 0.013860
4 0.556934 0.726767 0.008069 0.013406
4 0.621787 0.162804 0.009863 0.017042
4 0.237448 0.665644 0.008667 0.016133
4 0.526748 0.416383 0.009265 0.015224
1 0.099671 0.731766 0.021219 0.038855
4 0.275702 0.471825 0.009265 0.015678
3 0.793933 0.727676 0.007472 0.019768
4 0.517782 0.809021 0.009863 0.013406
4 0.643007 0.248921 0.010460 0.016587
4 0.821727 0.575097 0.009863 0.016360
1 0.099970 0.814701 0.021817 0.033856
4 0.799163 0.358214 0.010161 0.016133
3 0.731620 0.883322 0.007770 0.014769
4 0.515840 0.881731 0.010161 0.015224
3 0.731769 0.826971 0.007472 0.019314
4 0.820233 0.419905 0.009265 0.015905
4 0.400777 0.878778 0.009564 0.012497
1 0.098177 0.687003 0.021817 0.034765
1 0.096384 0.500000 0.022415 0.035219
2 0.097878 0.935356 0.018231 0.017950
3 0.732068 0.850602 0.008069 0.019314
1 0.272714 0.276869 0.008667 0.015678
4 0.775105 0.471825 0.009863 0.016133
2 0.097878 0.895819 0.018231 0.017950
4 0.579348 0.672461 0.009863 0.013860
4 0.301106 0.561804 0.009863 0.016587
1 0.099074 0.771984 0.022415 0.039309
4 0.821877 0.363327 0.010161 0.016360
2 0.214136 0.274369 0.021817 0.019768
4 0.128512 0.458759 0.008368 0.013179
4 0.119845 0.449671 0.007770 0.014088
4 0.138374 0.446489 0.008966 0.014997
4 0.129408 0.687571 0.008368 0.014542
0 0.121040 0.678482 0.008368 0.013633
4 0.139271 0.676664 0.008966 0.013633
4 0.138075 0.579414 0.008368 0.013633
4 0.129259 0.635310 0.009265 0.016360
4 0.119994 0.628266 0.008667 0.014997
4 0.139420 0.626903 0.009265 0.013179
4 0.130006 0.730061 0.008368 0.013179
4 0.121638 0.722336 0.009564 0.014997
4 0.139868 0.719382 0.008966 0.013633
4 0.254035 0.268575 0.008966 0.013179
4 0.122236 0.843445 0.008368 0.015451
4 0.138673 0.408089 0.008368 0.015451
4 0.128063 0.380141 0.009863 0.015905
4 0.119695 0.371961 0.009863 0.014997
4 0.137926 0.370143 0.010460 0.014997
4 0.129408 0.501477 0.008966 0.014997
4 0.120143 0.492843 0.008368 0.015905
4 0.138075 0.489661 0.008368 0.015905
4 0.245666 0.147694 0.008966 0.015905
4 0.237298 0.140877 0.008966 0.014088
1 0.210102 0.189048 0.004782 0.020450
4 0.122385 0.892070 0.009265 0.015451
4 0.121040 0.533288 0.008966 0.015905
1 0.679020 0.906385 0.004782 0.009543
5 0.131949 0.851965 0.009265 0.015678
4 0.139868 0.841513 0.008966 0.015678
4 0.120592 0.583617 0.009265 0.015678
4 0.128213 0.589752 0.008966 0.015678
4 0.236850 0.272552 0.009265 0.015678
4 0.244471 0.277778 0.008966 0.015678
4 0.212044 0.231425 0.009265 0.015678
4 0.225941 0.228925 0.008966 0.015678
4 0.120592 0.410702 0.009265 0.015678
4 0.128213 0.417064 0.008966 0.015678
5 0.488494 0.044422 0.009265 0.015678
3 0.501195 0.038514 0.008966 0.015678
4 0.211447 0.112588 0.009265 0.015678
4 0.217274 0.109634 0.008966 0.015678
3 0.192170 0.222790 0.005380 0.015678
3 0.192170 0.244376 0.005380 0.015678
3 0.194112 0.228698 0.009265 0.015678
4 0.236551 0.183708 0.009265 0.015678
4 0.246115 0.191888 0.009265 0.015678
4 0.255828 0.181436 0.008966 0.015678
4 0.210849 0.151670 0.009265 0.015678
3 0.224148 0.147807 0.008966 0.015678
4 0.237149 0.221881 0.009265 0.015678
4 0.245816 0.229152 0.009265 0.015678
4 0.254632 0.218928 0.008966 0.015678
4 0.129558 0.538400 0.009265 0.015678
4 0.137179 0.532265 0.008966 0.015678