10 0.789348 0.961801 0.008977 0.003183
10 0.730700 0.901774 0.008977 0.003183
10 0.729803 0.897453 0.005984 0.002729
10 0.922501 0.855844 0.005984 0.003183
10 0.833034 0.855161 0.008977 0.003638
10 0.175643 0.806048 0.007181 0.003638
10 0.216936 0.792860 0.008378 0.001819
10 0.900658 0.791951 0.007780 0.003638
10 0.186715 0.786721 0.007780 0.003183
10 0.169060 0.787176 0.017953 0.005002
10 0.628665 0.781946 0.007181 0.002729
10 0.418013 0.782401 0.016756 0.003638
10 0.883004 0.740109 0.015560 0.001819
10 0.901556 0.737267 0.007181 0.001592
10 0.710054 0.700091 0.005984 0.002729
9 0.800419 0.692701 0.010772 0.025693
9 0.701975 0.692474 0.012567 0.025239
10 0.809994 0.681901 0.005984 0.002729
10 0.711251 0.681901 0.009575 0.002729
9 0.697786 0.635630 0.005386 0.020691
7 0.259725 0.628809 0.012567 0.007049
7 0.172651 0.631992 0.011969 0.013415
8 0.419509 0.628126 0.012567 0.006594
8 0.345302 0.627899 0.012567 0.007049
6 0.747157 0.631082 0.009575 0.017963
6 0.663974 0.630628 0.009575 0.018872
6 0.190006 0.630855 0.009575 0.018417
6 0.570616 0.629491 0.009575 0.018417
6 0.475165 0.629945 0.008977 0.019327
10 0.172352 0.583902 0.013764 0.005002
7 0.288749 0.584470 0.011969 0.012960
9 0.647217 0.584584 0.008378 0.042747
9 0.404847 0.584470 0.009575 0.022965
7 0.862956 0.571737 0.012567 0.013870
6 0.898863 0.573101 0.008977 0.018417
6 0.789647 0.571510 0.004788 0.019782
9 0.144823 0.573556 0.005386 0.025693
7 0.287552 0.538313 0.011969 0.014325
7 0.862358 0.536721 0.012567 0.012960
6 0.898863 0.536266 0.008977 0.019327
9 0.346499 0.492724 0.007780 0.027285
9 0.267205 0.494998 0.008378 0.031833
7 0.173250 0.489654 0.011969 0.012506
7 0.859665 0.488745 0.011969 0.012506
6 0.191203 0.488972 0.009575 0.017508
6 0.747756 0.489427 0.009575 0.019327
6 0.475464 0.487153 0.009575 0.017508
6 0.403950 0.487381 0.010174 0.017963
6 0.240874 0.487835 0.009575 0.017963
6 0.665769 0.486698 0.005984 0.017508
6 0.322561 0.486926 0.010174 0.017963
10 0.624476 0.476808 0.005984 0.001819
6 0.746260 0.440769 0.008977 0.018417
7 0.172352 0.437131 0.012567 0.012960
8 0.594853 0.433492 0.012567 0.006594
8 0.503591 0.434175 0.011969 0.007958
8 0.260922 0.433492 0.012567 0.006594
8 0.420108 0.433265 0.012567 0.007049
8 0.342310 0.433265 0.012567 0.007049
6 0.665470 0.438040 0.006583 0.018417
6 0.190604 0.434629 0.009575 0.017963
10 0.832735 0.394043 0.005984 0.002729
8 0.595153 0.386198 0.011969 0.007503
8 0.500898 0.386198 0.010174 0.007503
7 0.172950 0.389382 0.012567 0.012960
8 0.418612 0.385971 0.010772 0.007049
8 0.342609 0.385744 0.011969 0.006594
8 0.258229 0.385744 0.013166 0.006594
10 0.875224 0.380400 0.011969 0.002729
6 0.748055 0.387108 0.008977 0.017508
6 0.667564 0.387108 0.009575 0.017508
6 0.192101 0.386880 0.010174 0.017963
9 0.939856 0.393702 0.004788 0.033424
10 0.843806 0.376535 0.006583 0.003183
10 0.631658 0.322874 0.011969 0.005002
8 0.890784 0.322760 0.011969 0.007049
8 0.815081 0.322760 0.011370 0.007049
8 0.729204 0.322760 0.010772 0.007049
8 0.455715 0.322760 0.009575 0.007049
7 0.263615 0.325716 0.011969 0.012960
7 0.172053 0.325489 0.011969 0.012506
8 0.365649 0.322078 0.012567 0.006594
6 0.283363 0.323442 0.009575 0.017508
9 0.527528 0.278195 0.009575 0.015234
10 0.529025 0.273306 0.008977 0.003183
7 0.488031 0.280127 0.008378 0.018190
10 0.061939 0.270350 0.005984 0.003638
9 0.381209 0.278877 0.004189 0.024784
10 0.485338 0.224193 0.006583 0.003183
10 0.311191 0.224193 0.007780 0.003183
10 0.874925 0.135971 0.006583 0.003183
8 0.247457 0.136539 0.011969 0.026603
8 0.665470 0.082879 0.006583 0.014779
10 0.732196 0.077990 0.009575 0.002729
9 0.682825 0.089245 0.004189 0.035698
9 0.557151 0.083333 0.008977 0.023874
9 0.461400 0.078899 0.012567 0.025011
9 0.529324 0.081969 0.009575 0.023874
9 0.382705 0.079013 0.005984 0.026148
9 0.135847 0.069463 0.006583 0.017053
9 0.283962 0.074238 0.010772 0.028422
7 0.207062 0.065825 0.010174 0.015234
12 0.921753 0.949181 0.008677 0.006139
11 0.866846 0.948499 0.009575 0.005684
12 0.830790 0.948613 0.009276 0.005912
11 0.767205 0.948272 0.008977 0.005230
11 0.729354 0.948045 0.008677 0.005684
11 0.668911 0.947249 0.008677 0.005002
17 0.364303 0.947249 0.009874 0.005912
17 0.470527 0.946908 0.010473 0.006139
17 0.262418 0.947021 0.010772 0.006367
17 0.148713 0.946908 0.010772 0.006139
17 0.571514 0.946680 0.011370 0.006594
12 0.922651 0.901774 0.008677 0.005912
11 0.868193 0.901432 0.009874 0.006139
11 0.832136 0.901432 0.009575 0.006139
11 0.767804 0.900296 0.008378 0.004775
12 0.731299 0.899727 0.008977 0.005457
11 0.668312 0.899727 0.009874 0.006367
17 0.570168 0.899159 0.011071 0.006139
17 0.364752 0.899500 0.011370 0.006821
17 0.470227 0.899386 0.011071 0.007503
17 0.261370 0.899045 0.011071 0.006821
11 0.147965 0.898931 0.011670 0.007503
12 0.922501 0.854025 0.009575 0.005912
11 0.868941 0.853911 0.008977 0.005684
12 0.833034 0.853229 0.009575 0.005684
11 0.766457 0.852774 0.009874 0.006139
11 0.732196 0.852547 0.009575 0.005684
11 0.668612 0.852319 0.009276 0.006139
17 0.261520 0.852319 0.010174 0.006139
17 0.570018 0.852206 0.010174 0.006821
17 0.471424 0.852092 0.011071 0.006594
17 0.365649 0.852092 0.011370 0.006594
17 0.149761 0.852319 0.010473 0.007049
12 0.909186 0.810709 0.009276 0.006594
12 0.866697 0.810482 0.009276 0.006139
11 0.767804 0.809800 0.010174 0.005684
11 0.669509 0.809573 0.008677 0.006139
12 0.364901 0.809573 0.009874 0.006139
12 0.326601 0.809573 0.008677 0.006139
11 0.260772 0.809573 0.008677 0.006139
12 0.224865 0.809573 0.009874 0.006139
12 0.205416 0.809459 0.009276 0.005912
12 0.569420 0.809231 0.009575 0.006367
12 0.535458 0.809118 0.008677 0.006139
11 0.469779 0.809345 0.008977 0.006594
12 0.923100 0.807867 0.009575 0.006367
12 0.890485 0.807754 0.008977 0.006139
11 0.832735 0.807412 0.009575 0.006367
12 0.731747 0.807071 0.009874 0.006594
13 0.187612 0.806844 0.009575 0.006139
12 0.593357 0.803661 0.009575 0.006139
18 0.591263 0.788313 0.007780 0.005457
12 0.608468 0.801387 0.008677 0.006139
12 0.407989 0.801614 0.009874 0.006594
13 0.147965 0.801614 0.009276 0.006594
18 0.105326 0.801046 0.005984 0.005457
12 0.433273 0.798886 0.008977 0.005684
12 0.634351 0.798658 0.008977 0.006139
18 0.388689 0.787517 0.006583 0.003865
12 0.389737 0.804457 0.009276 0.005912
18 0.172651 0.786721 0.007181 0.002274
13 0.175045 0.804343 0.008977 0.005684
12 0.907092 0.760459 0.009874 0.006139
12 0.868193 0.760687 0.008677 0.006594
11 0.767355 0.759663 0.009276 0.006367
11 0.669360 0.759777 0.009575 0.006594
11 0.147367 0.759095 0.009276 0.006139
17 0.262567 0.758754 0.011071 0.006821
12 0.923848 0.757049 0.009874 0.005684
12 0.889437 0.756821 0.009276 0.006139
12 0.833932 0.756821 0.009575 0.006139
12 0.732047 0.756594 0.009276 0.005684
11 0.469330 0.757617 0.011670 0.007731
11 0.222172 0.756594 0.009276 0.005684
17 0.365500 0.756594 0.011071 0.006594
17 0.568821 0.756253 0.010772 0.006821
12 0.767953 0.706571 0.010473 0.006594
12 0.667115 0.706571 0.009874 0.006594
11 0.631508 0.706457 0.010473 0.006367
11 0.569569 0.706116 0.009874 0.006594
12 0.469031 0.706116 0.009874 0.006594
12 0.430880 0.706116 0.008977 0.006594
11 0.362956 0.706116 0.009575 0.006594
12 0.259575 0.706230 0.009874 0.006821
12 0.221424 0.706116 0.010174 0.006594
11 0.148713 0.706344 0.009575 0.007049
13 0.681628 0.704070 0.003591 0.004320
12 0.793238 0.701796 0.009575 0.006139
12 0.693148 0.701342 0.009276 0.006139
12 0.495063 0.700887 0.009276 0.006139
12 0.285607 0.700773 0.009276 0.006821
12 0.907690 0.699523 0.009276 0.006139
11 0.866098 0.699409 0.009276 0.005912
12 0.809545 0.699068 0.009874 0.006139
12 0.708857 0.698727 0.008378 0.005457
12 0.303262 0.697931 0.007481 0.004775
12 0.922950 0.696567 0.009276 0.006594
12 0.889437 0.696453 0.009276 0.006367
12 0.833333 0.696567 0.009575 0.006594
12 0.730999 0.696339 0.009575 0.006139
12 0.537253 0.695657 0.009874 0.006594
12 0.328546 0.695657 0.009575 0.006594
12 0.315829 0.692246 0.005087 0.003411
17 0.834530 0.640405 0.010772 0.007049
11 0.510024 0.636994 0.009276 0.006594
11 0.787104 0.629718 0.008677 0.005684
11 0.701077 0.629718 0.008977 0.005684
12 0.146170 0.627331 0.009276 0.006367
11 0.606074 0.626535 0.009874 0.006594
17 0.831987 0.592542 0.010473 0.006821
12 0.830790 0.574466 0.009276 0.007049
12 0.606224 0.587199 0.008977 0.006139
17 0.614452 0.577649 0.006284 0.003865
12 0.624028 0.584925 0.009874 0.006139
11 0.570168 0.584925 0.008677 0.006139
12 0.071664 0.584357 0.003890 0.007276
12 0.531568 0.582310 0.009276 0.005912
12 0.508977 0.579923 0.010174 0.006139
11 0.433722 0.579923 0.008677 0.006139
12 0.062238 0.579241 0.005386 0.005684
17 0.645721 0.579809 0.006583 0.009095
11 0.406194 0.577422 0.007481 0.005684
12 0.366697 0.577535 0.008677 0.005912
11 0.786804 0.577422 0.008677 0.006594
12 0.349342 0.576057 0.009874 0.006594
12 0.270347 0.575830 0.009874 0.006139
18 0.749850 0.574579 0.010174 0.006367
17 0.751197 0.582310 0.010473 0.006367
12 0.478306 0.574693 0.009874 0.006594
12 0.667115 0.573329 0.011071 0.004775
11 0.245212 0.572647 0.009874 0.006139
12 0.208109 0.572419 0.009874 0.006594
12 0.191801 0.569691 0.008977 0.006594
11 0.323908 0.568781 0.009276 0.006594
11 0.147965 0.565257 0.008079 0.005912
12 0.071364 0.542406 0.004488 0.009322
12 0.830341 0.540018 0.008378 0.005457
12 0.571514 0.537517 0.010174 0.006821
12 0.605925 0.535357 0.009575 0.006139
12 0.529473 0.535357 0.008677 0.006139
11 0.432525 0.532742 0.009874 0.006367
12 0.624177 0.532515 0.008977 0.006821
12 0.509725 0.532515 0.009874 0.006821
11 0.405296 0.530355 0.008677 0.007049
12 0.366697 0.529900 0.008677 0.006139
17 0.749252 0.538427 0.011370 0.005002
11 0.749252 0.528422 0.011370 0.005002
17 0.749252 0.533424 0.011370 0.005002
11 0.666517 0.528990 0.011071 0.006139
12 0.666517 0.535130 0.011071 0.006139
12 0.667115 0.578104 0.011071 0.004775
17 0.667115 0.582879 0.011071 0.004775
12 0.348444 0.527967 0.009276 0.006821
12 0.268253 0.527740 0.009276 0.006367
11 0.477409 0.527285 0.009874 0.006367
12 0.209007 0.525352 0.009276 0.006139
11 0.244614 0.525011 0.008677 0.006367
12 0.191801 0.522851 0.008977 0.006594
11 0.324357 0.521714 0.008977 0.006139
11 0.146918 0.517849 0.009575 0.006594
11 0.508378 0.501023 0.008378 0.004775
17 0.509425 0.493975 0.006882 0.004320
12 0.624177 0.500796 0.008977 0.005230
12 0.624626 0.494202 0.007481 0.004775
12 0.095601 0.498749 0.005087 0.003865
11 0.785458 0.497385 0.009575 0.005684
12 0.146768 0.496135 0.008079 0.004093
12 0.146320 0.489654 0.008378 0.005684
11 0.103381 0.496589 0.006284 0.008640
11 0.701526 0.494884 0.009276 0.006139
12 0.708857 0.475443 0.007181 0.006367
12 0.603680 0.494657 0.008677 0.005684
12 0.603680 0.500341 0.008677 0.005684
13 0.830042 0.494657 0.010174 0.006594
11 0.431927 0.494316 0.008677 0.005912
11 0.431927 0.500227 0.008677 0.005912
11 0.269001 0.489541 0.009575 0.005457
11 0.269001 0.494998 0.009575 0.005457
11 0.347546 0.489200 0.008677 0.005684
11 0.347546 0.494884 0.008677 0.005684
11 0.785607 0.455548 0.009874 0.006594
11 0.702124 0.452592 0.009276 0.006139
11 0.830640 0.452365 0.008977 0.006594
12 0.920856 0.449864 0.009874 0.006139
11 0.147217 0.440086 0.009575 0.006594
17 0.085428 0.404843 0.005087 0.005230
11 0.701227 0.400296 0.009874 0.006139
12 0.920856 0.399841 0.009874 0.006139
12 0.898863 0.400068 0.010174 0.006594
11 0.785458 0.400182 0.009575 0.006821
13 0.878815 0.397681 0.009575 0.005912
13 0.862059 0.394839 0.009575 0.006139
12 0.831987 0.392224 0.009276 0.005457
11 0.147367 0.392337 0.009276 0.005684
12 0.071813 0.382333 0.004189 0.005684
11 0.146768 0.328672 0.009276 0.005684
12 0.152603 0.309686 0.004189 0.003638
12 0.245811 0.320941 0.008677 0.005684
18 0.918462 0.292292 0.005087 0.003865
13 0.457959 0.280241 0.008079 0.005230
11 0.246709 0.280241 0.009276 0.005230
17 0.612956 0.277967 0.010473 0.007049
13 0.149611 0.277058 0.010772 0.007958
17 0.528426 0.275352 0.007780 0.005457
12 0.487133 0.275466 0.008977 0.005684
11 0.353082 0.275239 0.008977 0.006139
12 0.309246 0.275125 0.008677 0.005912
12 0.283214 0.274898 0.008079 0.005457
17 0.874177 0.275011 0.011071 0.006594
18 0.815230 0.275011 0.010473 0.007503
17 0.555057 0.272738 0.010174 0.006594
11 0.429084 0.272624 0.009575 0.006367
11 0.384800 0.272624 0.008977 0.006367
17 0.703022 0.272283 0.011071 0.008413
13 0.072561 0.261596 0.004488 0.003411
12 0.458857 0.232037 0.008677 0.006139
12 0.612059 0.229309 0.011071 0.007049
11 0.529473 0.226808 0.008079 0.006594
12 0.485488 0.226694 0.008079 0.006367
11 0.352035 0.226580 0.009276 0.006139
12 0.311341 0.226467 0.009276 0.005912
12 0.282914 0.226239 0.008677 0.005457
17 0.872681 0.226580 0.010473 0.007049
12 0.816427 0.226580 0.010473 0.007049
17 0.703770 0.224761 0.010772 0.007049
11 0.555206 0.224534 0.008677 0.006594
11 0.429683 0.224079 0.009575 0.006594
11 0.384500 0.224079 0.008378 0.006594
17 0.151257 0.221237 0.009874 0.006367
11 0.246110 0.218849 0.009276 0.006139
17 0.149312 0.199295 0.009575 0.007049
11 0.486984 0.191451 0.009874 0.005912
11 0.247606 0.191223 0.009874 0.006367
12 0.431777 0.190996 0.010174 0.006821
12 0.309096 0.190882 0.009575 0.006594
11 0.530072 0.190996 0.011071 0.007276
17 0.352633 0.190769 0.010473 0.007276
11 0.612657 0.183834 0.009874 0.005230
12 0.758677 0.183151 0.008677 0.005684
12 0.729952 0.180878 0.009874 0.006594
12 0.663375 0.180878 0.009575 0.006594
12 0.815978 0.180650 0.010772 0.007049
11 0.704219 0.178604 0.008677 0.005684
17 0.873878 0.177353 0.010473 0.005912
17 0.873878 0.183265 0.010473 0.005912
11 0.907092 0.137563 0.009874 0.006367
11 0.874028 0.134266 0.008977 0.005230
12 0.486385 0.133583 0.006882 0.004320
13 0.429533 0.133697 0.008677 0.005002
11 0.385099 0.134038 0.008977 0.005684
11 0.816427 0.134266 0.010473 0.007049
17 0.704817 0.134266 0.011071 0.007049
17 0.613854 0.134266 0.011071 0.007049
17 0.529174 0.134038 0.010473 0.006594
11 0.351735 0.130855 0.009874 0.006594
12 0.309545 0.130741 0.008079 0.006367
11 0.248504 0.129150 0.008079 0.004548
11 0.248504 0.133697 0.008079 0.004548
12 0.286355 0.128809 0.007181 0.004320
11 0.191053 0.128809 0.009276 0.004320
12 0.088420 0.128695 0.008677 0.006821
18 0.086924 0.146089 0.006882 0.006139
11 0.148713 0.130855 0.009575 0.006139
12 0.148713 0.124716 0.009575 0.006139
12 0.099791 0.119486 0.006284 0.004775
11 0.747756 0.095612 0.013764 0.004320
11 0.759276 0.078104 0.007481 0.006594
11 0.702723 0.082879 0.009276 0.007049
12 0.731448 0.080605 0.009276 0.006139
12 0.663226 0.080150 0.009276 0.006139
12 0.090215 0.078899 0.007481 0.004548
13 0.643776 0.077649 0.008677 0.006594
11 0.558797 0.077422 0.006284 0.006139
12 0.489078 0.074920 0.006882 0.003865
11 0.530072 0.075034 0.008079 0.005002
17 0.875075 0.075603 0.009276 0.007049
12 0.817923 0.075489 0.011071 0.007731
12 0.612208 0.072306 0.008378 0.006821
12 0.461999 0.071510 0.008378 0.007049
12 0.386445 0.071396 0.007481 0.006821
11 0.354428 0.068554 0.009276 0.005684
12 0.311341 0.068554 0.009276 0.005684
11 0.151257 0.068668 0.009874 0.005912
13 0.137044 0.064802 0.008378 0.004548
11 0.429982 0.065484 0.008977 0.006821
12 0.285458 0.065825 0.008977 0.007503
13 0.208408 0.065371 0.008079 0.006594
11 0.245811 0.060368 0.008677 0.006594
0 0.097098 0.795930 0.024835 0.023420
0 0.690455 0.077649 0.007481 0.008413
3 0.735338 0.536266 0.011071 0.020691
3 0.860413 0.182697 0.007481 0.019327
4 0.894225 0.138358 0.009276 0.015234
4 0.472920 0.274784 0.010473 0.016144
3 0.746110 0.183151 0.007481 0.019327
0 0.091712 0.179513 0.014063 0.023874
5 0.117744 0.225443 0.008677 0.014779
3 0.598893 0.181560 0.011071 0.022510
3 0.773339 0.456230 0.006882 0.018872
4 0.515410 0.276148 0.010473 0.017053
4 0.340963 0.274557 0.009874 0.015689
4 0.515111 0.226126 0.011071 0.014325
3 0.139288 0.221805 0.007481 0.017508
2 0.092011 0.324352 0.019449 0.018872
3 0.820916 0.694065 0.006284 0.016144
5 0.117145 0.583561 0.008677 0.015234
4 0.298773 0.275011 0.010473 0.016598
5 0.115949 0.534902 0.008677 0.014325
3 0.163226 0.803661 0.007481 0.016144
3 0.525284 0.695430 0.007481 0.015234
2 0.093208 0.937131 0.017056 0.019327
3 0.559994 0.584925 0.007481 0.021601
3 0.559396 0.538313 0.007481 0.020236
4 0.772442 0.497613 0.009874 0.017053
2 0.095302 0.890291 0.024835 0.020236
3 0.720078 0.694065 0.006882 0.017053
4 0.482496 0.701569 0.009276 0.014779
4 0.378366 0.802751 0.009276 0.013415
4 0.581538 0.803661 0.009874 0.016144
3 0.623429 0.799795 0.007481 0.018417
4 0.274835 0.701569 0.009276 0.016598
5 0.116547 0.489654 0.008677 0.014779
4 0.298175 0.226126 0.010473 0.016144
2 0.092011 0.842997 0.020646 0.020236
4 0.782615 0.700887 0.008677 0.014325
0 0.093208 0.273192 0.023040 0.032060
5 0.115949 0.434629 0.008677 0.015689
5 0.117744 0.846407 0.008677 0.015234
5 0.117445 0.941223 0.008079 0.014779
3 0.500150 0.635402 0.008677 0.017963
5 0.117445 0.740450 0.008079 0.015234
5 0.119240 0.796157 0.008079 0.014779
5 0.117145 0.894839 0.008677 0.014779
3 0.421454 0.799113 0.008079 0.020691
5 0.090814 0.489427 0.013465 0.024329
4 0.774536 0.576739 0.009276 0.016144
5 0.117594 0.178490 0.008977 0.013188
4 0.101137 0.069463 0.008378 0.016144
4 0.085727 0.437585 0.008677 0.016144
4 0.097546 0.432810 0.008378 0.016144
4 0.094105 0.749773 0.008677 0.013415
5 0.101137 0.749773 0.008378 0.013415
4 0.088121 0.746135 0.008677 0.016144
4 0.099342 0.740450 0.008378 0.016144
4 0.088121 0.696339 0.008677 0.016144
4 0.099342 0.691337 0.008378 0.016144
3 0.093507 0.591519 0.008677 0.013415
5 0.098743 0.591519 0.008378 0.013415
4 0.086326 0.586744 0.008677 0.016144
5 0.098743 0.581742 0.008378 0.016144
4 0.085428 0.390746 0.008677 0.016144
4 0.095153 0.386198 0.008378 0.016144
4 0.917864 0.279332 0.008677 0.016144
5 0.926990 0.279559 0.008378 0.016144
4 0.087223 0.230218 0.008677 0.016144
4 0.094105 0.226353 0.008677 0.016144
5 0.101137 0.226126 0.008378 0.016144
4 0.088121 0.538540 0.008677 0.016144
4 0.099940 0.535130 0.008378 0.016144
4 0.920257 0.230218 0.008677 0.016144
5 0.929384 0.230218 0.008378 0.016144