8 0.148713 0.901774 0.009575 0.018645
7 0.881209 0.900523 0.010772 0.008413
8 0.850090 0.900750 0.011969 0.008868
7 0.781568 0.901660 0.011370 0.009777
8 0.471275 0.900750 0.011969 0.007958
7 0.425194 0.901887 0.011969 0.010232
7 0.755536 0.900750 0.011969 0.008868
8 0.295931 0.901887 0.011969 0.011141
7 0.243567 0.903024 0.011370 0.013415
6 0.315081 0.902115 0.010772 0.017963
6 0.179234 0.901887 0.009575 0.017508
10 0.676541 0.868349 0.005984 0.001819
7 0.782466 0.848909 0.011969 0.007958
8 0.755236 0.848909 0.011370 0.007958
8 0.882705 0.848226 0.011370 0.008413
8 0.850688 0.848681 0.010772 0.009322
10 0.463196 0.838563 0.014961 0.005002
7 0.431628 0.842656 0.009276 0.015007
10 0.456314 0.813779 0.008378 0.003638
9 0.406942 0.811619 0.008977 0.012506
9 0.242669 0.801273 0.009575 0.021373
9 0.177738 0.805366 0.008977 0.030468
10 0.178336 0.798772 0.006583 0.002729
10 0.674746 0.793770 0.005984 0.002729
10 0.218133 0.788313 0.010772 0.001819
10 0.330640 0.785357 0.009575 0.005002
10 0.339617 0.784220 0.005984 0.003638
10 0.447935 0.755798 0.005984 0.003183
10 0.448534 0.751933 0.008378 0.002729
10 0.329443 0.743633 0.008378 0.002046
7 0.204069 0.746589 0.012567 0.013415
6 0.225913 0.745680 0.009575 0.017963
10 0.656194 0.737494 0.005984 0.001592
10 0.231299 0.708731 0.005984 0.002729
10 0.861460 0.690086 0.005984 0.001819
10 0.814183 0.684629 0.008378 0.001819
10 0.259126 0.632106 0.006583 0.003183
7 0.652304 0.627672 0.011370 0.012960
7 0.561640 0.626080 0.011969 0.009777
7 0.497307 0.626535 0.011370 0.010687
7 0.915619 0.626762 0.011370 0.013870
7 0.880311 0.625171 0.011370 0.010687
7 0.781269 0.626990 0.011969 0.013415
7 0.386894 0.625853 0.011969 0.011141
6 0.594255 0.625171 0.010174 0.017963
6 0.211849 0.625398 0.010174 0.017508
6 0.441652 0.625171 0.010174 0.017963
6 0.811490 0.624488 0.010174 0.017508
6 0.292041 0.624943 0.010174 0.018417
10 0.671454 0.590723 0.008977 0.004093
10 0.780969 0.569804 0.006583 0.003183
7 0.821364 0.564461 0.013166 0.020236
10 0.784560 0.530241 0.010174 0.002274
10 0.897068 0.527285 0.007780 0.003638
10 0.880012 0.524784 0.007181 0.003183
9 0.665470 0.527967 0.004189 0.024557
9 0.650808 0.522624 0.009575 0.014779
10 0.652005 0.517508 0.005984 0.002274
10 0.732196 0.512506 0.005984 0.003183
10 0.192400 0.512278 0.011969 0.002729
10 0.270796 0.507276 0.005984 0.001819
9 0.392879 0.521260 0.005984 0.031151
10 0.886296 0.505457 0.006583 0.001819
10 0.758827 0.474307 0.007780 0.003183
10 0.616996 0.469986 0.007780 0.002729
6 0.178636 0.468736 0.010772 0.017963
10 0.310293 0.455889 0.008378 0.004548
10 0.300120 0.427467 0.007181 0.002274
10 0.832735 0.413824 0.010772 0.005002
10 0.731897 0.412688 0.006583 0.002729
10 0.649910 0.408140 0.007780 0.002729
10 0.316577 0.408140 0.007780 0.002729
10 0.836625 0.348795 0.011370 0.005002
10 0.677139 0.348568 0.011969 0.004548
10 0.514063 0.348795 0.011370 0.005002
8 0.352783 0.348454 0.011969 0.007503
10 0.584680 0.297635 0.006583 0.002729
7 0.714841 0.300250 0.011969 0.012960
7 0.664572 0.300250 0.011969 0.012960
10 0.352783 0.296498 0.011969 0.005002
6 0.682825 0.298431 0.010174 0.018417
9 0.644823 0.261255 0.008378 0.029104
10 0.716637 0.258072 0.005984 0.003638
9 0.738480 0.254206 0.008977 0.021373
9 0.774985 0.254434 0.008977 0.027285
9 0.715141 0.256594 0.007780 0.021146
9 0.860263 0.254889 0.009575 0.029104
9 0.697187 0.256367 0.011370 0.032060
10 0.894375 0.252842 0.009575 0.005002
9 0.820766 0.256253 0.009575 0.032742
10 0.351287 0.252842 0.010174 0.005002
10 0.320766 0.252160 0.008977 0.003638
9 0.303112 0.252501 0.008378 0.027058
9 0.400658 0.252729 0.009575 0.028422
10 0.807301 0.248295 0.006583 0.002274
9 0.384201 0.251819 0.008977 0.030241
10 0.878217 0.248067 0.007181 0.002729
9 0.838420 0.252387 0.008977 0.032287
9 0.789946 0.257503 0.010174 0.023874
10 0.303710 0.247613 0.005984 0.001819
10 0.392280 0.234425 0.007181 0.001819
10 0.729204 0.201455 0.005984 0.003183
8 0.537403 0.192701 0.011370 0.007958
6 0.554458 0.193838 0.009575 0.016598
6 0.877319 0.192929 0.010174 0.019327
8 0.680132 0.140405 0.011969 0.007958
8 0.837522 0.139268 0.011969 0.006594
10 0.513465 0.139154 0.011370 0.005002
8 0.354578 0.138131 0.011969 0.007049
10 0.589168 0.055480 0.005984 0.005002
8 0.415919 0.048545 0.007780 0.017053
8 0.536804 0.049682 0.010174 0.017508
7 0.564632 0.049682 0.008378 0.017508
8 0.579892 0.049909 0.012567 0.017963
12 0.446290 0.916439 0.009874 0.006139
17 0.552364 0.909618 0.010174 0.006139
11 0.733393 0.909050 0.009575 0.005912
12 0.691652 0.909277 0.009874 0.006367
12 0.675494 0.909163 0.009874 0.006139
18 0.132256 0.908367 0.007181 0.004548
11 0.906194 0.908709 0.009276 0.006139
11 0.831239 0.908709 0.009575 0.006139
11 0.803561 0.908481 0.009874 0.006594
18 0.528127 0.906207 0.013166 0.005230
18 0.528127 0.900978 0.013166 0.005230
13 0.149461 0.901091 0.008677 0.007276
12 0.409485 0.898818 0.009276 0.006367
13 0.274835 0.898022 0.009276 0.006594
18 0.123279 0.896544 0.007181 0.004548
18 0.123279 0.901091 0.007181 0.004548
12 0.390036 0.895521 0.005685 0.005230
12 0.225613 0.895748 0.007780 0.005684
14 0.076900 0.891314 0.005984 0.012278
12 0.470527 0.864598 0.009276 0.006139
12 0.446290 0.864711 0.009874 0.006367
12 0.275583 0.864598 0.008977 0.006139
11 0.226212 0.861642 0.008977 0.005684
11 0.178785 0.861528 0.009874 0.006367
12 0.905595 0.856412 0.009276 0.006139
11 0.831538 0.856412 0.009575 0.006139
11 0.803860 0.856412 0.010473 0.006139
11 0.732795 0.856639 0.009575 0.006594
12 0.691502 0.856639 0.009575 0.006594
12 0.551915 0.856639 0.009276 0.006594
18 0.526032 0.850159 0.008977 0.004548
18 0.526032 0.854707 0.008977 0.004548
12 0.532316 0.848795 0.004189 0.004093
18 0.149461 0.853797 0.008677 0.005457
12 0.149461 0.848340 0.008677 0.005457
13 0.425045 0.846407 0.009276 0.006139
12 0.408588 0.846407 0.009874 0.006139
12 0.313734 0.846407 0.009276 0.006139
12 0.295183 0.846407 0.009276 0.006139
12 0.336774 0.846180 0.009874 0.006594
14 0.387343 0.844816 0.010473 0.007503
13 0.674596 0.839131 0.009276 0.006139
13 0.645572 0.839018 0.009276 0.005912
12 0.628965 0.839131 0.009575 0.006139
12 0.599791 0.838904 0.009276 0.005684
12 0.584680 0.839131 0.008977 0.006139
12 0.568971 0.838677 0.009874 0.006139
12 0.275583 0.809118 0.008977 0.006139
12 0.275284 0.800932 0.007780 0.005230
12 0.294734 0.808777 0.009575 0.006367
12 0.294285 0.801160 0.007481 0.005684
12 0.851885 0.806162 0.009575 0.005684
12 0.108169 0.804343 0.003890 0.005684
12 0.906344 0.803320 0.009575 0.005457
12 0.906344 0.808777 0.009575 0.005457
12 0.883752 0.803320 0.009874 0.005457
12 0.883752 0.808777 0.009874 0.005457
11 0.804458 0.803661 0.009276 0.006139
14 0.337971 0.803661 0.009276 0.006139
12 0.314034 0.801501 0.008677 0.005912
11 0.756583 0.801387 0.009276 0.006139
12 0.408588 0.801160 0.009874 0.005684
12 0.226361 0.806844 0.009276 0.005684
12 0.226361 0.801160 0.009276 0.005684
12 0.203920 0.800932 0.008677 0.005230
12 0.203920 0.806162 0.008677 0.005230
12 0.179533 0.801046 0.009575 0.005457
12 0.179533 0.806503 0.009575 0.005457
12 0.327199 0.800591 0.007481 0.005457
18 0.327199 0.806048 0.007481 0.005457
12 0.244016 0.800591 0.008677 0.005457
12 0.244016 0.806048 0.008677 0.005457
12 0.733543 0.798658 0.009874 0.006139
12 0.690904 0.798886 0.009575 0.006594
12 0.470676 0.798658 0.009575 0.006139
14 0.352035 0.798431 0.009276 0.005684
12 0.425344 0.798431 0.009874 0.006594
12 0.674596 0.796385 0.008079 0.005230
18 0.527977 0.796271 0.012867 0.005002
18 0.527977 0.801273 0.012867 0.005002
12 0.133303 0.795703 0.005087 0.003865
13 0.629414 0.796157 0.008677 0.005684
13 0.551915 0.796157 0.009276 0.005684
12 0.447487 0.795930 0.009874 0.006139
12 0.646170 0.794111 0.009874 0.006139
13 0.600987 0.793770 0.009276 0.006367
14 0.494913 0.793429 0.010174 0.006594
14 0.387193 0.791269 0.012567 0.006821
14 0.916816 0.765462 0.008977 0.006139
12 0.850539 0.765121 0.009276 0.007276
12 0.882705 0.764325 0.008977 0.006594
14 0.906344 0.762733 0.009575 0.006139
11 0.804758 0.762960 0.008677 0.006594
14 0.337971 0.762506 0.009874 0.006594
11 0.756583 0.760232 0.009276 0.006594
12 0.408887 0.759436 0.009276 0.005912
12 0.314782 0.759550 0.008977 0.006139
11 0.275434 0.759550 0.009276 0.006139
12 0.732645 0.757503 0.009276 0.005684
12 0.692849 0.757276 0.009276 0.006139
14 0.470826 0.756821 0.009874 0.006139
12 0.424746 0.756708 0.009874 0.005912
14 0.387941 0.754889 0.005685 0.003183
12 0.385548 0.748408 0.004488 0.003865
14 0.387044 0.739995 0.012268 0.007958
14 0.352035 0.756594 0.009276 0.006594
12 0.675344 0.754775 0.008977 0.005684
12 0.629264 0.754661 0.009575 0.005457
11 0.551167 0.754548 0.008977 0.005230
12 0.447487 0.754206 0.008677 0.005457
12 0.646768 0.752274 0.009874 0.006139
11 0.600688 0.752160 0.009874 0.005912
13 0.178037 0.752046 0.009575 0.005684
14 0.495212 0.751819 0.009575 0.006139
18 0.529324 0.749318 0.013166 0.005230
18 0.529324 0.744088 0.013166 0.005230
18 0.149461 0.744316 0.008677 0.005230
18 0.149461 0.739086 0.008677 0.005230
14 0.916667 0.712028 0.008677 0.006594
14 0.905745 0.709527 0.009575 0.006139
14 0.894823 0.707253 0.009276 0.006139
14 0.851436 0.707253 0.009874 0.006139
14 0.883453 0.704297 0.009276 0.005684
13 0.804309 0.704525 0.009575 0.006139
14 0.755236 0.702251 0.008977 0.005230
12 0.832585 0.702024 0.009276 0.005684
11 0.313884 0.702024 0.009575 0.005684
13 0.864303 0.701569 0.009276 0.005684
11 0.408288 0.701796 0.009276 0.006139
13 0.817624 0.699295 0.009276 0.005684
12 0.783662 0.699409 0.009575 0.005912
14 0.691053 0.699750 0.009874 0.006594
14 0.644524 0.696908 0.007181 0.004548
14 0.599641 0.697249 0.007780 0.005230
13 0.768552 0.696794 0.009276 0.005230
12 0.734141 0.696794 0.009874 0.006139
11 0.446290 0.696339 0.009874 0.005230
14 0.704219 0.694520 0.009874 0.006139
12 0.674895 0.694520 0.009874 0.006139
12 0.629414 0.694634 0.009874 0.006367
13 0.551466 0.694520 0.010174 0.006139
12 0.179384 0.694520 0.009874 0.006139
13 0.294285 0.694293 0.009874 0.006594
18 0.526182 0.692588 0.008677 0.005912
18 0.531269 0.692588 0.008677 0.005912
14 0.613405 0.692246 0.008977 0.005684
12 0.203022 0.692360 0.009276 0.005912
14 0.658288 0.692246 0.009575 0.006139
14 0.242220 0.692019 0.008677 0.005684
12 0.275583 0.689291 0.008977 0.006594
12 0.224865 0.689291 0.009874 0.006594
14 0.388540 0.687131 0.007481 0.005912
14 0.388540 0.693042 0.007481 0.005912
14 0.259276 0.686789 0.008079 0.006139
18 0.707062 0.643020 0.013166 0.002274
11 0.759874 0.632674 0.009874 0.006139
12 0.692549 0.630400 0.010473 0.006139
12 0.478306 0.630400 0.009276 0.006139
11 0.259126 0.630173 0.008977 0.005684
12 0.367295 0.627444 0.009874 0.006594
12 0.149013 0.626421 0.008378 0.004548
18 0.149013 0.630969 0.008378 0.004548
11 0.864303 0.626876 0.009276 0.006367
11 0.177139 0.625625 0.009575 0.005684
12 0.722621 0.622669 0.009575 0.006139
12 0.540245 0.622669 0.008677 0.006139
12 0.670557 0.620282 0.009575 0.005912
11 0.405296 0.620168 0.008677 0.005684
12 0.898414 0.619372 0.009276 0.005912
18 0.478306 0.596521 0.009276 0.005684
17 0.261520 0.596066 0.010174 0.006594
11 0.366248 0.593338 0.008977 0.007503
11 0.864004 0.592656 0.008677 0.007049
11 0.182226 0.590155 0.004189 0.004775
11 0.898564 0.584698 0.009575 0.005684
17 0.405895 0.585380 0.010473 0.007049
13 0.812238 0.582424 0.009276 0.005684
12 0.759126 0.579809 0.010174 0.005912
12 0.693447 0.577649 0.009874 0.006139
12 0.833782 0.574238 0.009276 0.005684
12 0.149761 0.572533 0.008079 0.005002
18 0.149761 0.577535 0.008079 0.005002
12 0.781718 0.571737 0.009276 0.005230
18 0.140634 0.569804 0.006583 0.003183
12 0.619838 0.569918 0.009874 0.006139
11 0.541143 0.569918 0.009276 0.006139
12 0.722771 0.569691 0.009874 0.006594
12 0.669509 0.567417 0.008677 0.005684
12 0.651556 0.567417 0.008677 0.005684
12 0.461849 0.533538 0.009874 0.006139
12 0.461849 0.525580 0.008677 0.005684
12 0.443148 0.533652 0.009575 0.006367
12 0.442998 0.525580 0.008079 0.005684
12 0.404997 0.533538 0.009874 0.006139
12 0.404698 0.525580 0.008079 0.005684
12 0.420407 0.533311 0.009575 0.006594
12 0.420557 0.525352 0.008677 0.006139
12 0.387044 0.533311 0.009874 0.006594
12 0.387792 0.520350 0.008977 0.006139
12 0.366248 0.533311 0.009575 0.006594
12 0.366397 0.520350 0.009276 0.006139
12 0.293986 0.530582 0.010473 0.006594
12 0.293537 0.517735 0.009575 0.006367
12 0.319120 0.528422 0.009276 0.005912
12 0.319719 0.517735 0.009276 0.006367
12 0.498504 0.525580 0.008977 0.005684
12 0.498504 0.531264 0.008977 0.005684
13 0.479204 0.525466 0.009874 0.005457
13 0.479204 0.530923 0.009874 0.005457
12 0.275883 0.525580 0.008977 0.005684
12 0.275883 0.531264 0.008977 0.005684
11 0.258977 0.525466 0.008677 0.005457
11 0.258977 0.530923 0.008677 0.005457
13 0.267504 0.506139 0.005386 0.003183
12 0.231448 0.525580 0.008677 0.005684
12 0.231448 0.531264 0.008677 0.005684
12 0.211999 0.525580 0.009276 0.005684
12 0.211999 0.531264 0.009276 0.005684
12 0.195691 0.525466 0.008977 0.005457
12 0.195691 0.530923 0.008977 0.005457
12 0.178636 0.525466 0.008378 0.005457
12 0.178636 0.530923 0.008378 0.005457
12 0.692400 0.525125 0.007780 0.005684
12 0.692849 0.517167 0.009874 0.006139
12 0.914423 0.524216 0.008977 0.005684
12 0.914423 0.529900 0.008977 0.005684
12 0.898414 0.524216 0.009276 0.005684
12 0.898414 0.529900 0.009276 0.005684
12 0.881059 0.521487 0.009874 0.005684
12 0.881059 0.527171 0.009874 0.005684
12 0.863854 0.521487 0.010772 0.005684
12 0.863854 0.527171 0.010772 0.005684
11 0.812687 0.521714 0.009575 0.006139
18 0.133154 0.525693 0.008378 0.005002
12 0.133154 0.520691 0.008378 0.005002
12 0.670108 0.519895 0.008677 0.005230
12 0.670108 0.525125 0.008677 0.005230
12 0.651556 0.519782 0.008677 0.005002
12 0.651556 0.524784 0.008677 0.005002
18 0.610263 0.522738 0.008677 0.005912
12 0.617744 0.520236 0.008677 0.005912
12 0.758977 0.519668 0.009276 0.005684
13 0.781718 0.519441 0.009276 0.006139
12 0.595601 0.517281 0.009276 0.005457
12 0.595601 0.522738 0.009276 0.005457
12 0.561939 0.517281 0.009575 0.005457
12 0.561939 0.522738 0.009575 0.005457
12 0.539647 0.517281 0.008677 0.005457
12 0.539647 0.522738 0.008677 0.005457
12 0.723369 0.516940 0.007481 0.005684
14 0.796679 0.516371 0.009276 0.006367
14 0.732944 0.514325 0.007481 0.005912
12 0.212747 0.480332 0.009575 0.006139
11 0.812238 0.477149 0.009276 0.005230
14 0.241023 0.477376 0.008677 0.005684
11 0.863256 0.476921 0.009575 0.005684
12 0.781418 0.474648 0.009874 0.005684
11 0.259874 0.474875 0.009276 0.006139
11 0.897965 0.474420 0.009575 0.006139
13 0.318522 0.472601 0.009276 0.005230
14 0.561191 0.472715 0.008079 0.005912
12 0.758977 0.472260 0.009276 0.005457
12 0.722472 0.472374 0.009276 0.005684
12 0.617295 0.472374 0.007780 0.005684
11 0.651556 0.469873 0.009874 0.006139
12 0.595751 0.469873 0.009575 0.006139
12 0.538899 0.469873 0.009575 0.006139
18 0.497756 0.470100 0.009874 0.006594
17 0.460952 0.469873 0.009276 0.006139
17 0.420257 0.469873 0.009276 0.006139
11 0.387044 0.469873 0.009874 0.006139
11 0.366098 0.469873 0.009874 0.006139
12 0.291741 0.469873 0.009575 0.006139
12 0.149461 0.467826 0.006284 0.003865
14 0.576302 0.467599 0.010174 0.006139
18 0.786355 0.428945 0.005386 0.003411
11 0.838270 0.428718 0.006284 0.003865
13 0.846499 0.412119 0.009575 0.006139
18 0.724267 0.427353 0.005087 0.002956
11 0.264213 0.425648 0.011969 0.005002
11 0.275434 0.407799 0.009276 0.006594
12 0.258378 0.410528 0.009874 0.005684
12 0.795482 0.417121 0.009276 0.006139
13 0.732047 0.415189 0.008079 0.005002
18 0.148863 0.415075 0.007481 0.004775
12 0.149162 0.409391 0.006882 0.003411
12 0.912777 0.414393 0.007481 0.005230
18 0.133303 0.412801 0.007481 0.003865
14 0.496559 0.413029 0.009874 0.006139
12 0.669210 0.412574 0.009276 0.006139
12 0.618342 0.412574 0.009874 0.006139
13 0.442998 0.412688 0.009276 0.006367
11 0.863106 0.411778 0.009276 0.006367
12 0.460503 0.410528 0.009575 0.005684
13 0.420257 0.410528 0.009276 0.005684
14 0.316727 0.410528 0.008079 0.005684
12 0.650808 0.410186 0.008378 0.005912
11 0.539647 0.410300 0.009874 0.006139
12 0.812687 0.409618 0.008977 0.005684
12 0.477708 0.407913 0.009276 0.005912
12 0.229952 0.408026 0.009276 0.006139
14 0.632555 0.407572 0.009575 0.006139
14 0.511969 0.407685 0.008977 0.006367
11 0.366397 0.407685 0.009276 0.006367
12 0.759276 0.407344 0.009874 0.006594
18 0.124327 0.410414 0.007481 0.004548
18 0.124327 0.405866 0.007481 0.004548
14 0.332735 0.405298 0.008977 0.005230
12 0.292490 0.405184 0.008677 0.005912
11 0.179084 0.405298 0.009276 0.006139
12 0.693297 0.404843 0.009575 0.006139
18 0.277080 0.350728 0.012567 0.008868
18 0.259276 0.348681 0.008079 0.005684
12 0.517205 0.321510 0.009276 0.005912
12 0.841861 0.321169 0.009276 0.006139
14 0.571065 0.318895 0.008079 0.006139
12 0.536655 0.318440 0.008677 0.006139
13 0.495961 0.318440 0.008677 0.006139
14 0.894823 0.318440 0.009276 0.007049
12 0.823309 0.318213 0.009874 0.006594
12 0.862208 0.317531 0.008677 0.006139
18 0.773938 0.315939 0.009276 0.005684
11 0.615051 0.316053 0.008677 0.005912
12 0.878516 0.315484 0.008977 0.005684
12 0.555506 0.315712 0.009276 0.006139
11 0.466038 0.315712 0.009874 0.006139
14 0.586026 0.313324 0.009276 0.005912
14 0.908288 0.313097 0.009276 0.006367
11 0.731598 0.305480 0.009575 0.006594
18 0.276332 0.301955 0.013465 0.005002
18 0.276332 0.296953 0.013465 0.005002
12 0.259276 0.297067 0.008079 0.005230
12 0.259276 0.302296 0.008079 0.005230
12 0.773040 0.262165 0.007481 0.005002
12 0.775135 0.250114 0.009276 0.005002
12 0.775135 0.255116 0.009276 0.005002
12 0.739677 0.259663 0.007780 0.004093
12 0.740724 0.253297 0.009874 0.005002
12 0.730551 0.250910 0.009874 0.006594
12 0.646918 0.256935 0.007780 0.005002
11 0.646918 0.261937 0.007780 0.005002
12 0.647516 0.250455 0.008977 0.005684
12 0.682376 0.256594 0.008079 0.005230
12 0.682974 0.250568 0.009276 0.005912
12 0.682376 0.261824 0.008079 0.005230
12 0.384949 0.255798 0.008079 0.005002
12 0.385847 0.249886 0.009276 0.004548
17 0.218881 0.252274 0.006882 0.007503
12 0.714841 0.256594 0.009575 0.005684
17 0.714841 0.262278 0.009575 0.005684
12 0.714841 0.250910 0.009575 0.005684
12 0.894823 0.250455 0.010473 0.005684
12 0.894823 0.256139 0.010473 0.005684
18 0.877917 0.250341 0.008977 0.005457
13 0.877917 0.255798 0.008977 0.005457
12 0.861909 0.250341 0.009276 0.005457
12 0.861909 0.255798 0.009276 0.005457
12 0.840515 0.250341 0.009575 0.005457
12 0.840515 0.255798 0.009575 0.005457
12 0.822412 0.255457 0.009276 0.005230
12 0.822412 0.250227 0.009276 0.005230
12 0.806852 0.250227 0.009276 0.005230
12 0.806852 0.255457 0.009276 0.005230
11 0.790993 0.255798 0.008677 0.005457
11 0.790993 0.250341 0.008677 0.005457
12 0.697636 0.256139 0.008677 0.005684
12 0.697636 0.250455 0.008677 0.005684
11 0.697636 0.261824 0.008677 0.005684
12 0.664572 0.250341 0.009575 0.005457
12 0.664572 0.255798 0.009575 0.005457
12 0.664572 0.261255 0.009575 0.005457
12 0.632855 0.250341 0.008378 0.005457
12 0.632855 0.255798 0.008378 0.005457
13 0.518851 0.250341 0.010174 0.005457
13 0.518851 0.255798 0.010174 0.005457
13 0.520646 0.239086 0.006583 0.004775
12 0.417864 0.250000 0.009276 0.004775
12 0.417864 0.255798 0.008079 0.005457
12 0.402454 0.250341 0.009575 0.005457
12 0.402454 0.255798 0.009575 0.005457
12 0.372083 0.255116 0.009874 0.005002
12 0.372083 0.250114 0.009874 0.005002
12 0.322412 0.250227 0.009874 0.005230
12 0.322412 0.255457 0.009874 0.005230
12 0.305356 0.250114 0.009276 0.005002
12 0.305356 0.255116 0.009276 0.005002
12 0.615500 0.249886 0.009575 0.005457
12 0.615500 0.255343 0.009575 0.005457
12 0.337373 0.250000 0.009874 0.005684
12 0.337373 0.255684 0.009874 0.005684
17 0.465440 0.249659 0.009874 0.005912
17 0.465440 0.255571 0.009874 0.005912
12 0.466936 0.238518 0.004488 0.004548
11 0.473070 0.235448 0.006583 0.004775
12 0.352334 0.249432 0.009874 0.005457
12 0.352334 0.254889 0.009874 0.005457
18 0.276182 0.245225 0.012567 0.007049
18 0.242071 0.249545 0.008378 0.005230
18 0.242071 0.244316 0.008378 0.005230
17 0.258677 0.244657 0.008079 0.008640
12 0.186266 0.204980 0.004488 0.003411
12 0.683273 0.206116 0.009874 0.006139
12 0.371035 0.204752 0.009575 0.006139
14 0.730850 0.203615 0.009276 0.005684
13 0.696738 0.203615 0.009276 0.005684
12 0.663824 0.203274 0.009276 0.005912
14 0.417714 0.202478 0.008977 0.006139
12 0.351885 0.202251 0.008977 0.005684
13 0.385697 0.202024 0.009575 0.006139
12 0.387343 0.186335 0.004488 0.003865
12 0.839916 0.201000 0.009575 0.005912
11 0.714692 0.201114 0.009276 0.006139
11 0.721424 0.185198 0.004788 0.003411
11 0.775135 0.200887 0.009276 0.006594
11 0.616547 0.200546 0.009276 0.005912
13 0.517205 0.200546 0.009276 0.005912
11 0.466487 0.199977 0.008977 0.006594
12 0.402454 0.199864 0.009575 0.006367
11 0.304608 0.199181 0.010772 0.005912
14 0.744315 0.198613 0.009874 0.005684
18 0.430580 0.197704 0.009575 0.005684
11 0.272741 0.195202 0.006284 0.007958
18 0.257780 0.191564 0.007481 0.004320
12 0.258079 0.185880 0.008079 0.004775
12 0.256882 0.139495 0.006882 0.003865
18 0.277528 0.144043 0.013465 0.005230
18 0.277528 0.138813 0.013465 0.005230
14 0.496559 0.086403 0.005087 0.006367
14 0.452274 0.055366 0.005087 0.002956
14 0.502095 0.054684 0.004788 0.004320
13 0.505984 0.047522 0.004788 0.004548
14 0.552513 0.054229 0.004488 0.005684
18 0.589617 0.053888 0.005685 0.005457
12 0.512418 0.053206 0.005685 0.007731
12 0.565978 0.050819 0.005685 0.007503
12 0.532316 0.045475 0.006583 0.005912
4 0.210503 0.188608 0.021843 0.032060
0 0.099791 0.522624 0.023040 0.023420
0 0.253591 0.129718 0.017056 0.018872
3 0.791891 0.803206 0.006882 0.015234
2 0.211101 0.350273 0.018253 0.019782
4 0.551017 0.473283 0.008677 0.013870
4 0.307750 0.471692 0.009276 0.014325
4 0.681777 0.517167 0.009276 0.015234
3 0.591113 0.751137 0.006284 0.017508
4 0.307451 0.528308 0.008677 0.011141
4 0.141083 0.893474 0.007481 0.012051
4 0.823309 0.573556 0.009874 0.016144
2 0.211999 0.298204 0.014063 0.018417
1 0.100090 0.469645 0.021245 0.039336
4 0.433722 0.696794 0.009874 0.016144
3 0.214991 0.860050 0.006882 0.017963
3 0.215889 0.894156 0.007481 0.018872
4 0.589019 0.696794 0.009276 0.015234
2 0.099491 0.849818 0.018851 0.018417
1 0.100389 0.694520 0.021843 0.039791
2 0.100389 0.626990 0.015859 0.019327
2 0.101287 0.573329 0.014063 0.018417
1 0.100688 0.746362 0.022442 0.039791
3 0.773339 0.518759 0.009276 0.017508
3 0.802364 0.583788 0.007481 0.017508
4 0.851137 0.527171 0.009276 0.016144
4 0.124028 0.514211 0.009276 0.012960
4 0.793088 0.706116 0.009276 0.013870
4 0.124327 0.789791 0.009874 0.013870
4 0.131358 0.692360 0.008977 0.015007
4 0.147516 0.690086 0.008977 0.015007
4 0.122382 0.684857 0.008977 0.014552
0 0.140934 0.681219 0.008977 0.010914
0 0.233992 0.345612 0.008378 0.010914
0 0.251047 0.342201 0.006583 0.008640
4 0.712448 0.570259 0.007780 0.014552
3 0.703471 0.567758 0.006583 0.015007
3 0.722920 0.695316 0.007181 0.015462
4 0.250449 0.289450 0.007780 0.012278
4 0.148713 0.520691 0.008977 0.015462
4 0.141233 0.511596 0.008378 0.012733
4 0.133154 0.854707 0.008977 0.013188
4 0.124476 0.846066 0.009575 0.014097
4 0.140934 0.732378 0.008977 0.014097
4 0.122681 0.623238 0.008378 0.014097
0 0.104728 0.798772 0.013166 0.020464
3 0.701975 0.623010 0.005984 0.012733
4 0.711849 0.621419 0.008977 0.013188
4 0.123878 0.459527 0.008378 0.012278
4 0.149910 0.795816 0.008977 0.015462
0 0.241771 0.191223 0.008378 0.010459
5 0.189856 0.252729 0.009276 0.015689
3 0.199132 0.242951 0.009276 0.015689
4 0.208558 0.249318 0.008977 0.015689
4 0.235039 0.294338 0.009276 0.015689
3 0.242071 0.301387 0.008977 0.015689
3 0.095302 0.900750 0.009276 0.015689
4 0.105625 0.900750 0.008977 0.015689
5 0.132107 0.627899 0.009276 0.015689
4 0.139138 0.621078 0.008977 0.015689
3 0.211101 0.145180 0.009276 0.012960
5 0.216936 0.145180 0.008977 0.012960
4 0.205117 0.140177 0.009276 0.015689
4 0.213944 0.135857 0.008977 0.015689
4 0.093806 0.418258 0.009276 0.015689
4 0.103232 0.412801 0.008977 0.015689
4 0.123429 0.737040 0.009276 0.015689
4 0.132555 0.743861 0.008977 0.015689