10 0.316049 0.946944 0.020622 0.002499
10 0.319635 0.944444 0.012253 0.002045
10 0.333383 0.943536 0.006276 0.002045
10 0.372833 0.942286 0.007472 0.003636
10 0.363270 0.941718 0.007472 0.002954
10 0.369845 0.938991 0.014644 0.002045
9 0.848924 0.945126 0.004483 0.027039
10 0.769725 0.934219 0.008667 0.002954
9 0.357890 0.932175 0.008667 0.017496
9 0.201883 0.929789 0.005081 0.023631
10 0.383293 0.896387 0.006874 0.002727
10 0.535415 0.890593 0.008667 0.002954
9 0.511506 0.881731 0.007472 0.025222
10 0.358936 0.875142 0.008368 0.002499
6 0.481172 0.877414 0.008966 0.019314
10 0.313359 0.867189 0.014644 0.002045
9 0.297669 0.876505 0.010161 0.028857
10 0.319038 0.864690 0.010460 0.002499
10 0.451733 0.861622 0.008069 0.002727
10 0.772415 0.827880 0.007472 0.003863
10 0.853407 0.825381 0.006874 0.003863
9 0.823521 0.834356 0.011656 0.027721
8 0.345935 0.824017 0.009265 0.008407
9 0.704573 0.833333 0.009265 0.036583
8 0.498954 0.822768 0.008069 0.007726
6 0.203377 0.826971 0.009863 0.019768
10 0.478033 0.773347 0.009265 0.005226
10 0.214734 0.771302 0.006276 0.002954
10 0.220114 0.769484 0.008667 0.002045
10 0.366856 0.767666 0.008069 0.002954
10 0.219516 0.766303 0.006276 0.002045
10 0.251494 0.766985 0.006874 0.004317
10 0.400329 0.764713 0.008069 0.002499
10 0.223102 0.764940 0.012253 0.003863
10 0.455021 0.758123 0.006276 0.002045
10 0.308279 0.759032 0.014047 0.003863
7 0.479528 0.761986 0.007472 0.017042
8 0.463389 0.756760 0.008667 0.007498
10 0.455021 0.733356 0.011058 0.003408
10 0.445756 0.732447 0.006874 0.003408
10 0.553646 0.730629 0.006276 0.002045
10 0.514495 0.731311 0.006874 0.004317
10 0.203676 0.728812 0.006874 0.002499
10 0.638225 0.728812 0.010460 0.004772
10 0.388374 0.720632 0.006874 0.003408
9 0.290048 0.724949 0.008667 0.027494
10 0.291542 0.715633 0.006874 0.002499
10 0.225792 0.709271 0.008069 0.002499
10 0.215929 0.706998 0.008667 0.002499
9 0.213837 0.716769 0.014047 0.028403
10 0.172893 0.705749 0.011058 0.003181
10 0.243724 0.706090 0.009265 0.004317
9 0.835475 0.655306 0.004483 0.017723
7 0.191124 0.650193 0.012851 0.007953
8 0.369845 0.649057 0.011656 0.007498
7 0.290646 0.649511 0.012253 0.008407
10 0.784967 0.647466 0.007472 0.002954
10 0.674686 0.648603 0.011656 0.005226
8 0.570383 0.648830 0.012253 0.007498
8 0.466677 0.648830 0.012851 0.007953
6 0.752092 0.651556 0.009863 0.018405
8 0.605051 0.600432 0.011656 0.007953
7 0.395248 0.603158 0.011656 0.013860
10 0.301704 0.598160 0.007472 0.002954
8 0.190825 0.599409 0.011656 0.008634
7 0.604453 0.539082 0.011656 0.010679
7 0.395846 0.540445 0.012851 0.013860
7 0.204274 0.540445 0.012253 0.013860
7 0.184848 0.540445 0.012851 0.013860
6 0.755678 0.535446 0.006874 0.023404
9 0.262552 0.480686 0.006874 0.018859
9 0.166318 0.475006 0.005678 0.025222
10 0.893455 0.441604 0.006276 0.002499
10 0.355798 0.431152 0.008069 0.003408
9 0.848924 0.428425 0.004483 0.023404
10 0.889868 0.421609 0.008667 0.003408
10 0.720114 0.417064 0.007472 0.002954
10 0.803497 0.416383 0.006874 0.003408
8 0.718619 0.418655 0.014047 0.030675
10 0.703078 0.406612 0.011656 0.003863
9 0.262253 0.360032 0.006874 0.022949
8 0.866557 0.353670 0.011656 0.007498
8 0.634638 0.353670 0.011656 0.007044
8 0.551255 0.353670 0.009863 0.007044
8 0.736252 0.353670 0.012851 0.007953
8 0.459205 0.353215 0.012253 0.007498
8 0.370442 0.352988 0.012851 0.007953
8 0.298117 0.352761 0.011656 0.007498
10 0.864764 0.303454 0.009265 0.005226
8 0.635834 0.303681 0.011656 0.008862
8 0.552750 0.303681 0.011656 0.007953
8 0.458906 0.303681 0.011656 0.008407
8 0.371040 0.303454 0.011656 0.007953
8 0.297519 0.303454 0.011656 0.008862
8 0.738643 0.303227 0.011656 0.007953
9 0.724895 0.263917 0.004483 0.021132
10 0.698296 0.255965 0.006276 0.003408
9 0.877615 0.248012 0.007472 0.018859
9 0.357292 0.253692 0.009265 0.030220
7 0.574268 0.249148 0.011656 0.013406
9 0.426629 0.251193 0.004483 0.029766
8 0.388972 0.245740 0.011656 0.008862
9 0.309773 0.255283 0.011058 0.027948
9 0.528243 0.245967 0.009265 0.029766
10 0.746115 0.190298 0.006276 0.002045
10 0.749103 0.187571 0.011058 0.002954
8 0.455918 0.183935 0.012851 0.007044
8 0.371339 0.183708 0.012253 0.007498
10 0.265541 0.181663 0.006276 0.004317
6 0.529438 0.186662 0.009265 0.018405
6 0.577854 0.183027 0.004483 0.022949
10 0.741931 0.157578 0.012253 0.002045
10 0.733861 0.155078 0.006874 0.002499
10 0.772265 0.138718 0.007173 0.002499
9 0.746115 0.142808 0.013449 0.024313
9 0.902421 0.140763 0.006874 0.024313
9 0.616707 0.139173 0.004483 0.023404
9 0.651674 0.141900 0.009863 0.022495
9 0.879109 0.138718 0.011656 0.025676
10 0.359384 0.131902 0.006276 0.002954
10 0.881351 0.128494 0.007770 0.002499
10 0.485206 0.150307 0.011656 0.004317
10 0.456964 0.127357 0.007770 0.002954
10 0.528542 0.077369 0.006874 0.004317
18 0.826061 0.936833 0.006575 0.004999
12 0.894650 0.936378 0.005678 0.004544
12 0.769576 0.936605 0.008368 0.004999
11 0.731769 0.936605 0.008069 0.005908
11 0.852959 0.936492 0.008368 0.006135
11 0.162732 0.936605 0.009265 0.006817
13 0.321279 0.928425 0.009564 0.005453
13 0.291094 0.928539 0.008966 0.006589
13 0.478033 0.926267 0.009265 0.006589
12 0.235206 0.925812 0.008368 0.006589
13 0.339659 0.925358 0.009265 0.006589
13 0.307382 0.925471 0.009265 0.006817
13 0.443066 0.924563 0.008069 0.006817
12 0.205619 0.923086 0.008966 0.006589
12 0.389719 0.923086 0.008368 0.007498
13 0.494471 0.921609 0.008069 0.006362
11 0.599821 0.921382 0.008368 0.006817
13 0.460849 0.921836 0.008966 0.007726
12 0.359235 0.920586 0.008368 0.006135
12 0.545726 0.918996 0.007770 0.006135
12 0.702779 0.917746 0.009863 0.007271
12 0.512851 0.916610 0.009564 0.006817
11 0.633742 0.915815 0.009265 0.007044
11 0.769725 0.895024 0.008667 0.006362
12 0.893604 0.894456 0.008966 0.005681
11 0.822026 0.894229 0.009265 0.005681
11 0.730574 0.894797 0.009265 0.006817
11 0.852510 0.893774 0.009265 0.006135
13 0.290347 0.886503 0.008667 0.006135
13 0.321727 0.885935 0.009265 0.006817
13 0.307681 0.883663 0.008667 0.005908
12 0.235953 0.883776 0.009265 0.006135
13 0.338165 0.883436 0.008667 0.005908
13 0.478631 0.882640 0.009863 0.005681
13 0.443963 0.882640 0.008667 0.005681
12 0.204274 0.881163 0.008667 0.006362
13 0.460699 0.879800 0.007472 0.006362
12 0.389719 0.879914 0.009564 0.006589
12 0.495368 0.879459 0.008667 0.006589
12 0.600867 0.879346 0.009265 0.006817
12 0.358488 0.877755 0.008667 0.005908
12 0.704573 0.876278 0.008667 0.005226
12 0.546175 0.876733 0.007472 0.006589
12 0.161536 0.875369 0.009265 0.006135
12 0.087418 0.873892 0.005081 0.004999
11 0.634489 0.874006 0.009564 0.006135
12 0.513897 0.874120 0.009863 0.006362
12 0.115212 0.872756 0.007472 0.004544
12 0.160490 0.827766 0.007770 0.006362
13 0.124328 0.825267 0.006575 0.004999
14 0.131949 0.814247 0.006276 0.003408
12 0.823969 0.827539 0.005977 0.009998
12 0.772564 0.825040 0.006575 0.005453
12 0.770921 0.831175 0.006874 0.004999
12 0.599223 0.823563 0.007770 0.006135
12 0.896593 0.822540 0.008368 0.005453
12 0.896444 0.835946 0.008069 0.005908
12 0.852660 0.822768 0.008966 0.005908
11 0.852660 0.828675 0.008966 0.005908
11 0.706366 0.819814 0.008667 0.005908
12 0.706366 0.825721 0.008667 0.005908
11 0.634190 0.818223 0.008368 0.006362
13 0.203825 0.785162 0.008966 0.006135
13 0.234907 0.784822 0.009564 0.006362
13 0.221309 0.782663 0.008667 0.005681
12 0.178721 0.782777 0.008368 0.005908
13 0.253586 0.782209 0.008667 0.005681
12 0.356545 0.781868 0.008966 0.006362
13 0.390317 0.781413 0.008368 0.005908
12 0.897191 0.779823 0.008368 0.005453
11 0.160789 0.779709 0.009564 0.006589
11 0.167962 0.763349 0.004782 0.003863
12 0.321279 0.779027 0.008966 0.006589
13 0.406455 0.778459 0.008368 0.006362
12 0.373580 0.778573 0.009564 0.006589
13 0.545726 0.778459 0.009564 0.006817
11 0.554244 0.763122 0.005678 0.002954
13 0.513001 0.778346 0.008667 0.006589
12 0.291094 0.776869 0.008368 0.005908
12 0.476838 0.775846 0.009265 0.005681
13 0.562164 0.775846 0.008966 0.006135
13 0.530484 0.775846 0.008966 0.006135
17 0.600867 0.775506 0.009863 0.006362
11 0.705320 0.774938 0.008368 0.006135
11 0.825463 0.774256 0.009564 0.005681
11 0.772116 0.774483 0.009265 0.006135
12 0.444860 0.773006 0.009265 0.006362
11 0.854603 0.771984 0.008069 0.006135
13 0.235356 0.726312 0.008069 0.006589
17 0.247609 0.710748 0.014047 0.004544
12 0.252241 0.723131 0.008368 0.005226
13 0.205021 0.726312 0.008368 0.006589
12 0.220412 0.723358 0.008069 0.005226
12 0.180365 0.723586 0.008069 0.005681
13 0.389868 0.722449 0.008667 0.005226
13 0.357741 0.722449 0.008368 0.005226
12 0.160042 0.721200 0.009265 0.005908
12 0.320681 0.720404 0.007770 0.005681
13 0.404662 0.719836 0.009564 0.006362
13 0.373132 0.719950 0.008667 0.006589
13 0.546772 0.719609 0.009265 0.006362
13 0.513299 0.719496 0.009265 0.007044
12 0.291990 0.718019 0.007770 0.005453
13 0.563808 0.717110 0.009265 0.005908
13 0.530335 0.717110 0.009265 0.005908
12 0.476390 0.716996 0.007770 0.006135
12 0.875374 0.716087 0.007770 0.005226
12 0.443664 0.714383 0.009863 0.006362
12 0.660191 0.713701 0.008966 0.006362
12 0.897340 0.712793 0.008667 0.005908
12 0.853556 0.713020 0.009564 0.006362
13 0.648685 0.711543 0.008667 0.005226
12 0.633443 0.711088 0.008667 0.005681
12 0.826210 0.709952 0.008667 0.006135
11 0.598775 0.709043 0.008667 0.006135
12 0.772415 0.707794 0.009863 0.006362
12 0.751943 0.705294 0.009564 0.005908
11 0.706964 0.702795 0.008667 0.006362
11 0.784967 0.649284 0.007472 0.005681
17 0.854752 0.649511 0.010759 0.006589
11 0.434698 0.608612 0.009265 0.006589
11 0.469665 0.605771 0.009863 0.006362
11 0.682158 0.603499 0.009265 0.005908
11 0.641512 0.603386 0.009265 0.006589
11 0.543335 0.603386 0.009564 0.006589
13 0.669008 0.601568 0.006874 0.003863
12 0.262104 0.602818 0.008966 0.006817
17 0.754782 0.600773 0.009863 0.005908
17 0.855499 0.601000 0.010460 0.006817
11 0.301106 0.600432 0.008667 0.005681
11 0.352809 0.597705 0.007472 0.006589
12 0.641363 0.551693 0.008966 0.005908
12 0.433802 0.551238 0.008667 0.006362
11 0.545278 0.551238 0.009265 0.006817
13 0.145995 0.548739 0.005081 0.003636
18 0.145846 0.543172 0.008368 0.005226
12 0.871638 0.549307 0.007472 0.005681
11 0.455918 0.548853 0.008667 0.005226
12 0.487597 0.548512 0.007472 0.005453
12 0.889420 0.546126 0.008966 0.006135
11 0.222504 0.545899 0.009265 0.005681
11 0.222504 0.551579 0.009265 0.005681
12 0.160490 0.545671 0.008368 0.005681
12 0.160490 0.551352 0.008368 0.005681
12 0.262253 0.545899 0.008667 0.006589
12 0.905409 0.543399 0.008667 0.005681
11 0.666467 0.543286 0.008966 0.005453
12 0.854603 0.543172 0.008667 0.005681
12 0.696653 0.543172 0.008368 0.005681
12 0.315302 0.543399 0.008368 0.006135
11 0.753437 0.543058 0.008966 0.005908
11 0.355350 0.540332 0.009564 0.006362
11 0.287507 0.538173 0.008966 0.005681
11 0.785266 0.529652 0.008667 0.006362
12 0.542738 0.499205 0.007770 0.006362
13 0.819038 0.496478 0.008069 0.006362
12 0.354752 0.494206 0.008368 0.005908
13 0.803945 0.493979 0.008368 0.005908
12 0.605649 0.491366 0.008667 0.006135
11 0.570980 0.491252 0.008069 0.005908
12 0.785714 0.490911 0.008368 0.006135
12 0.206665 0.488525 0.008667 0.006362
11 0.470562 0.488071 0.009265 0.006362
12 0.768978 0.487957 0.009564 0.006589
11 0.435595 0.486253 0.008667 0.005453
11 0.641363 0.486140 0.007770 0.005681
11 0.262702 0.486026 0.008966 0.005453
11 0.379558 0.485912 0.009564 0.005681
12 0.223252 0.486026 0.008966 0.005908
12 0.194262 0.485571 0.008368 0.004999
18 0.194262 0.490570 0.008368 0.004999
12 0.183353 0.485912 0.008667 0.006589
12 0.751046 0.485685 0.009564 0.005681
11 0.679617 0.485912 0.008966 0.006135
11 0.302301 0.483413 0.009863 0.006135
12 0.161536 0.483072 0.009265 0.005908
12 0.855499 0.482845 0.008069 0.005908
12 0.905111 0.482731 0.008667 0.006589
12 0.888972 0.480118 0.008069 0.005908
12 0.872684 0.477505 0.007770 0.006135
12 0.606246 0.435128 0.009265 0.005453
11 0.546025 0.435015 0.009564 0.006135
11 0.753586 0.431493 0.008667 0.006362
12 0.680514 0.429107 0.008368 0.005226
11 0.395099 0.429448 0.008966 0.005908
11 0.354603 0.429221 0.009265 0.005908
13 0.723849 0.428880 0.008966 0.005681
11 0.642110 0.426494 0.009265 0.006362
13 0.918559 0.426267 0.008667 0.006362
14 0.709205 0.426153 0.009564 0.006589
12 0.470562 0.424449 0.008069 0.004544
12 0.161835 0.424563 0.008667 0.005226
14 0.513897 0.424335 0.008069 0.005226
12 0.223401 0.424335 0.008667 0.005226
12 0.888524 0.423654 0.007770 0.005681
11 0.853407 0.421382 0.009265 0.005681
12 0.501644 0.421609 0.009265 0.007044
11 0.436342 0.421382 0.010161 0.006589
13 0.819038 0.421041 0.009265 0.006362
12 0.074268 0.420245 0.004483 0.005681
11 0.302002 0.418882 0.009265 0.006135
13 0.803347 0.418314 0.008966 0.005453
11 0.263748 0.417064 0.008667 0.006135
12 0.784818 0.415815 0.008368 0.005908
12 0.186043 0.363213 0.003885 0.005226
12 0.263449 0.348784 0.007472 0.004999
13 0.263897 0.300500 0.007173 0.008407
11 0.878960 0.263463 0.008966 0.005681
11 0.877466 0.253124 0.008368 0.004544
11 0.825314 0.260282 0.009265 0.006589
12 0.825314 0.242104 0.009265 0.005681
11 0.728482 0.257782 0.008069 0.005226
11 0.728781 0.244603 0.009863 0.006135
18 0.695457 0.257328 0.008966 0.006135
11 0.694411 0.241650 0.009265 0.005681
11 0.287059 0.255056 0.007472 0.004317
11 0.287657 0.248580 0.008069 0.005453
12 0.849074 0.255283 0.009564 0.006135
11 0.650478 0.254601 0.009863 0.006135
18 0.837119 0.253238 0.007770 0.005226
11 0.617902 0.252102 0.009265 0.006135
17 0.620143 0.241309 0.010161 0.006817
11 0.310371 0.245853 0.008667 0.005453
11 0.310371 0.251307 0.008667 0.005453
11 0.358189 0.243240 0.008667 0.005681
11 0.358189 0.248921 0.008667 0.005681
18 0.243425 0.241650 0.005678 0.004317
14 0.263150 0.241195 0.005678 0.004317
11 0.431261 0.240514 0.010161 0.005681
11 0.431261 0.246194 0.010161 0.005681
11 0.456515 0.237787 0.009265 0.005681
11 0.456515 0.243467 0.009265 0.005681
12 0.243425 0.235969 0.006276 0.004317
11 0.529886 0.235515 0.008368 0.005226
11 0.529886 0.240741 0.008368 0.005226
11 0.826509 0.211202 0.009265 0.006589
11 0.835176 0.184163 0.006276 0.004317
12 0.767035 0.207112 0.008667 0.006589
11 0.651524 0.204953 0.008368 0.005908
12 0.728930 0.204272 0.008966 0.006362
11 0.695457 0.202000 0.008966 0.006362
12 0.848476 0.197342 0.008966 0.005681
17 0.880604 0.194728 0.007472 0.004999
11 0.618948 0.191434 0.008966 0.006135
13 0.573670 0.190752 0.008069 0.005226
13 0.262104 0.188934 0.004782 0.003863
13 0.265989 0.179732 0.004782 0.004090
18 0.301554 0.183140 0.006575 0.002727
12 0.575912 0.140423 0.007770 0.003181
11 0.529289 0.140650 0.008368 0.004999
13 0.771369 0.140763 0.007770 0.005681
13 0.786461 0.138264 0.008069 0.006135
13 0.729976 0.138378 0.009863 0.006362
11 0.696204 0.138037 0.009265 0.006589
11 0.827107 0.135310 0.009265 0.005681
13 0.747161 0.135537 0.008368 0.006135
11 0.652570 0.135197 0.007472 0.005453
12 0.392259 0.134742 0.006874 0.005908
11 0.358787 0.134628 0.007472 0.006135
13 0.908846 0.133606 0.009564 0.006362
11 0.621040 0.132356 0.008966 0.006135
12 0.879857 0.130879 0.008966 0.005453
14 0.265840 0.129289 0.004483 0.003636
12 0.457561 0.129630 0.008966 0.005226
14 0.495368 0.129630 0.008069 0.005681
14 0.479378 0.126676 0.008966 0.006135
11 0.431411 0.126676 0.008667 0.006135
12 0.312911 0.123949 0.010161 0.006135
11 0.287507 0.121336 0.008966 0.006362
14 0.514644 0.067712 0.008966 0.005908
12 0.514644 0.073620 0.008966 0.005908
12 0.518380 0.059418 0.006874 0.007044
12 0.486999 0.057941 0.005081 0.007726
1 0.207262 0.188253 0.022415 0.041127
1 0.207860 0.139400 0.021219 0.036128
0 0.209653 0.248693 0.022415 0.024767
4 0.191721 0.787207 0.009265 0.012952
3 0.251494 0.544308 0.007472 0.014315
4 0.500448 0.719836 0.009863 0.015451
4 0.458010 0.488639 0.009265 0.015678
4 0.586521 0.922404 0.009265 0.012952
2 0.207561 0.305272 0.017035 0.019768
2 0.097579 0.940354 0.020024 0.017950
4 0.586671 0.880141 0.009564 0.015678
1 0.093395 0.774256 0.021817 0.041127
4 0.813359 0.210748 0.009265 0.014769
2 0.093694 0.601113 0.018231 0.020223
2 0.206814 0.355260 0.016139 0.018859
1 0.092499 0.721313 0.022415 0.041581
4 0.290048 0.485458 0.009265 0.015678
4 0.586820 0.823336 0.009265 0.016587
3 0.841751 0.823222 0.007472 0.020904
0 0.093246 0.473756 0.020323 0.033174
4 0.228332 0.177687 0.007770 0.012270
4 0.236103 0.135651 0.008966 0.013633
0 0.227884 0.125880 0.008069 0.010452
4 0.114764 0.598273 0.009564 0.014088
4 0.243873 0.297660 0.007770 0.013179
4 0.121937 0.720518 0.008966 0.014997
4 0.113867 0.711656 0.008368 0.013633
4 0.123431 0.773233 0.008368 0.014997
4 0.114764 0.765053 0.008966 0.014997
4 0.131201 0.760736 0.008368 0.011815
4 0.124328 0.424903 0.008368 0.014542
4 0.116557 0.416496 0.009564 0.014997
4 0.132397 0.414451 0.008966 0.013633
4 0.841901 0.649739 0.009564 0.014315
4 0.116856 0.937514 0.008966 0.015451
0 0.097131 0.410134 0.007770 0.009543
3 0.506874 0.067598 0.008368 0.020223
4 0.123132 0.656896 0.008966 0.014997
4 0.130903 0.643945 0.008966 0.013633
4 0.228183 0.240627 0.009265 0.015451
4 0.236103 0.249716 0.008966 0.015451
4 0.122983 0.605317 0.009265 0.015451
4 0.131201 0.594865 0.008966 0.015451
4 0.227286 0.302431 0.009265 0.015451
4 0.234907 0.310157 0.008966 0.015451
4 0.116408 0.819814 0.009265 0.015451
5 0.123132 0.827085 0.008966 0.015451
4 0.124178 0.944785 0.009265 0.015451
4 0.132995 0.933879 0.008966 0.015451
4 0.236252 0.356964 0.009265 0.015451
4 0.244471 0.348557 0.008966 0.015451
4 0.087717 0.426267 0.009265 0.015451
4 0.097131 0.421722 0.008966 0.015451
5 0.074567 0.877755 0.003885 0.015451
3 0.074567 0.888662 0.003885 0.015451
4 0.116109 0.468075 0.009265 0.015451
4 0.124178 0.473983 0.009265 0.015451
4 0.132397 0.466485 0.008966 0.015451
4 0.086970 0.822768 0.007770 0.015451
4 0.086970 0.830948 0.007770 0.015451
4 0.114913 0.532606 0.009265 0.015451
4 0.122684 0.540786 0.009265 0.015451
4 0.130604 0.531243 0.008966 0.015451