10 0.546363 0.943612 0.007454 0.003857
10 0.451849 0.943839 0.006857 0.004765
9 0.431574 0.936578 0.008050 0.018380
7 0.649523 0.940663 0.011032 0.013842
7 0.413983 0.938847 0.012224 0.013842
6 0.884168 0.939982 0.008050 0.019741
6 0.825432 0.940322 0.006261 0.019968
6 0.800686 0.939755 0.010435 0.019741
8 0.172481 0.934876 0.012224 0.009076
6 0.725552 0.939528 0.009243 0.020195
6 0.614937 0.937713 0.009839 0.017926
6 0.494782 0.936805 0.008050 0.017926
6 0.376714 0.936124 0.005665 0.018834
6 0.328414 0.935897 0.010435 0.018380
6 0.254770 0.936124 0.009839 0.020195
10 0.779517 0.896415 0.007454 0.002950
9 0.431276 0.881439 0.008646 0.018834
7 0.414580 0.882800 0.012224 0.011572
8 0.173077 0.879964 0.012224 0.009076
6 0.725850 0.884162 0.009839 0.017472
6 0.255665 0.882573 0.010435 0.017472
6 0.824240 0.883594 0.007454 0.019061
6 0.800089 0.883935 0.005665 0.019741
6 0.885361 0.883935 0.011628 0.020195
6 0.496571 0.883027 0.010435 0.017472
6 0.614639 0.881666 0.010435 0.020195
6 0.563357 0.882346 0.010435 0.019287
6 0.377311 0.882800 0.009243 0.018380
6 0.329905 0.881892 0.011032 0.018380
6 0.213476 0.881439 0.004770 0.022464
6 0.548301 0.879396 0.006559 0.023372
10 0.690966 0.843771 0.009839 0.005219
10 0.457215 0.842410 0.018187 0.005219
9 0.725253 0.837645 0.005665 0.027910
9 0.619410 0.830837 0.008646 0.027456
9 0.470632 0.831518 0.009243 0.028818
9 0.861807 0.830837 0.010435 0.030179
10 0.681723 0.828568 0.006857 0.004765
9 0.649225 0.831972 0.008646 0.033356
10 0.616726 0.826299 0.006857 0.002950
10 0.208855 0.826980 0.008050 0.005219
9 0.586911 0.828795 0.010435 0.034717
9 0.340936 0.818584 0.012224 0.026095
7 0.706172 0.811323 0.005665 0.012934
10 0.448271 0.772294 0.006857 0.002950
9 0.175462 0.767415 0.005069 0.018153
9 0.415772 0.766621 0.008646 0.020649
10 0.685897 0.720104 0.006261 0.002950
8 0.414580 0.711709 0.009839 0.018834
8 0.727340 0.635693 0.009839 0.012480
7 0.197227 0.632290 0.012224 0.007942
8 0.556500 0.632290 0.010435 0.007488
8 0.464669 0.632743 0.009243 0.008850
8 0.372242 0.632290 0.012821 0.008396
6 0.800089 0.634332 0.009839 0.018834
6 0.693649 0.632970 0.010435 0.018380
6 0.308438 0.632970 0.010435 0.017926
6 0.287865 0.633197 0.009839 0.018380
9 0.499255 0.582709 0.011032 0.028137
9 0.757752 0.574427 0.009243 0.010665
7 0.728533 0.572385 0.012821 0.013842
9 0.173375 0.572839 0.009243 0.037440
6 0.645647 0.569889 0.010435 0.018380
6 0.800089 0.569889 0.010435 0.017926
6 0.862701 0.570343 0.010435 0.019287
6 0.694544 0.570343 0.010435 0.019287
10 0.658169 0.530633 0.008646 0.003404
10 0.698718 0.519741 0.007454 0.004311
10 0.913685 0.518380 0.006857 0.005219
9 0.727937 0.518834 0.009839 0.031995
10 0.085719 0.515657 0.006261 0.003857
9 0.861210 0.519514 0.006857 0.033810
9 0.842427 0.514295 0.008646 0.024280
9 0.755069 0.518834 0.010435 0.033810
10 0.669201 0.514069 0.010435 0.004765
10 0.174270 0.513274 0.006857 0.003631
6 0.228235 0.505673 0.009839 0.021557
6 0.224657 0.451441 0.010435 0.018380
6 0.196482 0.451441 0.010733 0.019287
6 0.728980 0.452349 0.010733 0.024280
10 0.538014 0.406059 0.009839 0.003404
9 0.343023 0.398344 0.005069 0.025187
10 0.365385 0.391536 0.006857 0.003404
6 0.196929 0.395394 0.009839 0.019741
6 0.588998 0.393351 0.010435 0.018834
6 0.557990 0.393805 0.010435 0.018834
8 0.402952 0.318471 0.012224 0.008396
8 0.509094 0.318017 0.012224 0.007942
8 0.614639 0.316655 0.012224 0.007488
8 0.783989 0.315748 0.012224 0.007034
6 0.235391 0.319151 0.009839 0.017926
6 0.340638 0.319378 0.010435 0.019741
6 0.304860 0.319378 0.010435 0.018834
6 0.206172 0.319378 0.011032 0.019287
6 0.724359 0.317336 0.009839 0.018380
9 0.580650 0.269231 0.009243 0.025641
9 0.890429 0.263785 0.009839 0.035171
6 0.341234 0.263785 0.011032 0.018380
6 0.305158 0.264012 0.010435 0.018834
6 0.207364 0.262650 0.010435 0.017472
6 0.235092 0.262650 0.005069 0.018380
6 0.378205 0.262650 0.011032 0.018834
10 0.485540 0.254255 0.006261 0.002496
10 0.254621 0.211368 0.005963 0.003857
10 0.846154 0.208418 0.007156 0.003404
9 0.481067 0.212276 0.004472 0.022918
7 0.517442 0.208418 0.006261 0.019287
8 0.207961 0.203653 0.012224 0.008396
6 0.340936 0.206149 0.009839 0.017472
6 0.305605 0.205922 0.011330 0.017926
6 0.378354 0.205469 0.007752 0.018834
10 0.241055 0.164624 0.008050 0.003857
7 0.207662 0.149194 0.012821 0.013842
6 0.340340 0.147833 0.009839 0.017926
6 0.377311 0.147379 0.009839 0.017926
6 0.305158 0.147152 0.009839 0.017472
10 0.309630 0.089744 0.006261 0.002496
10 0.818277 0.088155 0.006261 0.002950
10 0.516846 0.089290 0.010435 0.005219
8 0.816190 0.091332 0.009243 0.019287
9 0.752982 0.086113 0.004472 0.024280
9 0.779815 0.088609 0.010435 0.023826
9 0.374329 0.079986 0.004472 0.022010
9 0.609869 0.082256 0.004472 0.027910
9 0.594961 0.077944 0.009243 0.026095
8 0.096452 0.033923 0.007454 0.014295
18 0.540400 0.958589 0.006857 0.006580
11 0.780262 0.955298 0.009541 0.006354
11 0.682767 0.943386 0.008945 0.005673
12 0.562761 0.942364 0.004472 0.004084
11 0.663238 0.943045 0.008646 0.005900
11 0.208557 0.943386 0.009243 0.006580
13 0.187388 0.943386 0.008646 0.006580
11 0.546512 0.942478 0.007752 0.005219
11 0.375224 0.941684 0.005069 0.003631
11 0.450954 0.942138 0.008646 0.005900
11 0.309928 0.940776 0.007454 0.004992
11 0.860465 0.936919 0.007156 0.005900
11 0.780411 0.899024 0.009243 0.006354
12 0.798450 0.888359 0.004770 0.003631
11 0.682767 0.887225 0.008348 0.004992
11 0.662791 0.887338 0.008945 0.005219
11 0.210048 0.887906 0.006261 0.006354
13 0.188432 0.887792 0.007752 0.006127
12 0.431425 0.886885 0.007752 0.004765
11 0.544574 0.886771 0.008646 0.005446
11 0.309481 0.885410 0.008945 0.005446
11 0.861360 0.880985 0.006559 0.006127
11 0.074091 0.839120 0.004472 0.003631
11 0.257156 0.834354 0.008646 0.005446
11 0.256708 0.827661 0.009541 0.004311
11 0.498211 0.834354 0.008348 0.005900
11 0.498211 0.827887 0.008945 0.006127
11 0.862701 0.832426 0.006261 0.004765
11 0.862701 0.826866 0.008646 0.005900
11 0.545170 0.832199 0.008050 0.004311
11 0.545021 0.825618 0.007752 0.005673
12 0.415772 0.831858 0.006261 0.004538
11 0.416070 0.824824 0.007454 0.004538
12 0.448569 0.831745 0.006261 0.004765
12 0.449016 0.824711 0.007752 0.004311
11 0.173673 0.830497 0.008050 0.004538
11 0.175015 0.823916 0.007156 0.004538
11 0.309034 0.830497 0.006857 0.005446
11 0.310823 0.824484 0.005665 0.004311
11 0.801729 0.829476 0.007156 0.005673
11 0.801729 0.823122 0.008348 0.004311
18 0.095558 0.828568 0.006857 0.004311
11 0.828414 0.828682 0.009243 0.004992
11 0.827967 0.835716 0.007752 0.005446
11 0.727937 0.828909 0.008646 0.005900
11 0.727937 0.834808 0.008646 0.005900
11 0.617472 0.828909 0.008348 0.005900
11 0.617472 0.834808 0.008348 0.005900
11 0.379398 0.827547 0.009243 0.004992
11 0.379100 0.834581 0.008050 0.005446
11 0.911300 0.832312 0.009243 0.005900
11 0.911300 0.826413 0.009243 0.005900
11 0.781008 0.825959 0.007454 0.005446
12 0.781008 0.831405 0.007454 0.005446
12 0.682618 0.825845 0.008646 0.005673
12 0.682618 0.831518 0.008646 0.005673
11 0.651163 0.831518 0.008945 0.005673
11 0.651163 0.825845 0.008945 0.005673
12 0.565444 0.825618 0.009243 0.005673
12 0.565444 0.831291 0.009243 0.005673
12 0.332141 0.825051 0.008348 0.005446
12 0.332141 0.830497 0.008348 0.005446
12 0.208259 0.830157 0.008050 0.005673
12 0.208259 0.824484 0.008050 0.005673
11 0.887597 0.824143 0.008348 0.005900
11 0.887597 0.830043 0.008348 0.005900
12 0.703190 0.823349 0.007454 0.005219
17 0.703190 0.828568 0.007454 0.005219
12 0.471527 0.822895 0.008646 0.005219
12 0.471527 0.828114 0.008646 0.005219
12 0.588104 0.822782 0.009243 0.005446
12 0.588104 0.828228 0.009243 0.005446
12 0.352713 0.822442 0.008348 0.005673
12 0.352713 0.828114 0.008348 0.005673
12 0.229726 0.827547 0.008646 0.005446
12 0.229726 0.822101 0.008646 0.005446
11 0.744186 0.783299 0.009541 0.006354
11 0.547406 0.782845 0.010733 0.007261
11 0.651610 0.781938 0.009243 0.006807
11 0.683214 0.778421 0.009243 0.006127
11 0.512075 0.775471 0.009243 0.006127
11 0.862999 0.773996 0.008646 0.004538
11 0.271169 0.774790 0.009243 0.006127
11 0.415772 0.772975 0.008646 0.004311
11 0.174120 0.772521 0.009541 0.004765
17 0.783840 0.773202 0.011330 0.007034
17 0.310972 0.772748 0.010137 0.006127
11 0.449761 0.769912 0.008646 0.006354
17 0.210644 0.769685 0.009839 0.005900
17 0.074389 0.756524 0.004472 0.005446
11 0.651759 0.727252 0.009541 0.006354
13 0.744335 0.726004 0.008646 0.006127
11 0.547108 0.726798 0.011330 0.007715
11 0.685003 0.722827 0.009243 0.006580
11 0.512970 0.719991 0.009839 0.005900
11 0.271318 0.719424 0.009541 0.006127
11 0.861210 0.718062 0.008646 0.004311
11 0.415176 0.716928 0.008646 0.004311
17 0.782200 0.717608 0.010435 0.006580
17 0.311568 0.717381 0.010137 0.006127
11 0.173226 0.716928 0.008945 0.006127
11 0.452147 0.714318 0.007454 0.005900
11 0.210048 0.713864 0.009839 0.006807
12 0.089893 0.705469 0.006857 0.004538
11 0.911002 0.699342 0.008646 0.006807
11 0.754323 0.638303 0.007752 0.004084
12 0.739565 0.638416 0.007454 0.004311
12 0.626118 0.638189 0.008945 0.004311
11 0.842427 0.635920 0.008646 0.006127
17 0.268038 0.635466 0.009541 0.006127
17 0.626416 0.595530 0.008945 0.006127
11 0.540400 0.593715 0.008646 0.005673
17 0.347496 0.593374 0.010435 0.006807
11 0.347197 0.577604 0.010435 0.007034
11 0.470632 0.593488 0.009839 0.007488
12 0.439028 0.592467 0.008646 0.006354
12 0.558736 0.592353 0.008348 0.006580
17 0.268634 0.592467 0.010137 0.007261
17 0.268187 0.577263 0.010435 0.007715
11 0.588849 0.592013 0.008945 0.006807
12 0.491503 0.592013 0.008646 0.006807
12 0.572302 0.589517 0.009243 0.006354
12 0.454532 0.589290 0.008646 0.006354
12 0.507454 0.589176 0.008348 0.006580
11 0.756261 0.574654 0.008050 0.004311
13 0.742099 0.574767 0.008348 0.005446
11 0.174419 0.572385 0.005963 0.005673
11 0.174717 0.565918 0.008348 0.005446
11 0.843620 0.572498 0.009839 0.006354
17 0.199314 0.567052 0.009839 0.006354
17 0.199314 0.573406 0.009839 0.006354
13 0.073792 0.544134 0.004472 0.004538
11 0.801282 0.522918 0.007454 0.004765
11 0.801133 0.515997 0.008348 0.005446
11 0.697376 0.522918 0.008348 0.006127
11 0.696333 0.516224 0.008646 0.005446
11 0.912493 0.522351 0.008050 0.005446
11 0.913089 0.515543 0.009243 0.004992
12 0.754919 0.520309 0.005367 0.004084
12 0.755069 0.513274 0.006857 0.005446
12 0.862552 0.519628 0.004770 0.003631
12 0.863447 0.512367 0.007752 0.004992
11 0.843172 0.519855 0.007156 0.004538
11 0.843769 0.512594 0.007752 0.005446
11 0.728086 0.519968 0.005963 0.004765
11 0.728831 0.512934 0.008050 0.005673
12 0.646392 0.519628 0.007156 0.004992
12 0.647585 0.512934 0.006559 0.004311
11 0.626267 0.513728 0.009243 0.005900
11 0.626267 0.519628 0.009243 0.005900
17 0.540996 0.513955 0.011628 0.006807
17 0.540996 0.520762 0.011628 0.006807
17 0.440668 0.513161 0.010137 0.006580
17 0.440668 0.519741 0.010137 0.006580
11 0.226446 0.511913 0.007454 0.005900
12 0.197823 0.511799 0.007454 0.005673
11 0.173375 0.511232 0.008646 0.004992
12 0.669797 0.510892 0.009243 0.005673
12 0.669797 0.516565 0.009243 0.005673
12 0.774597 0.516678 0.008348 0.005900
12 0.774597 0.510778 0.008348 0.005900
17 0.347346 0.510892 0.010733 0.006127
12 0.347346 0.517018 0.010733 0.006127
11 0.347346 0.527002 0.011330 0.007488
12 0.886255 0.510438 0.009243 0.005673
12 0.886255 0.516111 0.009243 0.005673
17 0.267889 0.511119 0.010435 0.007034
12 0.269678 0.519061 0.010435 0.006580
17 0.269678 0.525641 0.010435 0.006580
12 0.211837 0.508963 0.009243 0.006354
17 0.439922 0.466644 0.009839 0.007034
17 0.540549 0.466531 0.010733 0.007261
17 0.347197 0.466417 0.010435 0.007034
17 0.267740 0.466190 0.010137 0.007034
12 0.807692 0.462446 0.008945 0.006354
11 0.728235 0.459950 0.008050 0.004992
11 0.174120 0.460404 0.008945 0.005900
17 0.627907 0.460517 0.010137 0.006580
17 0.844216 0.459950 0.011032 0.006354
11 0.755814 0.457454 0.009541 0.006354
11 0.087806 0.411845 0.003876 0.004084
17 0.439177 0.410029 0.010137 0.007261
11 0.807394 0.405718 0.009541 0.006354
11 0.727042 0.403676 0.007454 0.004992
11 0.538611 0.403676 0.008646 0.004992
17 0.629100 0.403449 0.010733 0.006807
17 0.844067 0.402995 0.010137 0.006807
11 0.755069 0.400726 0.008050 0.006354
12 0.403250 0.399365 0.007454 0.005900
12 0.388193 0.396301 0.009541 0.006580
11 0.174717 0.396301 0.009541 0.006580
11 0.225104 0.396188 0.009541 0.006807
11 0.365385 0.393578 0.007454 0.005673
11 0.346601 0.390629 0.008646 0.006127
17 0.267740 0.390969 0.009541 0.007261
11 0.284138 0.329249 0.008348 0.005446
11 0.183810 0.321647 0.009243 0.006580
11 0.690817 0.320059 0.009541 0.006127
12 0.872093 0.315748 0.004770 0.003857
13 0.184705 0.272975 0.005665 0.004084
12 0.185003 0.259814 0.007454 0.006354
12 0.184407 0.244838 0.008646 0.006354
12 0.284287 0.272861 0.008050 0.004311
11 0.284287 0.261970 0.008050 0.004765
12 0.284138 0.248468 0.009541 0.006807
17 0.615236 0.271273 0.010435 0.006580
12 0.233154 0.267415 0.004770 0.003857
11 0.581544 0.260835 0.006857 0.005219
11 0.548151 0.258679 0.008050 0.006354
11 0.515951 0.258793 0.008646 0.006580
17 0.845259 0.257545 0.010137 0.006354
17 0.845259 0.263898 0.010137 0.006354
11 0.891622 0.256751 0.008646 0.005673
11 0.891622 0.262423 0.008646 0.005673
12 0.485838 0.256864 0.006857 0.005900
11 0.433512 0.256637 0.007156 0.005446
17 0.761479 0.256524 0.010733 0.006580
17 0.761479 0.263104 0.010733 0.006580
17 0.692308 0.256410 0.009541 0.006807
17 0.692308 0.263218 0.009541 0.006807
11 0.412194 0.254368 0.008646 0.006354
12 0.222868 0.212162 0.009243 0.006354
11 0.184705 0.212276 0.009243 0.006580
11 0.284287 0.211936 0.009243 0.006807
11 0.690966 0.210688 0.011032 0.007034
12 0.252832 0.209440 0.009541 0.006354
11 0.760137 0.209553 0.010435 0.007942
12 0.892218 0.206490 0.008050 0.004992
11 0.875075 0.206263 0.007156 0.004538
12 0.844514 0.206376 0.008050 0.004765
12 0.237925 0.206830 0.008945 0.006580
11 0.485092 0.205922 0.009541 0.006580
11 0.582290 0.205582 0.009541 0.006354
17 0.614490 0.205469 0.010733 0.007488
12 0.908766 0.204221 0.007752 0.005900
12 0.859720 0.204221 0.006261 0.005900
12 0.412642 0.203994 0.007752 0.005446
11 0.514460 0.203426 0.006857 0.005219
11 0.434854 0.201271 0.009243 0.006354
11 0.637299 0.158271 0.008646 0.006127
13 0.535927 0.156229 0.005665 0.004311
11 0.615534 0.156002 0.008646 0.004765
17 0.758945 0.155548 0.008646 0.005219
17 0.690519 0.155435 0.010733 0.006354
17 0.845110 0.154640 0.010435 0.006580
11 0.581544 0.153392 0.009243 0.006354
11 0.547704 0.153392 0.008348 0.006354
11 0.185003 0.152371 0.009243 0.005673
12 0.223763 0.151917 0.009243 0.005673
11 0.515951 0.151123 0.008050 0.004992
11 0.284586 0.151350 0.009243 0.005446
11 0.486583 0.151010 0.008945 0.005219
12 0.252832 0.148968 0.008945 0.006127
11 0.435152 0.148627 0.008646 0.006354
11 0.413834 0.146358 0.008348 0.005446
12 0.236732 0.146585 0.007752 0.005900
12 0.844663 0.096551 0.010137 0.006580
11 0.648629 0.091672 0.011628 0.004992
11 0.660256 0.076696 0.008646 0.005900
12 0.817233 0.085773 0.007156 0.004538
12 0.801878 0.083504 0.009243 0.006354
11 0.781157 0.081234 0.008348 0.005446
11 0.757305 0.078852 0.008945 0.006127
13 0.689475 0.079533 0.011032 0.007942
11 0.236434 0.074541 0.008348 0.006127
12 0.208855 0.074087 0.007454 0.006127
12 0.185748 0.074200 0.008348 0.006354
12 0.378801 0.073860 0.007454 0.006127
11 0.613447 0.073519 0.008050 0.005900
11 0.415027 0.073633 0.007752 0.006127
11 0.285331 0.073633 0.008348 0.006127
11 0.547853 0.073633 0.008646 0.006580
11 0.342725 0.073066 0.008050 0.006354
12 0.307394 0.073066 0.008348 0.006354
12 0.634019 0.072839 0.007454 0.006354
12 0.580352 0.072725 0.008646 0.006580
12 0.512821 0.072385 0.007156 0.005900
11 0.486732 0.072498 0.008646 0.006580
12 0.433810 0.072385 0.007752 0.006354
12 0.223315 0.071704 0.008348 0.006807
12 0.322749 0.070683 0.009243 0.006127
12 0.396989 0.070683 0.009243 0.006580
12 0.527430 0.070456 0.008945 0.006580
12 0.447376 0.070343 0.008646 0.006807
12 0.596005 0.069889 0.007752 0.006354
17 0.096601 0.036987 0.005367 0.005900
3 0.142964 0.206830 0.011032 0.023372
0 0.094365 0.508623 0.022361 0.024280
0 0.091085 0.717835 0.015206 0.022464
3 0.748211 0.210688 0.008050 0.022010
5 0.535629 0.148287 0.006857 0.008850
2 0.093470 0.263104 0.016398 0.019741
5 0.747913 0.398117 0.011032 0.021103
5 0.505367 0.200363 0.007752 0.017245
5 0.503727 0.147039 0.008646 0.014976
5 0.400865 0.141479 0.009243 0.013842
3 0.439624 0.771160 0.006261 0.014295
3 0.402355 0.203426 0.007454 0.018834
5 0.570513 0.202065 0.008646 0.014749
5 0.534436 0.256297 0.008646 0.015203
5 0.647734 0.072952 0.008646 0.014749
3 0.902654 0.514069 0.007454 0.020195
3 0.501044 0.718629 0.007454 0.019061
3 0.260435 0.774790 0.008050 0.017018
5 0.475104 0.251532 0.009243 0.017018
3 0.198122 0.768210 0.007454 0.018380
2 0.094961 0.319378 0.012821 0.017018
3 0.607185 0.828001 0.006857 0.020422
2 0.092874 0.633651 0.018187 0.019287
3 0.423822 0.255616 0.008050 0.021557
1 0.093470 0.453483 0.022361 0.029272
2 0.095707 0.881212 0.022063 0.018834
0 0.094365 0.144429 0.019976 0.029272
3 0.794126 0.404470 0.006857 0.018380
1 0.094365 0.761629 0.021765 0.036533
2 0.091682 0.935444 0.018784 0.018380
2 0.094365 0.570570 0.016995 0.018380
4 0.603906 0.205355 0.007454 0.011346
3 0.473017 0.150329 0.008050 0.017926
3 0.658468 0.515430 0.008050 0.018380
5 0.334675 0.512026 0.008050 0.015657
3 0.577072 0.827661 0.007454 0.018834
3 0.686196 0.515203 0.007454 0.017926
3 0.875820 0.518153 0.007454 0.014749
5 0.148927 0.890061 0.008050 0.012026
5 0.488521 0.824484 0.006857 0.013842
3 0.261032 0.718743 0.006857 0.014749
3 0.817084 0.829476 0.006857 0.024280
5 0.148927 0.330497 0.008646 0.011119
5 0.117919 0.508396 0.008646 0.014749
5 0.133274 0.887679 0.008348 0.013161
5 0.119857 0.885183 0.007752 0.015430
5 0.141324 0.878148 0.007752 0.014069
5 0.126714 0.874972 0.007156 0.014976
5 0.133870 0.576810 0.007156 0.012253
3 0.141920 0.574314 0.008945 0.017245
5 0.133721 0.451327 0.007454 0.013615
5 0.119559 0.449058 0.007156 0.013615
3 0.144305 0.449512 0.016100 0.024506
5 0.126118 0.441570 0.008348 0.014069
5 0.119559 0.088949 0.008348 0.016791
5 0.128503 0.081007 0.008348 0.014522
5 0.119857 0.147720 0.008348 0.017245
3 0.717651 0.828341 0.007752 0.024733
5 0.133125 0.708418 0.007454 0.011346
0 0.143858 0.704561 0.015802 0.021784
5 0.117472 0.939415 0.007752 0.014069
5 0.125522 0.930792 0.008348 0.014069
5 0.132976 0.764693 0.007752 0.010438
5 0.147883 0.273656 0.007752 0.011346
5 0.133572 0.271160 0.006559 0.012707
5 0.141622 0.260948 0.007156 0.014976
5 0.126416 0.697527 0.008348 0.014069
5 0.127311 0.259360 0.007156 0.016338
4 0.120751 0.210574 0.005367 0.009530
5 0.132230 0.208305 0.011628 0.019514
5 0.119857 0.636260 0.007156 0.012253
5 0.126714 0.628999 0.007752 0.013161
1 0.129994 0.764466 0.001789 0.009984
5 0.119559 0.761289 0.007156 0.015430
5 0.126714 0.753347 0.007156 0.013161
5 0.133870 0.325845 0.006559 0.012253
5 0.127311 0.316088 0.007752 0.013615
1 0.086762 0.818471 0.005367 0.022691
5 0.133870 0.823009 0.007752 0.012707
5 0.140727 0.813932 0.008348 0.013615
0 0.117770 0.392330 0.007156 0.012707
4 0.239714 0.834808 0.005963 0.010438
3 0.245975 0.827774 0.006559 0.017245
5 0.134168 0.639437 0.007156 0.010438
5 0.141324 0.502609 0.007156 0.014522
3 0.127609 0.504425 0.009541 0.022691
4 0.135510 0.089290 0.008050 0.017018
3 0.144305 0.089290 0.007752 0.017018
3 0.142367 0.143068 0.008050 0.017018
4 0.149374 0.149194 0.007752 0.017018
5 0.128056 0.140799 0.008050 0.017018
4 0.135063 0.147379 0.007752 0.017018
3 0.765504 0.515317 0.008050 0.016791
3 0.694544 0.826753 0.008050 0.017018
3 0.141473 0.757091 0.008050 0.017018
5 0.148479 0.764125 0.007752 0.017018
5 0.119112 0.816769 0.008050 0.017018
5 0.126714 0.813365 0.007752 0.017018
3 0.461091 0.829703 0.008050 0.017018
5 0.784884 0.517699 0.008050 0.017018
3 0.790996 0.516111 0.007752 0.017018
4 0.122391 0.388813 0.008050 0.017018
5 0.132976 0.395621 0.007752 0.017018
3 0.876118 0.829930 0.008050 0.017018
5 0.140578 0.389494 0.008050 0.017018
5 0.149076 0.396982 0.007752 0.017018
3 0.169797 0.255616 0.008050 0.016565
4 0.088104 0.091105 0.008050 0.017018
4 0.099583 0.080667 0.007752 0.017018
4 0.094365 0.697413 0.008050 0.017018
3 0.100477 0.696959 0.007752 0.017018
4 0.087507 0.396074 0.008050 0.017018
4 0.094067 0.392898 0.008050 0.017018
3 0.100775 0.392898 0.007752 0.017018
5 0.132230 0.940663 0.008050 0.017018
5 0.140877 0.936124 0.008050 0.017018
5 0.149672 0.944293 0.007752 0.017018