10 0.300269 0.948727 0.006284 0.003411
10 0.232645 0.941451 0.006284 0.004320
8 0.648265 0.934857 0.010473 0.007503
8 0.542938 0.934402 0.012867 0.007503
6 0.431029 0.936676 0.009276 0.020236
6 0.447487 0.935994 0.008677 0.019782
9 0.365799 0.935994 0.009276 0.027058
9 0.239228 0.933492 0.008677 0.028422
8 0.650658 0.885744 0.010473 0.008413
8 0.542041 0.885061 0.011071 0.007049
6 0.432825 0.888245 0.008079 0.018872
6 0.450180 0.887108 0.010473 0.019327
10 0.365500 0.878467 0.007481 0.002956
10 0.243716 0.877558 0.006882 0.002046
9 0.205117 0.883470 0.009874 0.020236
10 0.367594 0.844816 0.006882 0.002956
7 0.725165 0.840723 0.011071 0.013870
7 0.505835 0.841633 0.011670 0.018417
6 0.785308 0.840041 0.009276 0.017053
6 0.900509 0.839586 0.009874 0.018872
6 0.831089 0.839359 0.008677 0.018417
6 0.449581 0.839131 0.009276 0.018872
6 0.432825 0.837995 0.009276 0.019327
10 0.679084 0.828672 0.006284 0.002501
10 0.632705 0.820032 0.006882 0.002501
7 0.726960 0.780241 0.012268 0.012960
8 0.542639 0.776148 0.012268 0.007503
6 0.831987 0.779104 0.010473 0.019782
6 0.786206 0.778877 0.009874 0.020236
6 0.430431 0.777967 0.010473 0.020236
6 0.447786 0.777740 0.008079 0.019782
10 0.756284 0.748863 0.007481 0.002956
10 0.748504 0.735903 0.006284 0.003411
10 0.747307 0.731355 0.007481 0.002501
10 0.762268 0.726580 0.008677 0.002956
7 0.724566 0.730900 0.012268 0.017963
10 0.366996 0.727490 0.006882 0.004775
10 0.449880 0.725443 0.007481 0.003411
10 0.775135 0.721351 0.009276 0.003411
6 0.430431 0.728627 0.009276 0.019782
10 0.407989 0.720214 0.006284 0.002956
9 0.609665 0.727262 0.007481 0.027058
9 0.892130 0.727717 0.009874 0.029786
10 0.880162 0.677467 0.007481 0.002956
7 0.835877 0.669054 0.012268 0.023420
8 0.758079 0.660641 0.012268 0.007503
10 0.647367 0.660414 0.012268 0.005230
8 0.410084 0.660869 0.010473 0.008868
8 0.524387 0.660414 0.011670 0.008868
6 0.197337 0.663142 0.008677 0.018872
6 0.287104 0.662460 0.009874 0.019327
6 0.306852 0.661096 0.008677 0.018417
6 0.220975 0.661096 0.008079 0.018417
10 0.851436 0.616530 0.007481 0.002956
7 0.836774 0.620850 0.011670 0.024329
8 0.759276 0.612665 0.012268 0.007958
8 0.525583 0.611983 0.012867 0.007503
8 0.648564 0.612437 0.012268 0.008413
8 0.409785 0.611983 0.011071 0.007503
6 0.306254 0.613120 0.009874 0.017963
10 0.884351 0.576967 0.011071 0.002956
10 0.852932 0.563324 0.010473 0.003865
7 0.838570 0.566280 0.011670 0.021601
8 0.757481 0.558777 0.012268 0.008413
8 0.648265 0.558777 0.011670 0.008413
9 0.863106 0.564234 0.004488 0.024784
8 0.525883 0.557867 0.012268 0.007503
8 0.409485 0.557412 0.012867 0.007503
10 0.900209 0.552183 0.006882 0.002501
6 0.305356 0.558095 0.009276 0.017963
10 0.564183 0.508299 0.007481 0.002956
7 0.368193 0.512619 0.012867 0.013415
9 0.174596 0.513302 0.009874 0.025693
6 0.305655 0.511710 0.009874 0.019782
10 0.388540 0.503070 0.009276 0.003411
10 0.176990 0.502842 0.006284 0.002956
9 0.445990 0.504661 0.006882 0.032970
9 0.419659 0.502387 0.010473 0.038427
10 0.743118 0.470555 0.006284 0.003865
10 0.690754 0.467826 0.010473 0.004775
7 0.607870 0.458276 0.012268 0.013870
10 0.731747 0.453274 0.006284 0.002956
8 0.526182 0.454638 0.010473 0.007503
8 0.408887 0.454411 0.010473 0.007958
9 0.728755 0.461460 0.008677 0.027513
9 0.174596 0.454866 0.009874 0.024329
6 0.305955 0.455548 0.009276 0.018417
9 0.578845 0.406435 0.010473 0.027513
9 0.170706 0.394384 0.004488 0.031605
10 0.893327 0.353911 0.007481 0.003411
9 0.647666 0.339359 0.006882 0.018872
7 0.820317 0.336176 0.012268 0.013415
7 0.431927 0.336176 0.012268 0.013415
7 0.186565 0.335721 0.012268 0.013415
6 0.890634 0.335493 0.008079 0.016598
6 0.684470 0.334584 0.009874 0.019327
6 0.568073 0.335493 0.010473 0.019327
6 0.494764 0.335039 0.009874 0.019327
6 0.265260 0.335039 0.009276 0.019327
6 0.776930 0.333902 0.008079 0.017963
6 0.591113 0.334811 0.008677 0.019782
6 0.758079 0.333902 0.009874 0.018872
6 0.387044 0.333674 0.009874 0.018417
6 0.355326 0.334357 0.009874 0.019782
9 0.626721 0.278195 0.008079 0.026603
9 0.280221 0.277967 0.006882 0.027967
9 0.183872 0.277740 0.004488 0.028422
7 0.187463 0.234766 0.012867 0.013415
6 0.265560 0.234084 0.009874 0.019327
10 0.234740 0.187244 0.006882 0.004775
6 0.353232 0.178377 0.010473 0.019782
6 0.387044 0.178604 0.009874 0.021146
9 0.737433 0.179513 0.010473 0.023874
9 0.627917 0.179513 0.009276 0.023874
9 0.547127 0.179741 0.010473 0.024329
10 0.433124 0.169964 0.008677 0.002956
10 0.820317 0.169281 0.007481 0.002501
10 0.188959 0.132674 0.007481 0.004775
9 0.586026 0.127217 0.004488 0.029332
9 0.683273 0.126762 0.012268 0.029332
9 0.889138 0.122215 0.008677 0.022055
9 0.323010 0.126307 0.009874 0.038427
9 0.388540 0.125625 0.010473 0.029786
9 0.494764 0.126990 0.012268 0.028877
9 0.430730 0.123124 0.009874 0.027513
9 0.817624 0.122897 0.009276 0.028877
10 0.890634 0.113802 0.006882 0.002501
9 0.757780 0.121305 0.009276 0.029332
9 0.463046 0.121760 0.009874 0.029332
9 0.355625 0.121305 0.011670 0.030241
9 0.664722 0.121760 0.011071 0.029332
9 0.736535 0.124034 0.011071 0.029332
10 0.627020 0.112437 0.006284 0.003411
10 0.431927 0.112437 0.008677 0.003411
10 0.325404 0.112437 0.006284 0.003411
10 0.189557 0.070146 0.006284 0.002501
9 0.510024 0.062869 0.010473 0.032515
9 0.233842 0.067190 0.011071 0.042065
8 0.089019 0.034902 0.007481 0.013870
11 0.301167 0.951000 0.009276 0.006139
11 0.333184 0.948045 0.009874 0.006594
16 0.267504 0.948158 0.008977 0.006821
12 0.913226 0.944634 0.007780 0.006139
13 0.245512 0.942929 0.008079 0.006367
11 0.407690 0.941110 0.008079 0.004548
13 0.232346 0.939632 0.009276 0.005230
11 0.861759 0.938950 0.009575 0.006594
13 0.218133 0.937585 0.008977 0.006594
13 0.197038 0.935312 0.008677 0.005230
12 0.176242 0.935084 0.008977 0.006139
11 0.832136 0.934175 0.008378 0.006139
17 0.726212 0.934061 0.010772 0.007731
11 0.366248 0.930196 0.007780 0.005457
11 0.301915 0.901546 0.008977 0.006367
12 0.267953 0.898818 0.009874 0.006367
11 0.332136 0.898590 0.010174 0.006821
12 0.914572 0.895975 0.008079 0.006139
13 0.245212 0.893020 0.008079 0.005684
11 0.407241 0.891314 0.008378 0.005002
13 0.231897 0.890177 0.007780 0.004548
11 0.861011 0.890405 0.008677 0.005912
13 0.217983 0.888017 0.009276 0.006594
12 0.197636 0.885402 0.009276 0.005002
12 0.176691 0.885630 0.009276 0.006367
11 0.831987 0.885175 0.006284 0.005912
16 0.726212 0.884152 0.010772 0.007958
11 0.366098 0.880855 0.008677 0.005912
11 0.244913 0.857322 0.009276 0.006594
11 0.176242 0.855275 0.010772 0.007503
11 0.862059 0.851864 0.009575 0.006139
11 0.759874 0.850955 0.008677 0.006139
11 0.744315 0.850955 0.009874 0.006139
13 0.696888 0.850841 0.008977 0.006821
11 0.300868 0.849704 0.009874 0.006367
11 0.408588 0.847885 0.007481 0.003638
12 0.407092 0.829241 0.008677 0.006367
12 0.683423 0.847999 0.008378 0.005684
16 0.099791 0.847317 0.006284 0.004320
11 0.366248 0.847203 0.007780 0.005912
12 0.365500 0.829241 0.009874 0.006367
11 0.331089 0.847203 0.009276 0.005912
13 0.662029 0.845725 0.008079 0.005684
12 0.526780 0.845157 0.008079 0.006367
16 0.640485 0.842201 0.008677 0.004548
13 0.626721 0.840382 0.009276 0.005912
12 0.586176 0.840155 0.008378 0.006367
12 0.542340 0.839814 0.008677 0.006594
12 0.611759 0.837767 0.009276 0.006139
13 0.572113 0.837199 0.008977 0.005912
12 0.557899 0.834925 0.007481 0.005912
12 0.480999 0.814688 0.003890 0.005912
11 0.366547 0.803433 0.008378 0.006594
11 0.330940 0.802751 0.008977 0.006139
11 0.330042 0.784675 0.008378 0.006367
11 0.409485 0.795475 0.008079 0.005684
12 0.410084 0.788995 0.004488 0.004093
11 0.245362 0.795703 0.008378 0.006594
17 0.176092 0.793201 0.010473 0.007049
12 0.745063 0.788540 0.007780 0.004093
11 0.761520 0.788540 0.005984 0.005002
11 0.861909 0.788540 0.009276 0.005457
11 0.301765 0.786835 0.009276 0.005230
16 0.445691 0.782515 0.004488 0.003865
15 0.481598 0.762278 0.005087 0.006139
15 0.481149 0.751705 0.004189 0.006821
12 0.918911 0.739200 0.007780 0.005002
12 0.904847 0.736585 0.009575 0.006594
13 0.883453 0.733856 0.008079 0.005230
12 0.747008 0.733970 0.008079 0.005912
12 0.364752 0.731696 0.005984 0.003183
12 0.364901 0.711232 0.008079 0.005912
13 0.861610 0.731583 0.008677 0.005684
12 0.698683 0.731128 0.007181 0.005684
13 0.847995 0.728513 0.008378 0.005002
12 0.804458 0.728513 0.008079 0.005912
13 0.762418 0.728399 0.008378 0.005684
12 0.175793 0.728854 0.011071 0.006594
17 0.175793 0.735448 0.011071 0.006594
12 0.174746 0.716803 0.010174 0.007049
12 0.448983 0.727603 0.008079 0.005912
12 0.301616 0.727149 0.008378 0.005912
12 0.301616 0.733060 0.008378 0.005912
12 0.300868 0.714643 0.009874 0.006367
12 0.833034 0.725671 0.010174 0.006594
13 0.788749 0.725671 0.008977 0.006594
11 0.641682 0.725557 0.008677 0.006367
11 0.330940 0.723397 0.007780 0.004775
11 0.330940 0.728172 0.007780 0.004775
12 0.330491 0.708731 0.009276 0.006367
13 0.775135 0.723170 0.007481 0.006139
11 0.407092 0.722487 0.008677 0.005684
11 0.407092 0.728172 0.008677 0.005684
12 0.406194 0.709300 0.008677 0.006594
11 0.611759 0.720896 0.008079 0.006139
17 0.509874 0.719986 0.010772 0.007958
12 0.849491 0.667008 0.008378 0.005684
13 0.341712 0.666212 0.004788 0.006821
14 0.339916 0.616985 0.008378 0.009322
14 0.340066 0.609595 0.008079 0.005457
15 0.342310 0.593452 0.005386 0.005912
16 0.340365 0.526148 0.007481 0.005002
16 0.340365 0.531151 0.007481 0.005002
16 0.340365 0.536153 0.007481 0.005002
16 0.340066 0.495566 0.008079 0.005230
12 0.339617 0.463734 0.008977 0.004775
12 0.339617 0.468508 0.008977 0.004775
12 0.338869 0.411551 0.008677 0.003638
12 0.335727 0.513529 0.004189 0.003865
16 0.340066 0.490337 0.008079 0.005230
16 0.340515 0.476921 0.007181 0.005230
16 0.340515 0.482151 0.007181 0.005230
16 0.340664 0.545475 0.006882 0.006367
11 0.263615 0.663938 0.008378 0.005912
12 0.175194 0.663711 0.008079 0.005457
13 0.915769 0.659277 0.008677 0.006594
12 0.866098 0.659163 0.008079 0.006367
12 0.899910 0.657458 0.007481 0.004775
13 0.878217 0.654047 0.007780 0.006139
16 0.850987 0.618690 0.007780 0.005457
12 0.916517 0.610732 0.008378 0.006821
13 0.866547 0.610618 0.008378 0.006594
13 0.900808 0.608458 0.008079 0.006821
13 0.879114 0.605389 0.007780 0.006139
12 0.066128 0.604025 0.005386 0.005230
17 0.176391 0.596407 0.009276 0.007276
17 0.264363 0.596407 0.009874 0.008186
17 0.177139 0.579923 0.010174 0.007049
11 0.263764 0.580036 0.011071 0.008186
12 0.852184 0.564575 0.008378 0.005457
12 0.916966 0.556958 0.009276 0.006594
13 0.866248 0.556730 0.007181 0.006139
16 0.900060 0.554457 0.007181 0.005230
13 0.879414 0.552069 0.007780 0.005912
17 0.839168 0.533538 0.011071 0.007958
11 0.286206 0.530468 0.009276 0.006367
11 0.262567 0.529332 0.008079 0.005002
11 0.262867 0.523079 0.008079 0.006139
11 0.217983 0.523761 0.009276 0.005684
13 0.217983 0.517281 0.005685 0.003638
11 0.799820 0.523761 0.009575 0.006594
11 0.757331 0.521487 0.009575 0.005684
18 0.438061 0.518190 0.005984 0.002729
11 0.722023 0.518531 0.008378 0.006139
11 0.198384 0.518417 0.009575 0.005912
11 0.197786 0.510232 0.008378 0.005002
11 0.609216 0.518417 0.009575 0.007731
12 0.578247 0.515916 0.007481 0.005457
13 0.564183 0.510346 0.007481 0.005230
13 0.542490 0.507844 0.008378 0.006594
16 0.521095 0.505457 0.008079 0.006367
12 0.388839 0.505116 0.008677 0.005684
16 0.175494 0.504889 0.008079 0.005230
16 0.175494 0.510118 0.008079 0.005230
16 0.504339 0.502842 0.008677 0.006594
12 0.483692 0.499545 0.009874 0.005457
16 0.404548 0.499773 0.008977 0.005912
12 0.451526 0.497613 0.008378 0.006139
12 0.435966 0.493747 0.009575 0.007503
13 0.420407 0.490564 0.008378 0.006594
13 0.802962 0.480218 0.009874 0.006821
13 0.787552 0.477603 0.009575 0.007049
12 0.773788 0.474989 0.008977 0.006367
18 0.772741 0.456116 0.006284 0.003183
12 0.619390 0.473852 0.009575 0.006821
12 0.262717 0.472829 0.008378 0.005684
12 0.262268 0.466007 0.008677 0.005684
17 0.837074 0.473511 0.011071 0.007958
16 0.759575 0.471805 0.009276 0.005912
11 0.285757 0.471692 0.009575 0.006139
13 0.721724 0.470100 0.008977 0.006594
13 0.743866 0.468736 0.007780 0.005684
12 0.690754 0.466462 0.009276 0.005684
13 0.635847 0.466235 0.007780 0.006139
12 0.674147 0.463620 0.010174 0.006367
13 0.651406 0.460778 0.008378 0.004775
11 0.218582 0.460891 0.009276 0.005457
11 0.218582 0.466348 0.009276 0.005457
11 0.197487 0.461005 0.007780 0.006139
11 0.196738 0.453047 0.008677 0.007049
11 0.175943 0.447476 0.008378 0.005912
11 0.175943 0.453388 0.008378 0.005912
17 0.073758 0.432015 0.004488 0.029559
12 0.839168 0.411664 0.011071 0.006139
13 0.839168 0.417804 0.011071 0.006139
12 0.838420 0.399955 0.010772 0.008186
11 0.787403 0.407231 0.008677 0.006367
17 0.610413 0.406889 0.010772 0.006594
11 0.307301 0.404388 0.009575 0.006139
17 0.723519 0.404502 0.010772 0.007276
12 0.579593 0.399613 0.008378 0.005684
11 0.521993 0.396544 0.009276 0.005912
11 0.483692 0.393815 0.009276 0.005912
17 0.369689 0.392792 0.010473 0.007503
17 0.263914 0.384152 0.009575 0.007503
17 0.175943 0.384152 0.010174 0.007503
11 0.464243 0.346749 0.008677 0.006367
11 0.446888 0.346749 0.009874 0.006367
11 0.867295 0.344020 0.008079 0.005457
12 0.849042 0.344020 0.008677 0.005457
11 0.667415 0.344020 0.009276 0.005457
12 0.647816 0.344247 0.008378 0.005912
11 0.548773 0.344247 0.008977 0.005912
11 0.738779 0.341974 0.005984 0.005912
11 0.235937 0.341519 0.006882 0.005912
11 0.215440 0.341519 0.008977 0.005912
16 0.204668 0.338904 0.005386 0.004320
11 0.323908 0.336630 0.009276 0.006139
12 0.074357 0.293656 0.004488 0.008868
11 0.063435 0.280696 0.005386 0.006139
12 0.699581 0.275011 0.007780 0.005684
12 0.910233 0.274443 0.008378 0.006367
16 0.510772 0.274670 0.009575 0.006821
11 0.431029 0.272624 0.009276 0.007276
11 0.628665 0.271942 0.009575 0.006821
12 0.282466 0.271714 0.008977 0.007276
11 0.818372 0.271146 0.010174 0.007049
17 0.738031 0.271714 0.010473 0.008186
17 0.549820 0.271487 0.011071 0.007731
17 0.324207 0.271601 0.009874 0.007958
11 0.463345 0.270009 0.007481 0.005684
11 0.664273 0.269327 0.008378 0.006139
11 0.187911 0.269554 0.008977 0.006594
11 0.864452 0.268645 0.007780 0.005684
11 0.236385 0.266371 0.008977 0.007503
11 0.431329 0.245680 0.009874 0.007049
17 0.628516 0.243065 0.010473 0.006367
17 0.549671 0.243406 0.011370 0.007049
17 0.819270 0.242724 0.011370 0.006594
11 0.235937 0.240109 0.008079 0.005912
12 0.216038 0.239882 0.006583 0.005457
17 0.738330 0.240223 0.010473 0.007049
12 0.204369 0.237381 0.008378 0.005002
18 0.204369 0.242383 0.008378 0.005002
16 0.324506 0.235107 0.010473 0.007731
11 0.234141 0.190427 0.007481 0.005230
11 0.235637 0.184175 0.007481 0.005002
11 0.323459 0.189745 0.008977 0.006139
11 0.323459 0.195884 0.008977 0.006139
11 0.267205 0.189632 0.009575 0.005912
11 0.267205 0.195543 0.009575 0.005912
18 0.256583 0.187699 0.007481 0.004775
12 0.217235 0.187017 0.008378 0.004775
11 0.187463 0.186676 0.008079 0.004548
11 0.187163 0.193270 0.007481 0.005912
11 0.591263 0.174852 0.008977 0.006367
11 0.497157 0.174852 0.009874 0.006367
11 0.775883 0.174397 0.008378 0.006367
12 0.683423 0.174625 0.009575 0.006821
17 0.892280 0.174056 0.008977 0.006594
12 0.628815 0.172237 0.006882 0.005230
11 0.737882 0.172010 0.007181 0.005230
11 0.548025 0.172124 0.008079 0.005457
11 0.433273 0.172124 0.007780 0.005457
11 0.819270 0.171783 0.007780 0.006594
11 0.865500 0.169168 0.008677 0.005912
12 0.757481 0.169281 0.008677 0.006139
11 0.665021 0.169509 0.009276 0.006594
11 0.568073 0.169736 0.009874 0.007049
11 0.464991 0.169623 0.008977 0.006821
13 0.176990 0.133811 0.005685 0.003411
12 0.178187 0.127785 0.006284 0.004548
11 0.267355 0.133015 0.008677 0.005457
11 0.267355 0.138472 0.008677 0.005457
11 0.188809 0.130400 0.008977 0.005684
11 0.188809 0.136085 0.008977 0.005684
11 0.235338 0.126648 0.009276 0.005457
11 0.235338 0.132106 0.009276 0.005457
12 0.389138 0.123693 0.005685 0.004093
12 0.389437 0.117440 0.009874 0.004320
16 0.323758 0.119600 0.007780 0.005912
14 0.325554 0.113802 0.005984 0.004320
11 0.590066 0.117099 0.008977 0.005002
11 0.590066 0.122101 0.008977 0.005002
11 0.495063 0.116871 0.009874 0.005002
11 0.495063 0.121874 0.009874 0.005002
12 0.682825 0.116530 0.008378 0.005230
12 0.682825 0.121760 0.008378 0.005230
12 0.890485 0.115962 0.008378 0.005002
12 0.890485 0.120964 0.008378 0.005002
11 0.774686 0.116189 0.008378 0.005457
11 0.774686 0.121646 0.008378 0.005457
12 0.548474 0.114370 0.008378 0.005457
11 0.548474 0.119827 0.008378 0.005457
11 0.431029 0.114484 0.008079 0.005684
11 0.431029 0.120168 0.008079 0.005684
11 0.736385 0.113915 0.007181 0.005457
11 0.736385 0.119372 0.007181 0.005457
11 0.626721 0.113915 0.008079 0.005457
11 0.626721 0.119372 0.008079 0.005457
11 0.818522 0.113461 0.007481 0.005457
11 0.818522 0.118918 0.007481 0.005457
11 0.356523 0.112096 0.009874 0.005457
11 0.356523 0.117553 0.009874 0.005457
11 0.665769 0.111755 0.009575 0.005684
11 0.665769 0.117440 0.009575 0.005684
11 0.464692 0.111642 0.009575 0.005457
11 0.464692 0.117099 0.009575 0.005457
11 0.864901 0.111187 0.009276 0.005457
11 0.864901 0.116644 0.009276 0.005457
11 0.759126 0.111187 0.009575 0.005457
11 0.759126 0.116644 0.009575 0.005457
11 0.568821 0.111414 0.009575 0.005912
11 0.568821 0.117326 0.009575 0.005912
13 0.313136 0.089927 0.004488 0.004320
18 0.323758 0.089131 0.007181 0.006821
17 0.326451 0.052979 0.010772 0.008186
12 0.234889 0.069122 0.007181 0.005912
12 0.234590 0.051160 0.009575 0.006367
12 0.284111 0.060823 0.008677 0.006594
12 0.509725 0.055821 0.008079 0.005230
12 0.909785 0.056048 0.008079 0.006139
12 0.698384 0.055593 0.009575 0.006139
11 0.818671 0.053547 0.008977 0.006594
11 0.627319 0.053092 0.009276 0.007503
11 0.430132 0.052865 0.008677 0.007049
17 0.737433 0.052524 0.010473 0.008186
17 0.550419 0.052524 0.011071 0.008186
12 0.186565 0.051387 0.009874 0.005912
18 0.864303 0.051046 0.010473 0.006139
12 0.464542 0.050932 0.009276 0.005912
12 0.664423 0.050477 0.008079 0.005912
12 0.089019 0.034902 0.004488 0.007503
5 0.311041 0.232265 0.008677 0.015689
5 0.452873 0.046953 0.008677 0.016144
0 0.098594 0.511937 0.023040 0.024784
0 0.100389 0.178377 0.023040 0.023420
0 0.097397 0.405525 0.021843 0.032970
3 0.509425 0.399159 0.006882 0.015689
3 0.890335 0.608117 0.007481 0.020691
5 0.485787 0.171328 0.008677 0.014779
3 0.144674 0.560823 0.008677 0.021601
5 0.451676 0.167235 0.008677 0.014779
3 0.498354 0.056276 0.007481 0.020236
3 0.168911 0.134720 0.006882 0.017963
4 0.270946 0.271828 0.009874 0.015689
0 0.097098 0.454184 0.022442 0.032060
3 0.516607 0.844588 0.008079 0.020691
5 0.309246 0.333674 0.008677 0.014779
5 0.230251 0.183606 0.015859 0.018417
3 0.421454 0.171328 0.008079 0.020236
5 0.224267 0.048545 0.007481 0.014779
3 0.317923 0.802524 0.006882 0.020236
3 0.357121 0.710891 0.012268 0.020691
3 0.615949 0.241360 0.006882 0.012960
0 0.100090 0.121987 0.022442 0.034334
3 0.176990 0.051728 0.007481 0.019327
5 0.223070 0.065598 0.007481 0.015234
3 0.532765 0.507617 0.008079 0.021601
3 0.396619 0.828672 0.007481 0.020691
3 0.256583 0.948954 0.007481 0.013870
3 0.664423 0.463506 0.009276 0.020691
0 0.099791 0.725671 0.021843 0.032060
3 0.888839 0.656548 0.006882 0.016598
3 0.354728 0.827535 0.007481 0.016598
3 0.493866 0.502842 0.006882 0.021146
3 0.256583 0.897794 0.007481 0.019782
5 0.271544 0.056958 0.008677 0.016144
3 0.168612 0.193383 0.007481 0.017963
2 0.098294 0.559914 0.026032 0.020691
2 0.097098 0.233629 0.018851 0.019327
4 0.222771 0.266144 0.009276 0.016144
3 0.164423 0.717485 0.007481 0.018417
2 0.097995 0.288881 0.025434 0.020691
3 0.710203 0.468963 0.007481 0.020691
3 0.636595 0.342315 0.007481 0.017508
3 0.177588 0.270464 0.007481 0.020236
3 0.481299 0.822078 0.005685 0.013870
5 0.209007 0.934402 0.010473 0.014779
2 0.095601 0.334584 0.017056 0.019327
3 0.319420 0.846407 0.007481 0.020691
3 0.355326 0.878695 0.007481 0.019782
3 0.320018 0.896658 0.007481 0.017508
3 0.321514 0.947135 0.008079 0.022055
2 0.096798 0.662233 0.019449 0.019782
3 0.319420 0.782060 0.006284 0.016598
3 0.734740 0.733402 0.007481 0.020236
4 0.256882 0.130855 0.009276 0.012960
3 0.745212 0.520805 0.008079 0.019782
2 0.095901 0.613802 0.018851 0.020236
2 0.097696 0.886653 0.018851 0.020236
3 0.164722 0.934857 0.008079 0.020236
3 0.355625 0.928263 0.008079 0.019782
5 0.149761 0.671555 0.008079 0.013870
1 0.099491 0.076057 0.022442 0.040700
3 0.130311 0.661323 0.008677 0.020691
5 0.555206 0.507162 0.008677 0.015234
3 0.164123 0.734311 0.008079 0.019327
0 0.099641 0.775807 0.020946 0.033652
5 0.135548 0.457481 0.007780 0.013643
5 0.122681 0.454752 0.007181 0.013643
5 0.129563 0.446567 0.007780 0.013643
3 0.166966 0.884720 0.007181 0.018645
1 0.186715 0.880173 0.007181 0.018645
5 0.137941 0.076398 0.008977 0.010005
0 0.149013 0.074807 0.010772 0.014097
1 0.144225 0.065712 0.002394 0.010459
5 0.132555 0.064575 0.007780 0.013643
2 0.099042 0.935198 0.014961 0.017735
4 0.216637 0.133015 0.008378 0.015916
5 0.123579 0.889495 0.007780 0.014552
5 0.136445 0.341519 0.008378 0.011824
5 0.122681 0.337881 0.007181 0.014552
3 0.143926 0.336062 0.008977 0.020919
5 0.129563 0.330150 0.007780 0.013643
5 0.122382 0.406321 0.007780 0.015007
5 0.873429 0.730332 0.006583 0.014552
5 0.150808 0.843793 0.008378 0.013188
5 0.143926 0.833333 0.007780 0.014097
5 0.130461 0.113915 0.008378 0.013188
3 0.354877 0.730332 0.007181 0.020919
3 0.347098 0.724420 0.007181 0.020009
5 0.136146 0.565030 0.007780 0.013188
5 0.136146 0.515689 0.007780 0.014552
5 0.122382 0.512278 0.007780 0.014097
1 0.134051 0.179627 0.002394 0.010005
5 0.123878 0.178718 0.007181 0.013643
5 0.130162 0.171896 0.007780 0.011824
5 0.137941 0.778308 0.007780 0.014097
5 0.130760 0.768304 0.007780 0.014097
3 0.397666 0.846749 0.007780 0.019100
5 0.151107 0.183265 0.006583 0.013643
3 0.142579 0.457026 0.007481 0.018190
5 0.148414 0.457026 0.007181 0.018190
3 0.370886 0.120964 0.007481 0.018190
3 0.377469 0.114598 0.007481 0.018190
3 0.137193 0.890405 0.007481 0.018190
5 0.143776 0.886767 0.007481 0.018190
5 0.150209 0.892678 0.007181 0.018190
3 0.130610 0.401091 0.007481 0.018190
5 0.137044 0.405184 0.007181 0.018190
3 0.143178 0.288768 0.007481 0.018190
5 0.149611 0.294679 0.007181 0.018190
4 0.123429 0.288313 0.007481 0.018190
3 0.129862 0.286039 0.007181 0.018190
3 0.144375 0.239768 0.007481 0.016598
5 0.149611 0.239768 0.007181 0.016598
4 0.124028 0.233288 0.007481 0.018190
3 0.130012 0.230559 0.007481 0.018190
3 0.135847 0.235562 0.007181 0.018190
3 0.131807 0.839359 0.007481 0.017963
5 0.137642 0.839359 0.007181 0.017963
3 0.130012 0.612096 0.007481 0.018190
3 0.136445 0.616644 0.007181 0.018190
5 0.136894 0.123238 0.007481 0.018190
3 0.144075 0.117781 0.007481 0.018190
5 0.151406 0.124602 0.007181 0.018190
3 0.144375 0.729764 0.007481 0.017963
5 0.150808 0.729764 0.007181 0.017963
3 0.130012 0.726808 0.007481 0.015689
3 0.136445 0.726808 0.007181 0.015689
5 0.081239 0.837653 0.007481 0.018190
3 0.090365 0.835834 0.007181 0.018190
4 0.177588 0.067076 0.007481 0.018190
3 0.144375 0.773079 0.007481 0.018190
3 0.150209 0.778081 0.007181 0.018190
4 0.339168 0.109823 0.007481 0.018190
5 0.345901 0.109823 0.007181 0.018190
3 0.145272 0.409732 0.007481 0.018190
5 0.150209 0.409732 0.007181 0.018190