10 0.196888 0.948613 0.011370 0.005002
10 0.342609 0.947249 0.011969 0.005002
8 0.483244 0.945998 0.011969 0.006594
7 0.660383 0.948045 0.011969 0.012506
8 0.595452 0.945089 0.011370 0.006594
9 0.505984 0.899500 0.007181 0.020919
9 0.457810 0.900182 0.008977 0.015916
10 0.539497 0.893361 0.005984 0.002729
10 0.708259 0.892678 0.005984 0.002274
9 0.674446 0.899727 0.008977 0.017735
10 0.398265 0.888813 0.005984 0.002729
8 0.195392 0.842542 0.011969 0.007049
7 0.347995 0.844361 0.011969 0.013415
7 0.492220 0.843224 0.011969 0.012960
7 0.596948 0.842315 0.011969 0.012960
9 0.628965 0.847658 0.008977 0.035016
9 0.614602 0.847658 0.007780 0.035016
10 0.693297 0.828558 0.010772 0.002274
10 0.723818 0.828558 0.005984 0.004093
10 0.836326 0.826967 0.007181 0.003638
10 0.534111 0.826967 0.014363 0.004548
10 0.851885 0.826739 0.005984 0.005002
10 0.305506 0.814688 0.008378 0.001819
10 0.223220 0.813779 0.010174 0.003638
10 0.142430 0.812756 0.006583 0.002046
10 0.241472 0.810255 0.009575 0.001592
10 0.367145 0.809686 0.047876 0.003638
10 0.736385 0.808322 0.010772 0.001819
10 0.701077 0.803092 0.007181 0.003638
9 0.291741 0.797635 0.009575 0.022738
9 0.325554 0.799227 0.005386 0.019554
7 0.818671 0.790359 0.005386 0.015462
10 0.435966 0.762847 0.005984 0.001819
10 0.295332 0.762847 0.011969 0.001819
10 0.157092 0.760232 0.005984 0.001592
10 0.143028 0.759663 0.007780 0.004548
10 0.678935 0.755684 0.005984 0.001592
10 0.578396 0.755798 0.005984 0.003183
8 0.189408 0.701342 0.011969 0.006594
10 0.330640 0.700318 0.011969 0.005002
8 0.595153 0.699523 0.011969 0.006594
8 0.461999 0.699750 0.012567 0.007049
10 0.860563 0.698954 0.012567 0.005002
8 0.725913 0.698613 0.010174 0.006594
10 0.848893 0.667349 0.011969 0.001819
10 0.691502 0.666098 0.009575 0.002501
10 0.552813 0.665985 0.014662 0.004548
7 0.311490 0.666326 0.011969 0.012960
7 0.437463 0.664507 0.011370 0.009322
7 0.632555 0.665643 0.011370 0.012506
10 0.709455 0.661437 0.009575 0.004548
10 0.343507 0.627217 0.006583 0.002046
9 0.492519 0.619486 0.007780 0.024784
7 0.440156 0.616985 0.011969 0.012506
7 0.312687 0.617212 0.011969 0.012960
7 0.841412 0.616075 0.011370 0.013415
6 0.868043 0.614256 0.009575 0.017963
9 0.339019 0.615734 0.009575 0.020919
9 0.744764 0.607208 0.010772 0.021146
10 0.699880 0.590950 0.011969 0.001819
10 0.683124 0.590950 0.009575 0.001819
10 0.683124 0.588449 0.014363 0.002274
7 0.218731 0.580719 0.009575 0.017735
10 0.892579 0.582992 0.005984 0.003183
10 0.559545 0.572533 0.006583 0.003183
7 0.370138 0.572419 0.011969 0.013415
10 0.575105 0.567303 0.007780 0.002729
7 0.500000 0.571737 0.011969 0.012960
10 0.294734 0.563665 0.005984 0.001819
9 0.284859 0.569918 0.005386 0.019327
10 0.763016 0.562983 0.006583 0.004093
9 0.320168 0.571737 0.010174 0.022965
10 0.425793 0.533652 0.007181 0.001819
10 0.301915 0.533652 0.005984 0.001819
10 0.484440 0.533197 0.019150 0.002729
10 0.640934 0.525466 0.007780 0.002729
10 0.842908 0.525921 0.008378 0.004548
9 0.409336 0.519100 0.008977 0.017735
9 0.368342 0.518417 0.007181 0.020919
9 0.436266 0.516371 0.004189 0.023192
8 0.861460 0.471464 0.011969 0.007958
10 0.723818 0.471123 0.011969 0.005002
10 0.595153 0.471123 0.011969 0.005002
10 0.450928 0.471123 0.011969 0.005002
8 0.180431 0.470782 0.011969 0.006594
8 0.310892 0.470555 0.011969 0.007049
9 0.699581 0.448840 0.007780 0.012733
10 0.255835 0.443838 0.007181 0.003183
10 0.190904 0.439745 0.006583 0.003183
7 0.623579 0.439177 0.011370 0.013415
7 0.457510 0.439177 0.013166 0.013415
7 0.318671 0.439177 0.011969 0.012506
7 0.765111 0.438950 0.011969 0.013870
9 0.804309 0.428263 0.004189 0.024329
10 0.171753 0.420191 0.006583 0.002274
10 0.162478 0.420646 0.007181 0.004093
10 0.350987 0.399727 0.005984 0.004093
7 0.625374 0.390291 0.012567 0.012960
7 0.766008 0.390064 0.011370 0.013415
7 0.330341 0.389154 0.013764 0.022510
10 0.299521 0.376876 0.008378 0.002501
10 0.436864 0.376762 0.008977 0.002729
10 0.266906 0.374943 0.008977 0.004548
10 0.408737 0.374716 0.012567 0.005002
10 0.330042 0.362665 0.007181 0.001819
10 0.358468 0.362892 0.013764 0.005002
10 0.330042 0.360164 0.009575 0.002274
10 0.808498 0.350159 0.008977 0.003183
7 0.766308 0.345498 0.011969 0.012506
7 0.625075 0.345725 0.011969 0.012960
9 0.573609 0.347999 0.010772 0.023874
10 0.742370 0.311733 0.013166 0.001819
10 0.604129 0.311733 0.009575 0.001819
10 0.463495 0.311733 0.010772 0.001819
10 0.604129 0.309459 0.005984 0.001819
10 0.764512 0.309231 0.008378 0.002274
10 0.756732 0.310368 0.015560 0.004548
10 0.461700 0.309686 0.016756 0.004093
10 0.628965 0.310141 0.011969 0.001819
10 0.672950 0.307412 0.005984 0.003183
10 0.603531 0.306276 0.005984 0.001819
10 0.179234 0.309004 0.006583 0.002274
9 0.594255 0.297635 0.006583 0.015916
10 0.784560 0.291724 0.008977 0.002729
9 0.736385 0.297863 0.009575 0.016371
10 0.642130 0.291496 0.006583 0.002274
9 0.531119 0.297863 0.005984 0.016371
10 0.456314 0.291496 0.007181 0.003183
9 0.316876 0.297408 0.008378 0.018190
10 0.255236 0.291041 0.008378 0.003183
10 0.142729 0.289222 0.005984 0.003183
8 0.727708 0.245907 0.012567 0.007049
8 0.595153 0.246135 0.010772 0.007503
8 0.858169 0.245907 0.010174 0.007049
8 0.459306 0.246135 0.009575 0.007503
10 0.200479 0.245566 0.012567 0.005002
8 0.328845 0.245907 0.010772 0.007958
9 0.864752 0.229081 0.005386 0.010687
10 0.598743 0.229650 0.005984 0.005002
10 0.774686 0.219873 0.015560 0.002729
10 0.619689 0.211687 0.009575 0.003638
9 0.872232 0.214984 0.009575 0.013415
7 0.841712 0.213165 0.011969 0.013415
7 0.473070 0.212710 0.011969 0.013415
7 0.339019 0.212028 0.011969 0.012960
7 0.199282 0.211801 0.012567 0.013415
9 0.810592 0.212938 0.009575 0.022965
9 0.603830 0.199750 0.010174 0.028422
10 0.502394 0.190541 0.005984 0.003183
10 0.770796 0.176216 0.008977 0.002729
10 0.683722 0.173943 0.010772 0.002729
10 0.613106 0.168940 0.005984 0.001819
10 0.562537 0.164507 0.013764 0.003865
7 0.842310 0.162460 0.011969 0.012960
10 0.739976 0.158254 0.007181 0.002274
10 0.767804 0.158026 0.006583 0.002729
10 0.786355 0.153479 0.007780 0.002729
10 0.726511 0.152115 0.006583 0.003638
7 0.626272 0.154161 0.008378 0.016371
10 0.608318 0.151887 0.005984 0.003183
10 0.547277 0.152115 0.005984 0.003638
8 0.229204 0.157344 0.008977 0.016371
9 0.169360 0.157117 0.008977 0.016826
9 0.140634 0.157117 0.008977 0.016826
9 0.179533 0.154729 0.010174 0.022055
9 0.582885 0.151205 0.010174 0.022283
9 0.643028 0.151205 0.008378 0.022283
9 0.427887 0.152342 0.010174 0.021828
9 0.353381 0.152115 0.010772 0.021373
10 0.280072 0.123579 0.006583 0.002046
7 0.701376 0.122442 0.013764 0.008413
10 0.618941 0.121191 0.012867 0.004548
10 0.342908 0.120737 0.010174 0.003638
10 0.354279 0.119600 0.008977 0.004093
10 0.831538 0.112324 0.005984 0.002274
9 0.786056 0.119714 0.009575 0.020236
9 0.501795 0.121078 0.011969 0.023874
9 0.229503 0.119031 0.011969 0.022510
10 0.140335 0.108913 0.007181 0.002729
10 0.552065 0.118236 0.007780 0.001819
9 0.642579 0.110846 0.005685 0.022510
10 0.896469 0.101864 0.007780 0.003183
10 0.456912 0.075716 0.011969 0.002729
10 0.431777 0.072874 0.008378 0.001592
10 0.610712 0.074125 0.017953 0.005002
10 0.169060 0.072760 0.008378 0.003183
9 0.872232 0.062869 0.009575 0.022055
9 0.811490 0.061164 0.007780 0.018645
9 0.437463 0.059118 0.006583 0.030014
18 0.732196 0.949068 0.007181 0.002274
18 0.710952 0.949181 0.011370 0.002501
13 0.724865 0.933038 0.008079 0.005684
12 0.690604 0.933265 0.007780 0.006139
12 0.756284 0.932583 0.008677 0.005684
12 0.903202 0.932356 0.009276 0.006139
12 0.872382 0.932697 0.008677 0.006821
13 0.855027 0.929513 0.009874 0.006821
13 0.837971 0.928263 0.009276 0.006139
13 0.809246 0.911437 0.010473 0.006139
12 0.808199 0.878354 0.008977 0.007276
12 0.808049 0.924511 0.008079 0.006821
13 0.772890 0.904502 0.007780 0.005912
13 0.757780 0.902115 0.009276 0.006594
13 0.741921 0.899955 0.008677 0.005457
12 0.524087 0.898704 0.009874 0.006139
13 0.571065 0.898704 0.010473 0.007049
13 0.725763 0.897567 0.008677 0.005684
13 0.661131 0.897794 0.008677 0.006139
13 0.459156 0.896430 0.008079 0.005230
13 0.492669 0.896317 0.006882 0.005912
13 0.539348 0.895748 0.008079 0.005684
13 0.675793 0.894952 0.008079 0.005002
13 0.598594 0.895521 0.010473 0.006139
13 0.349042 0.895521 0.010473 0.006139
13 0.315081 0.895634 0.009575 0.006367
13 0.708109 0.894839 0.008079 0.005684
13 0.428336 0.894611 0.009874 0.006139
13 0.381658 0.894725 0.007481 0.006367
13 0.474716 0.894043 0.008079 0.005912
13 0.174895 0.894156 0.009276 0.006139
13 0.508827 0.893702 0.010473 0.006139
13 0.284560 0.893702 0.009575 0.006139
13 0.239976 0.893702 0.008977 0.006139
13 0.208408 0.893815 0.009276 0.006367
13 0.330341 0.893020 0.008977 0.005684
13 0.693447 0.892337 0.008677 0.006139
13 0.365051 0.892337 0.009575 0.006139
13 0.397367 0.891655 0.007780 0.005684
13 0.141831 0.891996 0.009575 0.006367
13 0.441801 0.891428 0.009276 0.006139
13 0.298624 0.890746 0.008977 0.005684
13 0.190156 0.890973 0.009276 0.006139
13 0.254039 0.890746 0.008378 0.006594
12 0.224267 0.890746 0.009276 0.006594
13 0.160533 0.888699 0.009276 0.007049
12 0.872232 0.886767 0.008977 0.005912
12 0.901706 0.886198 0.009874 0.006594
13 0.853082 0.885061 0.009575 0.006139
13 0.837074 0.881878 0.009874 0.006139
17 0.284710 0.863461 0.009874 0.006594
11 0.283812 0.845725 0.010473 0.006594
13 0.382107 0.862551 0.008378 0.006594
13 0.380162 0.844475 0.009276 0.005912
11 0.428336 0.862324 0.009874 0.007049
11 0.427738 0.844134 0.009874 0.006139
13 0.397516 0.862324 0.009276 0.007049
13 0.397217 0.844475 0.008677 0.005912
13 0.522890 0.861869 0.009874 0.007049
13 0.522591 0.843224 0.009276 0.006139
11 0.568671 0.861187 0.009276 0.006594
11 0.568971 0.842769 0.009874 0.006139
13 0.539348 0.861414 0.010473 0.007049
13 0.538450 0.843224 0.009874 0.006139
13 0.627469 0.861073 0.009575 0.006821
13 0.626122 0.842542 0.009276 0.005684
13 0.612208 0.860846 0.008977 0.006821
13 0.611909 0.842656 0.009575 0.005912
13 0.757181 0.860391 0.009276 0.006821
13 0.756583 0.842087 0.010473 0.006594
12 0.725613 0.860391 0.009575 0.006821
12 0.724865 0.842315 0.010473 0.006139
12 0.661430 0.860391 0.009276 0.006821
12 0.660682 0.842315 0.010174 0.006139
13 0.808049 0.859936 0.008079 0.006821
12 0.807451 0.841974 0.009874 0.006367
12 0.692400 0.859823 0.010174 0.006594
12 0.692250 0.842315 0.009874 0.006139
12 0.822861 0.842315 0.010174 0.006139
13 0.853232 0.842087 0.009874 0.006594
13 0.838270 0.842087 0.009874 0.006594
13 0.837672 0.824238 0.008677 0.005457
13 0.837672 0.829695 0.008677 0.005457
13 0.836774 0.787062 0.008677 0.005684
13 0.852783 0.823897 0.008977 0.005684
13 0.852783 0.829582 0.008977 0.005684
13 0.852932 0.787176 0.009276 0.005912
13 0.822262 0.823784 0.008977 0.005457
12 0.822262 0.829241 0.008977 0.005457
13 0.821664 0.787176 0.008378 0.005912
18 0.877469 0.809118 0.012867 0.005230
18 0.877469 0.814347 0.012867 0.005230
11 0.865500 0.800250 0.009276 0.006139
11 0.865500 0.806389 0.009276 0.006139
13 0.872531 0.787062 0.008378 0.005684
13 0.867145 0.855503 0.012567 0.007958
13 0.872232 0.841860 0.009575 0.006139
18 0.871783 0.824466 0.008677 0.005002
11 0.871783 0.829468 0.008677 0.005002
13 0.140485 0.801160 0.008677 0.005684
13 0.189408 0.798317 0.008378 0.006367
13 0.159037 0.798431 0.009874 0.006594
13 0.223220 0.797863 0.008378 0.006367
13 0.283214 0.796839 0.008079 0.006139
13 0.253591 0.797181 0.008677 0.006821
13 0.173998 0.795589 0.009874 0.006367
13 0.238929 0.795134 0.009276 0.006367
13 0.208408 0.795020 0.009276 0.006139
13 0.299072 0.794566 0.008677 0.006139
13 0.330940 0.793884 0.010174 0.005684
13 0.364004 0.793656 0.009874 0.006139
13 0.427738 0.793201 0.009874 0.006139
13 0.397367 0.793088 0.008378 0.006821
12 0.348594 0.791610 0.009575 0.005684
13 0.314931 0.791610 0.009276 0.005684
13 0.443597 0.791155 0.009276 0.005684
13 0.381508 0.791269 0.009575 0.005912
13 0.474865 0.790928 0.009575 0.006139
13 0.539048 0.790246 0.008677 0.005684
13 0.507331 0.790473 0.009874 0.006139
13 0.677439 0.789563 0.009575 0.005230
13 0.740425 0.789563 0.010473 0.006139
13 0.707510 0.789450 0.009276 0.005912
13 0.597098 0.789563 0.011071 0.007049
13 0.492220 0.788085 0.008378 0.005912
13 0.459007 0.787858 0.008977 0.006367
13 0.523489 0.787517 0.008677 0.006594
13 0.659934 0.786835 0.008677 0.006139
12 0.570168 0.787290 0.011071 0.007049
13 0.757181 0.786380 0.009276 0.006139
13 0.725165 0.786153 0.009874 0.005684
13 0.692400 0.786153 0.009575 0.005684
13 0.773339 0.784334 0.009276 0.006594
13 0.805506 0.781605 0.008977 0.005684
12 0.660233 0.759550 0.004488 0.003411
12 0.661430 0.732833 0.008079 0.006367
13 0.801466 0.753979 0.011670 0.007731
12 0.805955 0.732833 0.011071 0.004548
13 0.140485 0.746248 0.008677 0.005912
13 0.156493 0.743861 0.008977 0.005684
13 0.189258 0.743179 0.009276 0.006139
13 0.253890 0.742724 0.009276 0.006139
13 0.223668 0.742951 0.009874 0.006594
13 0.282914 0.741814 0.008677 0.006139
13 0.172651 0.740564 0.008977 0.006367
13 0.209306 0.740223 0.009874 0.007503
13 0.396918 0.739313 0.009276 0.006594
13 0.365799 0.739313 0.008079 0.006594
13 0.331538 0.739541 0.010174 0.007049
13 0.298474 0.739427 0.009874 0.006821
13 0.237732 0.739654 0.008079 0.007276
13 0.426092 0.738745 0.008977 0.007276
13 0.315380 0.736585 0.009575 0.005684
13 0.537852 0.736357 0.009874 0.006139
13 0.473818 0.736244 0.009874 0.005912
13 0.508229 0.735675 0.009276 0.005684
13 0.442250 0.736016 0.009575 0.006367
13 0.381658 0.735903 0.009874 0.006139
13 0.349042 0.735675 0.008677 0.005684
12 0.739078 0.734538 0.009575 0.006139
13 0.705865 0.734425 0.008977 0.005912
13 0.675045 0.734538 0.008977 0.006139
13 0.596200 0.734993 0.010473 0.007049
13 0.490425 0.733856 0.008977 0.006594
12 0.459306 0.733743 0.008378 0.006367
13 0.522591 0.733174 0.008079 0.007049
13 0.757181 0.731924 0.008079 0.006367
12 0.722621 0.732037 0.008378 0.006594
13 0.691652 0.732265 0.009874 0.007049
13 0.568821 0.732492 0.010772 0.007503
18 0.773040 0.728286 0.008677 0.005457
18 0.805955 0.728286 0.011071 0.004548
18 0.805955 0.723738 0.011071 0.004548
12 0.227858 0.657003 0.009874 0.006594
12 0.735189 0.652456 0.008378 0.006594
12 0.605476 0.651660 0.008677 0.005912
12 0.764063 0.651319 0.008677 0.006139
12 0.499252 0.651091 0.008079 0.005684
12 0.469330 0.651319 0.009276 0.006139
12 0.410682 0.651319 0.009276 0.006139
13 0.811191 0.650637 0.009575 0.006594
11 0.141233 0.649955 0.008977 0.007049
12 0.198833 0.649159 0.009276 0.006367
13 0.589767 0.649045 0.009575 0.007049
12 0.371185 0.648818 0.009276 0.006594
12 0.281269 0.649045 0.009575 0.007049
12 0.720227 0.648590 0.009575 0.007049
12 0.341412 0.648136 0.009575 0.007049
13 0.869988 0.647453 0.011071 0.007503
13 0.574955 0.646771 0.009874 0.006139
13 0.703920 0.646317 0.008079 0.006139
12 0.678636 0.643474 0.010174 0.006821
12 0.546230 0.642678 0.008677 0.007049
12 0.229054 0.612892 0.009874 0.006594
12 0.498654 0.611983 0.008677 0.005684
12 0.410981 0.612210 0.009874 0.006139
12 0.470676 0.611983 0.010174 0.006594
11 0.141682 0.610846 0.007481 0.005230
12 0.199132 0.610505 0.008677 0.005457
12 0.281418 0.610050 0.008677 0.005912
12 0.370886 0.609709 0.008677 0.005684
12 0.340365 0.609595 0.007481 0.005457
11 0.546080 0.604934 0.009575 0.006139
12 0.811490 0.603797 0.009575 0.005684
13 0.734440 0.604025 0.009276 0.006139
11 0.677887 0.604025 0.009874 0.006139
13 0.605177 0.604025 0.009276 0.006139
12 0.649461 0.602888 0.009276 0.005684
13 0.780221 0.602433 0.009874 0.006594
12 0.618642 0.601978 0.008677 0.005684
13 0.748803 0.601069 0.009276 0.005684
13 0.764662 0.599477 0.008677 0.006139
12 0.634351 0.598909 0.008977 0.005912
13 0.181478 0.581173 0.009276 0.005912
12 0.153950 0.581060 0.009874 0.005684
13 0.325404 0.580150 0.009874 0.005684
13 0.296679 0.580150 0.009874 0.005684
13 0.454518 0.577649 0.009575 0.006139
18 0.449731 0.560709 0.005386 0.003183
13 0.425643 0.577649 0.009276 0.006139
12 0.433124 0.560709 0.005087 0.003183
18 0.168612 0.576057 0.009874 0.005684
13 0.141233 0.575830 0.008977 0.005230
13 0.282017 0.575603 0.009276 0.005684
12 0.340814 0.575375 0.009575 0.006139
13 0.312837 0.575375 0.009874 0.006139
12 0.690305 0.574693 0.009575 0.005684
13 0.588121 0.574693 0.009276 0.005684
13 0.559545 0.574693 0.007780 0.005684
13 0.720078 0.574466 0.009276 0.006139
12 0.469479 0.572533 0.009575 0.005912
13 0.441203 0.572647 0.009276 0.006139
13 0.410383 0.572647 0.009874 0.006139
13 0.244614 0.572874 0.008677 0.006594
13 0.229354 0.570600 0.007481 0.005684
12 0.677588 0.569918 0.009276 0.006139
13 0.575105 0.569691 0.007780 0.005684
13 0.547576 0.569691 0.009575 0.005684
13 0.706014 0.569350 0.009874 0.005912
12 0.199132 0.568327 0.009276 0.005684
13 0.883752 0.566962 0.009874 0.005684
13 0.854728 0.566735 0.009276 0.006139
13 0.779025 0.566735 0.009874 0.006139
13 0.648564 0.566735 0.009874 0.006139
13 0.912328 0.566508 0.009575 0.006594
13 0.897516 0.564461 0.008677 0.005230
13 0.839168 0.564461 0.008079 0.005230
13 0.764363 0.564461 0.009276 0.005230
13 0.631209 0.564461 0.007481 0.005230
13 0.869689 0.564347 0.008079 0.005912
12 0.811341 0.561960 0.009874 0.005684
13 0.606074 0.562187 0.009874 0.006139
12 0.735787 0.561733 0.009575 0.006139
18 0.221125 0.527854 0.005386 0.002956
13 0.141532 0.518076 0.010174 0.006139
12 0.280820 0.517735 0.010473 0.006367
13 0.198683 0.517849 0.010174 0.006594
13 0.385847 0.517394 0.009874 0.006594
13 0.341712 0.517394 0.010174 0.006594
13 0.468881 0.515121 0.008378 0.005684
13 0.410981 0.515234 0.008677 0.005912
13 0.356523 0.515121 0.008677 0.005684
12 0.327050 0.515121 0.009575 0.005684
13 0.297277 0.515234 0.008677 0.005912
13 0.245512 0.515234 0.009276 0.005912
13 0.215589 0.515348 0.009276 0.006139
13 0.455117 0.513756 0.008378 0.006594
12 0.230251 0.513074 0.009874 0.006139
13 0.810293 0.512619 0.009575 0.006139
13 0.732645 0.512619 0.009276 0.006139
13 0.603381 0.512506 0.008079 0.005912
11 0.545332 0.512619 0.009276 0.006139
13 0.514512 0.512733 0.009874 0.006367
13 0.370736 0.512392 0.007780 0.005684
11 0.677588 0.512278 0.009276 0.006367
13 0.483393 0.512165 0.008677 0.006139
13 0.425494 0.511937 0.008378 0.005684
13 0.312687 0.512165 0.008378 0.006139
13 0.826451 0.510346 0.010174 0.006139
13 0.747756 0.510346 0.008378 0.006139
13 0.886744 0.510118 0.008677 0.006594
13 0.855177 0.510118 0.010174 0.006594
13 0.648414 0.510118 0.009575 0.006594
13 0.779324 0.509777 0.009276 0.006821
13 0.618043 0.509891 0.008677 0.007049
13 0.499252 0.509777 0.009276 0.006821
13 0.441203 0.509891 0.009276 0.007049
13 0.914423 0.509209 0.008378 0.006594
13 0.841113 0.507617 0.008977 0.006139
13 0.901107 0.507162 0.009874 0.006139
13 0.869689 0.507162 0.009276 0.006139
13 0.633752 0.507049 0.009575 0.005912
12 0.763914 0.506708 0.008977 0.006139
12 0.071364 0.455775 0.004488 0.007049
12 0.489228 0.449864 0.009575 0.006139
12 0.217086 0.449864 0.009874 0.006139
12 0.348594 0.449636 0.009575 0.006594
12 0.595751 0.447362 0.010174 0.005684
12 0.169808 0.444861 0.009874 0.006139
12 0.563285 0.442360 0.009276 0.005684
12 0.533363 0.442133 0.009276 0.005230
11 0.396020 0.442246 0.009276 0.005457
12 0.191951 0.441905 0.008677 0.005684
12 0.670108 0.439859 0.009874 0.006139
11 0.256882 0.440769 0.010473 0.007958
12 0.702124 0.439632 0.010473 0.006594
12 0.141981 0.432128 0.009276 0.006139
12 0.903501 0.429400 0.008677 0.005230
12 0.736236 0.428945 0.009276 0.006139
11 0.872681 0.421442 0.009276 0.006594
11 0.808348 0.420987 0.008677 0.006594
12 0.489826 0.398704 0.009575 0.005684
12 0.459755 0.398704 0.009276 0.005684
12 0.349940 0.398363 0.009874 0.005912
11 0.320616 0.397567 0.009874 0.005230
11 0.328546 0.381537 0.005386 0.003183
13 0.442998 0.395748 0.009276 0.006139
13 0.303710 0.395293 0.010174 0.006139
11 0.099791 0.396203 0.010473 0.008868
18 0.583782 0.393020 0.006583 0.004320
12 0.584231 0.387676 0.006882 0.005457
13 0.427588 0.393361 0.009575 0.005912
13 0.288600 0.392792 0.009276 0.005684
12 0.217983 0.392792 0.009276 0.005684
12 0.142280 0.392792 0.009874 0.005684
12 0.595302 0.390518 0.009874 0.005684
12 0.563734 0.390746 0.010174 0.006139
12 0.533812 0.390746 0.010174 0.006139
12 0.396170 0.390405 0.010174 0.006367
17 0.406044 0.374943 0.009575 0.003638
12 0.255685 0.390291 0.009276 0.006139
12 0.189557 0.390064 0.009874 0.006594
12 0.701227 0.388245 0.009874 0.005684
12 0.671454 0.388358 0.009575 0.005912
12 0.168312 0.387904 0.008079 0.005912
12 0.904399 0.385061 0.009276 0.005684
12 0.735189 0.385289 0.008378 0.006139
12 0.872382 0.382788 0.008677 0.005684
11 0.808199 0.383015 0.008977 0.006139
11 0.359216 0.362324 0.005087 0.002956
13 0.367594 0.347999 0.008079 0.005230
13 0.579593 0.356185 0.009575 0.006139
13 0.549521 0.356071 0.009276 0.005912
13 0.442699 0.356185 0.009874 0.006139
13 0.412777 0.356071 0.008677 0.005912
13 0.287702 0.355389 0.009874 0.006367
13 0.256583 0.355275 0.009874 0.006139
13 0.716038 0.354138 0.009575 0.005684
13 0.856972 0.353683 0.010174 0.005684
13 0.827199 0.353683 0.009276 0.005684
12 0.686864 0.354025 0.009874 0.006367
12 0.218731 0.353115 0.009575 0.005457
13 0.565829 0.351182 0.009575 0.006139
13 0.534710 0.351182 0.009575 0.006139
13 0.427588 0.351182 0.009575 0.006139
11 0.595153 0.350955 0.009575 0.006594
13 0.395871 0.350728 0.009575 0.006139
13 0.303112 0.350500 0.009575 0.005684
13 0.274087 0.350500 0.009575 0.005684
12 0.279324 0.333788 0.006882 0.002274
12 0.190455 0.350273 0.009276 0.006139
13 0.844255 0.348681 0.009874 0.005684
13 0.808648 0.348568 0.010473 0.005457
12 0.703621 0.348681 0.009874 0.005684
13 0.670856 0.348681 0.008977 0.005684
13 0.505087 0.348340 0.008977 0.005912
12 0.169210 0.347317 0.009874 0.004775
13 0.489378 0.345953 0.009874 0.005684
13 0.919808 0.345498 0.009575 0.006594
13 0.351586 0.345271 0.009575 0.006139
12 0.142579 0.345157 0.009276 0.005912
13 0.904399 0.343452 0.008079 0.005230
11 0.737283 0.343565 0.008977 0.005457
12 0.457959 0.343679 0.008079 0.005684
12 0.320317 0.342883 0.009874 0.005912
12 0.875224 0.340723 0.010174 0.006139
12 0.777379 0.309914 0.004189 0.003638
13 0.784411 0.293884 0.008677 0.005230
18 0.478157 0.309914 0.007181 0.003638
11 0.499402 0.309686 0.005984 0.004093
12 0.506433 0.291269 0.010473 0.006367
12 0.218881 0.295475 0.009874 0.006594
12 0.737433 0.294111 0.008079 0.005684
13 0.642130 0.294111 0.008378 0.005684
13 0.596649 0.294111 0.008378 0.005684
13 0.534261 0.294225 0.008677 0.005912
12 0.396320 0.293884 0.009874 0.006139
13 0.457660 0.293656 0.008677 0.006594
12 0.255685 0.293315 0.008079 0.005912
13 0.318821 0.292974 0.007481 0.006139
12 0.191652 0.292974 0.009276 0.006139
12 0.071364 0.292633 0.004488 0.005457
13 0.718282 0.291382 0.009276 0.005684
13 0.670257 0.291610 0.008378 0.006139
13 0.871933 0.291155 0.009575 0.006139
12 0.810443 0.291155 0.009276 0.006139
12 0.751795 0.291155 0.008079 0.006139
13 0.612657 0.291155 0.009874 0.006139
13 0.580341 0.291269 0.009874 0.006367
13 0.550269 0.291155 0.008977 0.006139
13 0.473968 0.291155 0.009575 0.006139
13 0.368043 0.290928 0.008977 0.006594
13 0.335278 0.290814 0.009276 0.006367
12 0.168013 0.290473 0.009874 0.006594
13 0.887941 0.288995 0.008677 0.005457
13 0.918761 0.288654 0.009276 0.005684
13 0.768552 0.288768 0.009276 0.005912
13 0.686715 0.288654 0.009575 0.005684
13 0.627319 0.288654 0.009276 0.005684
13 0.565530 0.289109 0.008977 0.006594
13 0.490425 0.288881 0.008977 0.006139
13 0.350688 0.288427 0.009575 0.006139
12 0.141382 0.287403 0.009276 0.005912
13 0.702723 0.286153 0.009276 0.006139
13 0.903501 0.285698 0.008677 0.006139
18 0.887792 0.221578 0.010174 0.003411
11 0.777379 0.216917 0.008977 0.007731
11 0.785907 0.202933 0.009276 0.006139
11 0.715440 0.211346 0.005984 0.005684
12 0.723668 0.198272 0.008079 0.005912
12 0.640634 0.211232 0.007181 0.007731
11 0.647367 0.192246 0.007481 0.005684
12 0.812089 0.205775 0.008378 0.005457
12 0.901107 0.205434 0.007481 0.005684
12 0.873878 0.205662 0.010473 0.006139
12 0.740425 0.201114 0.009874 0.006139
11 0.412627 0.197590 0.008378 0.006367
11 0.412029 0.188608 0.008977 0.006594
12 0.366697 0.196908 0.006284 0.005457
12 0.366996 0.188950 0.009276 0.006367
11 0.279324 0.196453 0.008677 0.005912
11 0.278127 0.188608 0.008677 0.007503
12 0.680281 0.196339 0.008677 0.006594
12 0.502543 0.192246 0.008677 0.005684
12 0.502543 0.197931 0.008677 0.005684
12 0.605326 0.190655 0.009575 0.007049
12 0.574506 0.190655 0.009575 0.007049
12 0.545631 0.190655 0.009874 0.007049
12 0.229952 0.188608 0.009276 0.007503
11 0.140036 0.188154 0.008977 0.006594
18 0.712448 0.171669 0.005984 0.002729
12 0.710503 0.155070 0.008079 0.005002
11 0.358019 0.166894 0.009276 0.003183
13 0.368043 0.152001 0.008378 0.006139
13 0.872083 0.165530 0.009874 0.005912
11 0.450180 0.165075 0.005685 0.006821
13 0.458109 0.146203 0.008378 0.006367
13 0.917714 0.162460 0.009575 0.006139
13 0.886744 0.162460 0.009874 0.006139
13 0.755087 0.162688 0.009874 0.006594
12 0.812986 0.160641 0.008378 0.005230
12 0.812837 0.152910 0.010473 0.006139
13 0.767355 0.160641 0.008079 0.005230
13 0.740126 0.160641 0.008677 0.006139
13 0.902154 0.160186 0.009575 0.006139
13 0.694644 0.157913 0.008677 0.006139
13 0.786355 0.155525 0.006583 0.005002
12 0.680580 0.155412 0.008079 0.005684
13 0.230251 0.153593 0.008079 0.005684
13 0.198683 0.153706 0.007780 0.005912
13 0.141532 0.153251 0.007181 0.005457
13 0.170706 0.153138 0.008079 0.005684
13 0.619838 0.152910 0.008677 0.006139
13 0.502543 0.152569 0.008079 0.006367
13 0.472621 0.152228 0.008677 0.006594
13 0.443746 0.152001 0.008378 0.006139
12 0.412777 0.152228 0.008677 0.006594
13 0.339916 0.151774 0.009575 0.006594
13 0.309844 0.151774 0.009874 0.006594
13 0.279324 0.151546 0.008677 0.006139
13 0.725165 0.150409 0.009874 0.005684
13 0.632855 0.150296 0.008378 0.005457
13 0.606972 0.150182 0.009276 0.006139
13 0.574955 0.150068 0.009874 0.005912
13 0.545482 0.150068 0.009575 0.005912
13 0.244913 0.148590 0.008079 0.005684
13 0.215290 0.148590 0.009874 0.005684
13 0.187163 0.148249 0.008677 0.005912
13 0.157241 0.148136 0.009874 0.006594
13 0.519300 0.147112 0.008677 0.006367
13 0.428636 0.146771 0.008079 0.006594
13 0.384051 0.146658 0.008677 0.006367
13 0.324207 0.146771 0.008677 0.006594
13 0.353680 0.146317 0.008378 0.006139
13 0.487283 0.145634 0.008079 0.006139
13 0.294883 0.145862 0.008677 0.006594
13 0.649461 0.144725 0.008079 0.006139
13 0.589767 0.145407 0.008378 0.007503
13 0.560592 0.144270 0.008677 0.007049
12 0.694045 0.123693 0.003890 0.004093
12 0.687612 0.123693 0.004788 0.004093
18 0.314782 0.122556 0.011370 0.005457
13 0.309096 0.107094 0.008378 0.005457
18 0.713794 0.121305 0.005087 0.003865
12 0.902005 0.119031 0.009276 0.005684
12 0.874177 0.116644 0.009874 0.006367
12 0.813884 0.116530 0.008977 0.006139
13 0.857421 0.114256 0.007481 0.005230
13 0.828845 0.114256 0.008378 0.005230
13 0.787552 0.114029 0.008378 0.005230
12 0.501795 0.113347 0.007181 0.005230
12 0.229653 0.111755 0.007481 0.004775
13 0.843357 0.111528 0.009276 0.006139
12 0.740126 0.111642 0.009874 0.006367
11 0.140784 0.111301 0.008079 0.005684
11 0.413974 0.110618 0.009276 0.006139
12 0.723668 0.109595 0.008079 0.005912
12 0.279174 0.109709 0.009575 0.006139
12 0.678636 0.106867 0.008378 0.005912
12 0.339916 0.104934 0.009575 0.006594
13 0.648713 0.104138 0.009575 0.005912
13 0.588121 0.104025 0.009874 0.005684
12 0.367594 0.102547 0.008677 0.006367
12 0.604877 0.101296 0.008677 0.005684
11 0.544434 0.100728 0.008677 0.006367
12 0.599491 0.086630 0.009874 0.006821
11 0.777080 0.071055 0.007181 0.004320
12 0.786355 0.054798 0.008977 0.006367
12 0.902005 0.059345 0.009276 0.006367
12 0.874028 0.056844 0.009575 0.006821
13 0.814034 0.057412 0.009276 0.007958
13 0.857121 0.055593 0.009276 0.006139
13 0.827798 0.054457 0.009276 0.006594
11 0.545033 0.054457 0.008677 0.006594
12 0.367893 0.053547 0.009874 0.006594
11 0.279174 0.052865 0.008378 0.006139
12 0.740874 0.052865 0.009575 0.007049
12 0.228905 0.052524 0.008977 0.006367
12 0.199431 0.052410 0.009276 0.007049
13 0.843058 0.052183 0.009874 0.007503
12 0.413674 0.051273 0.009276 0.007503
13 0.723519 0.050136 0.007780 0.006139
12 0.183872 0.050250 0.008079 0.006821
12 0.443297 0.048658 0.008677 0.006821
13 0.168013 0.047863 0.008677 0.006139
12 0.679982 0.047181 0.009276 0.006594
12 0.472920 0.046726 0.009276 0.007503
13 0.648414 0.044679 0.008977 0.006139
18 0.502843 0.044679 0.009276 0.006139
12 0.141083 0.044679 0.009874 0.007958
12 0.603232 0.042178 0.008378 0.007503
0 0.093806 0.617440 0.023040 0.022965
2 0.091113 0.438495 0.021245 0.019782
0 0.095302 0.846862 0.023639 0.023420
0 0.093806 0.159959 0.023040 0.023874
1 0.092609 0.071510 0.021843 0.039791
4 0.778426 0.154047 0.009874 0.014779
2 0.089916 0.247726 0.020048 0.019327
2 0.090515 0.209982 0.018851 0.018417
3 0.206014 0.389609 0.006882 0.014779
5 0.725165 0.339814 0.018253 0.017963
1 0.092908 0.112892 0.021245 0.039791
5 0.115051 0.213620 0.008079 0.014779
5 0.114752 0.159732 0.007481 0.014325
5 0.115350 0.251137 0.008677 0.014325
5 0.115649 0.388245 0.008079 0.013870
1 0.092908 0.341860 0.022442 0.034789
3 0.158438 0.444861 0.007481 0.019782
2 0.093507 0.905980 0.021245 0.019782
3 0.415470 0.392337 0.006882 0.017508
2 0.091412 0.666326 0.019449 0.019782
1 0.094105 0.806162 0.022442 0.039336
0 0.093507 0.570600 0.022442 0.033879
5 0.115051 0.476694 0.008079 0.015234
3 0.276930 0.391201 0.007481 0.019782
2 0.091412 0.704297 0.018253 0.018417
1 0.094405 0.766144 0.021843 0.033879
5 0.118642 0.954638 0.008079 0.015234
2 0.095302 0.951910 0.020048 0.018872
1 0.092759 0.299454 0.021544 0.038654
0 0.089467 0.389723 0.013764 0.022738
4 0.088719 0.473283 0.008079 0.014779
4 0.096649 0.471010 0.007780 0.014779
4 0.086924 0.529445 0.008079 0.014779
4 0.093806 0.525352 0.008079 0.014779
3 0.100838 0.534447 0.007780 0.014779