10 0.855441 0.954886 0.021471 0.005227
7 0.403088 0.956250 0.013235 0.017045
9 0.240735 0.935682 0.013235 0.042273
7 0.772206 0.921250 0.010294 0.034318
10 0.817206 0.863523 0.007353 0.003409
9 0.780441 0.863523 0.007941 0.032500
7 0.679265 0.848977 0.012647 0.017045
9 0.246029 0.851250 0.010882 0.059773
9 0.917794 0.830682 0.006176 0.027727
10 0.174559 0.813750 0.009118 0.003864
9 0.167500 0.828295 0.009118 0.045682
9 0.145147 0.825341 0.016176 0.051591
9 0.409559 0.803523 0.009706 0.027955
9 0.422500 0.805568 0.006176 0.044773
8 0.461618 0.796023 0.010294 0.032955
10 0.108382 0.758977 0.007353 0.006136
10 0.323676 0.739205 0.008529 0.006591
10 0.844853 0.721250 0.007353 0.005227
9 0.671618 0.732159 0.009118 0.039773
9 0.834853 0.744205 0.012059 0.075682
10 0.783382 0.709886 0.026765 0.006136
8 0.704853 0.721477 0.010882 0.035682
10 0.738676 0.707614 0.007941 0.003409
9 0.764265 0.723068 0.009706 0.046136
9 0.407500 0.737386 0.015000 0.085682
10 0.137500 0.656023 0.007941 0.004773
10 0.124559 0.652159 0.007941 0.004318
10 0.740735 0.630341 0.007353 0.005227
9 0.421029 0.641250 0.005588 0.039773
8 0.146912 0.640795 0.010294 0.038864
10 0.156324 0.625114 0.011471 0.003864
9 0.826324 0.634205 0.006765 0.059318
9 0.624853 0.638523 0.006176 0.047955
10 0.876029 0.608750 0.007353 0.004773
10 0.634853 0.609205 0.009706 0.005682
10 0.647206 0.607841 0.007353 0.004773
9 0.803971 0.628523 0.009118 0.056136
9 0.663676 0.623750 0.014412 0.045682
10 0.686912 0.602614 0.009118 0.003409
9 0.785735 0.621705 0.012647 0.049773
10 0.735147 0.593523 0.010294 0.004318
9 0.826618 0.564886 0.013235 0.037045
10 0.474853 0.553068 0.008529 0.005227
9 0.851912 0.558750 0.009706 0.032045
7 0.499265 0.534886 0.012647 0.016136
6 0.443971 0.533295 0.012647 0.024773
6 0.366324 0.503523 0.011471 0.025227
9 0.719559 0.511477 0.010882 0.050227
7 0.961618 0.434659 0.012647 0.018409
7 0.742794 0.434205 0.012647 0.017500
7 0.488676 0.433523 0.012647 0.016136
7 0.404265 0.433750 0.012059 0.016591
7 0.360735 0.430795 0.012059 0.022500
7 0.267500 0.434432 0.012647 0.017045
7 0.693676 0.433977 0.013235 0.017045
7 0.658382 0.440568 0.012059 0.030227
7 0.223676 0.433977 0.012059 0.017045
7 0.181324 0.433977 0.012059 0.017045
7 0.136912 0.433977 0.012647 0.017045
7 0.449853 0.433523 0.012647 0.017045
10 0.524853 0.428750 0.014412 0.006591
6 0.846324 0.404659 0.010294 0.023864
9 0.788382 0.410795 0.009706 0.050682
7 0.242500 0.394886 0.008529 0.027045
10 0.113088 0.383523 0.008529 0.005227
10 0.698676 0.354659 0.015000 0.006591
10 0.474853 0.343750 0.013235 0.006591
7 0.422794 0.345568 0.012647 0.016591
6 0.445735 0.343750 0.012647 0.024773
10 0.780441 0.283068 0.009118 0.003409
10 0.441618 0.272386 0.016176 0.004773
9 0.797500 0.267614 0.015000 0.026136
10 0.367794 0.256250 0.007353 0.003409
10 0.217500 0.254886 0.007941 0.004318
6 0.831618 0.230114 0.006765 0.012045
9 0.434853 0.238523 0.012059 0.063409
9 0.565441 0.241477 0.010882 0.085682
10 0.791618 0.183750 0.011471 0.005682
10 0.753382 0.139886 0.007941 0.003409
9 0.320735 0.154886 0.012059 0.048864
10 0.169265 0.136023 0.007941 0.005682
9 0.827500 0.154432 0.016176 0.063409
10 0.671029 0.131250 0.011471 0.005227
10 0.686912 0.130114 0.009118 0.005682
9 0.881029 0.149205 0.010294 0.063864
9 0.231324 0.145568 0.010882 0.054773
7 0.253971 0.133295 0.012647 0.032955
10 0.459265 0.093750 0.011471 0.005682
10 0.589853 0.082386 0.009118 0.004773
10 0.943971 0.053295 0.011471 0.004773
9 0.327794 0.062841 0.010882 0.048409
9 0.907206 0.066023 0.010882 0.054773
9 0.774559 0.055114 0.009118 0.047500
9 0.426618 0.055114 0.010882 0.063864
10 0.670441 0.020341 0.007941 0.003409
9 0.661029 0.037159 0.010294 0.047045
9 0.549265 0.045455 0.005588 0.070000
11 0.679853 0.986705 0.009706 0.007955
12 0.486765 0.983068 0.010000 0.007500
12 0.486618 0.958864 0.009118 0.006364
12 0.486618 0.965227 0.009118 0.006364
13 0.716324 0.979773 0.007353 0.006364
17 0.153088 0.972273 0.007941 0.005909
12 0.727206 0.969886 0.006765 0.004773
17 0.164559 0.965568 0.007353 0.005227
12 0.745588 0.963182 0.007059 0.005000
11 0.436618 0.959773 0.007941 0.006364
11 0.436912 0.942614 0.009706 0.007500
17 0.436471 0.926477 0.010000 0.007045
12 0.373088 0.959432 0.009118 0.006591
12 0.373088 0.942955 0.010294 0.007273
17 0.372941 0.926364 0.011176 0.006818
12 0.173971 0.959091 0.007353 0.005909
11 0.108088 0.959432 0.009706 0.006591
11 0.108088 0.966023 0.009706 0.006591
12 0.755882 0.956477 0.007647 0.005227
18 0.907647 0.956818 0.008824 0.006364
17 0.907206 0.923636 0.012647 0.007727
17 0.184853 0.949659 0.007941 0.005227
12 0.766618 0.946136 0.007941 0.006364
17 0.195882 0.943068 0.007647 0.004773
12 0.782794 0.940568 0.007353 0.005227
17 0.206618 0.936364 0.006765 0.005000
13 0.793676 0.934545 0.007941 0.005909
13 0.600441 0.929432 0.010882 0.007500
12 0.551618 0.927273 0.007353 0.005909
11 0.217941 0.926250 0.007059 0.004773
13 0.623971 0.926364 0.010882 0.006818
13 0.579559 0.926477 0.010294 0.007045
12 0.526912 0.925227 0.009706 0.007273
13 0.806765 0.923409 0.007647 0.005455
11 0.563824 0.922500 0.007647 0.005455
12 0.240735 0.920227 0.009118 0.007273
13 0.646618 0.919659 0.010294 0.007045
18 0.841029 0.917045 0.009706 0.007273
18 0.272206 0.913068 0.010882 0.007500
18 0.874559 0.909545 0.010882 0.007727
18 0.302206 0.903068 0.012059 0.007500
17 0.720147 0.880568 0.010294 0.007955
11 0.720588 0.852500 0.011176 0.006364
11 0.720294 0.839091 0.010588 0.005909
12 0.720588 0.822386 0.008824 0.007045
17 0.639853 0.881023 0.009706 0.008864
11 0.640735 0.852727 0.010294 0.006818
12 0.640441 0.838864 0.009706 0.006364
12 0.641324 0.822386 0.010294 0.007045
14 0.262794 0.880795 0.010882 0.008409
13 0.281618 0.876250 0.010882 0.007500
14 0.243088 0.875795 0.011471 0.007500
14 0.221912 0.870341 0.010294 0.007500
14 0.303382 0.869205 0.010882 0.007045
14 0.323676 0.862955 0.011471 0.007273
14 0.203676 0.863182 0.011471 0.007727
18 0.774853 0.856136 0.009118 0.007273
12 0.786912 0.852500 0.009706 0.006364
14 0.343676 0.852500 0.010294 0.006364
14 0.183382 0.852614 0.010882 0.006591
14 0.362500 0.846477 0.011471 0.007045
14 0.161324 0.846705 0.011471 0.007500
14 0.143382 0.840114 0.010882 0.007045
14 0.381324 0.839773 0.010294 0.007273
14 0.123971 0.830227 0.010882 0.007273
14 0.402206 0.829432 0.012059 0.007500
17 0.560147 0.828977 0.011471 0.007500
13 0.904118 0.827273 0.009412 0.007727
11 0.852500 0.822841 0.006765 0.005227
14 0.107206 0.823523 0.011471 0.007500
13 0.882794 0.822955 0.009118 0.007273
12 0.828971 0.823068 0.011471 0.007500
14 0.418382 0.822841 0.010294 0.007045
13 0.923382 0.822841 0.009706 0.007955
11 0.864559 0.820455 0.006176 0.005000
13 0.946912 0.816705 0.009706 0.007500
14 0.439853 0.816250 0.010882 0.007500
18 0.558529 0.806932 0.009412 0.006136
14 0.459118 0.806591 0.010588 0.007273
18 0.489853 0.799318 0.010882 0.007273
12 0.521324 0.793295 0.010294 0.007955
14 0.832500 0.777045 0.010294 0.007727
13 0.183676 0.775455 0.005588 0.004545
13 0.185441 0.746818 0.010294 0.006818
14 0.595735 0.775227 0.010882 0.008182
12 0.169853 0.772614 0.009118 0.007500
12 0.167206 0.740455 0.009118 0.006818
14 0.851912 0.771705 0.010294 0.007500
14 0.614706 0.771364 0.010588 0.007727
12 0.243382 0.770000 0.009706 0.007727
13 0.870147 0.765000 0.010294 0.007727
14 0.813676 0.764205 0.011471 0.007955
14 0.632500 0.764205 0.010294 0.007955
11 0.263382 0.763295 0.010882 0.007955
11 0.224265 0.762841 0.011471 0.007955
14 0.888235 0.758182 0.011176 0.007727
14 0.795882 0.757614 0.011765 0.007500
14 0.650294 0.757045 0.011176 0.006364
11 0.283529 0.757273 0.011176 0.007727
12 0.203971 0.756818 0.010882 0.007727
13 0.905441 0.748068 0.011471 0.005682
14 0.777794 0.747500 0.011471 0.006364
14 0.668971 0.747386 0.011471 0.007045
11 0.302206 0.746932 0.009706 0.007955
13 0.923088 0.741818 0.010294 0.006818
14 0.760588 0.740909 0.010588 0.006818
14 0.686324 0.741023 0.010882 0.007045
11 0.322794 0.740682 0.009706 0.007273
14 0.942059 0.735114 0.010588 0.007045
14 0.743088 0.734432 0.010294 0.007500
14 0.703088 0.734091 0.010294 0.007727
12 0.340735 0.733864 0.010294 0.007273
13 0.149559 0.733750 0.011471 0.007045
14 0.956618 0.724886 0.010294 0.007500
14 0.725441 0.723523 0.010294 0.007500
14 0.358382 0.723636 0.010294 0.007727
14 0.127206 0.723295 0.010294 0.007955
17 0.519265 0.722727 0.010882 0.007727
13 0.377794 0.716818 0.011471 0.007727
14 0.107647 0.716250 0.011176 0.007500
13 0.396765 0.709886 0.010588 0.007500
18 0.517206 0.701477 0.009118 0.006136
12 0.417206 0.700114 0.010294 0.007045
18 0.443529 0.693636 0.010588 0.007727
12 0.476912 0.687727 0.009706 0.007727
12 0.567206 0.667841 0.010294 0.007955
12 0.293971 0.667159 0.009706 0.008409
14 0.840147 0.665682 0.010294 0.007273
14 0.598824 0.664545 0.011176 0.007727
12 0.324118 0.663636 0.011176 0.007727
13 0.859559 0.658523 0.010294 0.007500
14 0.820147 0.658523 0.010294 0.007500
14 0.619853 0.657614 0.009706 0.007500
12 0.500441 0.653977 0.009706 0.007500
12 0.500441 0.661477 0.009706 0.007500
12 0.500294 0.640000 0.008235 0.005000
12 0.226912 0.653636 0.009706 0.006818
12 0.226912 0.660455 0.009706 0.006818
12 0.227500 0.640000 0.009706 0.005909
12 0.880147 0.652045 0.010294 0.007273
14 0.800147 0.651705 0.011471 0.007500
13 0.638676 0.651136 0.010882 0.007273
12 0.529265 0.651023 0.009706 0.007045
12 0.529265 0.658068 0.009706 0.007045
12 0.528971 0.640682 0.009118 0.006364
12 0.259559 0.650341 0.011471 0.006591
12 0.259559 0.656932 0.011471 0.006591
12 0.259559 0.640000 0.009118 0.005909
13 0.899853 0.642045 0.010882 0.006364
14 0.780294 0.641705 0.011176 0.006591
14 0.659853 0.641023 0.010882 0.006136
12 0.426765 0.637386 0.010000 0.007045
12 0.426618 0.627273 0.010294 0.007727
12 0.155000 0.637273 0.010000 0.006818
12 0.154559 0.627045 0.009706 0.007273
13 0.919265 0.635455 0.010882 0.006818
14 0.759265 0.634886 0.010882 0.006591
14 0.677794 0.634886 0.011471 0.007500
12 0.459853 0.633182 0.010882 0.006364
12 0.459265 0.626591 0.009706 0.005455
14 0.939118 0.629091 0.011765 0.006818
14 0.738971 0.628182 0.011471 0.006818
14 0.698529 0.628523 0.011765 0.007500
12 0.185000 0.627045 0.010588 0.006364
12 0.185000 0.633409 0.010588 0.006364
14 0.957206 0.618977 0.010294 0.007500
14 0.719559 0.618636 0.011471 0.007727
18 0.361324 0.597273 0.011471 0.007727
12 0.393382 0.594205 0.009706 0.007500
12 0.107941 0.593636 0.010000 0.007727
11 0.888382 0.566818 0.010294 0.007727
11 0.151912 0.564773 0.009118 0.004545
12 0.159706 0.548636 0.007059 0.005000
17 0.476912 0.565568 0.010882 0.007955
17 0.476765 0.551364 0.010588 0.006818
12 0.477206 0.535227 0.010294 0.007273
12 0.476029 0.524545 0.009118 0.005909
12 0.445588 0.565341 0.010588 0.008409
12 0.924118 0.563409 0.011176 0.007273
13 0.176471 0.560455 0.007647 0.003636
13 0.174559 0.538182 0.007353 0.005909
11 0.521618 0.562159 0.010882 0.007500
11 0.108382 0.561705 0.011471 0.007500
12 0.146176 0.554886 0.007059 0.004773
11 0.563382 0.554545 0.007353 0.005000
11 0.575882 0.548409 0.007647 0.005455
12 0.853971 0.548409 0.010882 0.007273
17 0.853971 0.555682 0.010882 0.007273
11 0.407794 0.548409 0.011471 0.007273
18 0.407500 0.565227 0.010882 0.008182
17 0.826912 0.539318 0.012059 0.007273
12 0.827206 0.552159 0.011471 0.007500
18 0.827206 0.559659 0.011471 0.007500
12 0.588382 0.538295 0.007941 0.006136
11 0.758382 0.535795 0.011471 0.007500
17 0.759265 0.525795 0.012059 0.007500
11 0.367500 0.535227 0.011471 0.007273
12 0.189706 0.532727 0.007059 0.005000
11 0.782500 0.532500 0.010294 0.006364
12 0.601618 0.531250 0.007353 0.005682
12 0.204853 0.526136 0.006765 0.005455
12 0.614706 0.525682 0.007647 0.005455
12 0.216618 0.515455 0.007941 0.005000
12 0.629853 0.515227 0.007353 0.005455
12 0.644559 0.509091 0.007353 0.005000
12 0.228971 0.508750 0.007941 0.005227
11 0.329853 0.508068 0.009706 0.007500
11 0.329265 0.538409 0.009706 0.006364
13 0.660882 0.501932 0.007647 0.005227
13 0.243382 0.501932 0.007353 0.005227
18 0.956029 0.496705 0.011471 0.007500
18 0.276176 0.496023 0.011176 0.007045
18 0.692059 0.495795 0.010588 0.007500
18 0.300735 0.492841 0.010294 0.007045
12 0.721618 0.492500 0.009706 0.008182
17 0.942794 0.466023 0.010882 0.007045
17 0.942059 0.451136 0.009412 0.007273
12 0.942353 0.435000 0.011176 0.006818
13 0.942059 0.424886 0.009412 0.005682
12 0.907500 0.465227 0.009706 0.008182
17 0.379853 0.461364 0.010882 0.006818
12 0.379853 0.446818 0.010882 0.007727
12 0.379118 0.430114 0.009412 0.007045
17 0.468382 0.461023 0.010294 0.007045
17 0.468088 0.447045 0.010882 0.007273
11 0.467794 0.430227 0.010294 0.007273
12 0.468088 0.412614 0.009706 0.007500
12 0.619559 0.460795 0.010294 0.007500
12 0.619853 0.446932 0.010882 0.007955
12 0.619412 0.430000 0.010000 0.006818
12 0.618971 0.413409 0.009118 0.007273
12 0.600882 0.460909 0.011176 0.007727
12 0.600588 0.447159 0.011176 0.007500
12 0.600588 0.436818 0.010588 0.006818
12 0.600588 0.423295 0.011176 0.007045
12 0.581324 0.460795 0.010294 0.007500
12 0.581618 0.446932 0.010882 0.007955
12 0.581471 0.430114 0.010588 0.007045
12 0.561912 0.460795 0.010294 0.007500
12 0.561912 0.447045 0.010294 0.007273
12 0.561471 0.436250 0.009412 0.006591
12 0.337500 0.460455 0.010882 0.006818
12 0.337206 0.447386 0.011471 0.007045
12 0.337206 0.437045 0.010294 0.007273
12 0.244853 0.460682 0.010294 0.007273
12 0.244706 0.447159 0.010000 0.007500
12 0.244853 0.430455 0.010294 0.006818
12 0.244559 0.413068 0.008529 0.007500
17 0.201324 0.460682 0.010294 0.007273
11 0.201471 0.447386 0.010588 0.007045
11 0.201029 0.437045 0.009706 0.006364
11 0.200441 0.423636 0.008529 0.005909
12 0.108824 0.460568 0.011176 0.007045
12 0.108382 0.447614 0.011471 0.007500
12 0.108382 0.437045 0.010294 0.006364
12 0.156618 0.460455 0.010294 0.007727
12 0.156324 0.447159 0.010882 0.007500
12 0.156176 0.430227 0.010588 0.006364
11 0.876176 0.447841 0.011765 0.007955
12 0.876176 0.465341 0.008824 0.008409
12 0.724559 0.437500 0.009706 0.006364
17 0.724853 0.423409 0.007941 0.004545
17 0.724706 0.407500 0.009412 0.007273
11 0.815441 0.437500 0.011471 0.007273
11 0.815294 0.407500 0.011176 0.007273
12 0.645588 0.437273 0.009412 0.006818
11 0.645588 0.423750 0.009412 0.004773
17 0.645147 0.406705 0.010882 0.007500
11 0.848382 0.434773 0.011471 0.007273
12 0.675441 0.430568 0.010294 0.006136
12 0.675147 0.414432 0.009706 0.007500
12 0.674853 0.400455 0.011471 0.007727
12 0.424265 0.423409 0.010294 0.007273
17 0.425000 0.460682 0.010588 0.007273
11 0.424559 0.447045 0.010882 0.007273
12 0.424412 0.436932 0.010000 0.007045
18 0.766324 0.394773 0.009706 0.007273
12 0.790441 0.391591 0.009118 0.008182
12 0.724265 0.390682 0.010294 0.006364
12 0.130147 0.362500 0.010294 0.007273
17 0.209853 0.359886 0.015588 0.007500
12 0.214853 0.348864 0.006765 0.004545
13 0.221029 0.322727 0.009706 0.007727
13 0.205735 0.329318 0.009706 0.007273
18 0.608235 0.357159 0.014706 0.010227
12 0.608088 0.330568 0.007353 0.005227
17 0.350588 0.353636 0.007647 0.005000
14 0.358676 0.309773 0.009706 0.008182
13 0.270441 0.352614 0.010882 0.007500
12 0.154853 0.352614 0.010294 0.007500
13 0.284559 0.345795 0.010882 0.007500
13 0.169706 0.345795 0.010000 0.007500
17 0.366912 0.342500 0.008529 0.005455
18 0.374559 0.305795 0.010882 0.007500
14 0.183971 0.339432 0.010882 0.007500
13 0.867500 0.333636 0.007353 0.005000
12 0.764265 0.333182 0.007353 0.005000
12 0.671176 0.332727 0.007059 0.005000
12 0.956176 0.332045 0.007059 0.004545
13 0.971912 0.331818 0.006765 0.005000
13 0.303971 0.332614 0.010882 0.007500
13 0.882500 0.330909 0.006765 0.005000
12 0.808382 0.330909 0.006765 0.005000
12 0.899706 0.330795 0.007059 0.005682
12 0.780735 0.330568 0.007353 0.005227
12 0.686912 0.330455 0.007353 0.005000
12 0.703971 0.330227 0.007353 0.005455
14 0.321324 0.329318 0.009118 0.007273
13 0.336912 0.322841 0.010882 0.007955
14 0.237206 0.316136 0.010294 0.008182
13 0.912941 0.311477 0.006471 0.005227
12 0.820735 0.310682 0.006765 0.005455
12 0.622647 0.310000 0.006471 0.005000
12 0.718088 0.309545 0.006176 0.005000
18 0.943971 0.307159 0.007353 0.004773
18 0.926618 0.306818 0.006765 0.005000
18 0.835735 0.306818 0.007353 0.005000
18 0.854412 0.306477 0.007647 0.005227
18 0.733382 0.306250 0.007353 0.004773
18 0.754559 0.306023 0.007353 0.005227
18 0.656912 0.306023 0.007353 0.005227
18 0.637794 0.305909 0.007353 0.005000
18 0.109265 0.306364 0.010882 0.007727
18 0.254412 0.305909 0.011176 0.007727
18 0.403529 0.302386 0.011176 0.007045
12 0.177794 0.279091 0.009118 0.005909
11 0.187206 0.255909 0.010294 0.007727
11 0.187353 0.242500 0.011765 0.007273
13 0.247794 0.274205 0.010294 0.007955
12 0.799265 0.260227 0.009706 0.007273
12 0.590735 0.259432 0.009118 0.007500
11 0.513676 0.259432 0.010294 0.007500
11 0.462500 0.259432 0.010294 0.007500
11 0.412794 0.259432 0.009706 0.007500
13 0.366324 0.259318 0.009706 0.007273
12 0.160147 0.259205 0.009118 0.007045
12 0.160441 0.242614 0.012059 0.007500
11 0.137500 0.259432 0.009706 0.007500
13 0.908235 0.257955 0.009412 0.006364
14 0.908382 0.227955 0.010294 0.007273
11 0.620735 0.252727 0.010294 0.006818
13 0.217500 0.252386 0.010882 0.007045
13 0.217353 0.242386 0.010588 0.007045
12 0.832206 0.250341 0.011471 0.007500
12 0.856471 0.243864 0.011176 0.007273
13 0.646029 0.243068 0.011471 0.007500
14 0.880735 0.237614 0.011471 0.007500
14 0.669559 0.236591 0.011471 0.007273
12 0.567794 0.236250 0.010294 0.007500
12 0.567500 0.206023 0.009706 0.007955
13 0.490147 0.236250 0.010294 0.007500
12 0.489853 0.206136 0.009706 0.008182
13 0.388971 0.236023 0.010294 0.007045
13 0.389559 0.219091 0.011471 0.007727
13 0.298824 0.236250 0.011176 0.007500
12 0.309559 0.232614 0.009118 0.006591
13 0.273676 0.235909 0.011471 0.007727
11 0.110294 0.235909 0.010588 0.007727
17 0.109853 0.206136 0.010882 0.008182
14 0.701912 0.230227 0.011471 0.007273
13 0.436618 0.229318 0.009118 0.007273
13 0.436324 0.212727 0.009706 0.007727
12 0.341324 0.229205 0.010294 0.007045
12 0.341324 0.236250 0.010294 0.007045
13 0.931324 0.222045 0.010294 0.007273
14 0.721618 0.221136 0.010882 0.008182
14 0.953382 0.215114 0.009706 0.007955
14 0.745294 0.214318 0.009412 0.008182
18 0.778088 0.203182 0.010882 0.007727
13 0.688676 0.183409 0.010882 0.008182
13 0.133824 0.178068 0.010588 0.007500
11 0.951912 0.171477 0.010294 0.007045
11 0.905735 0.170909 0.010882 0.007727
11 0.855882 0.170341 0.010000 0.007500
11 0.812794 0.170341 0.010882 0.007500
13 0.595735 0.168636 0.008529 0.006818
13 0.596324 0.152614 0.012059 0.007500
11 0.573088 0.168864 0.011471 0.007273
13 0.495441 0.168523 0.010294 0.007500
13 0.445441 0.168523 0.010294 0.007500
13 0.392353 0.168182 0.010000 0.006818
13 0.346618 0.168523 0.010294 0.007500
13 0.229559 0.168295 0.010294 0.007045
13 0.156029 0.168409 0.010294 0.007273
13 0.155882 0.154091 0.010000 0.005909
13 0.110147 0.167841 0.010294 0.007955
13 0.109853 0.160341 0.009706 0.005682
13 0.621618 0.165682 0.008529 0.007273
12 0.621912 0.152273 0.011471 0.007727
13 0.180147 0.164773 0.010294 0.007273
13 0.179559 0.154205 0.009118 0.006136
13 0.653971 0.161932 0.010882 0.007045
13 0.653529 0.151818 0.011176 0.007727
13 0.206471 0.155795 0.011176 0.006136
13 0.206471 0.161932 0.011176 0.006136
11 0.929559 0.147500 0.009118 0.007273
12 0.929265 0.116932 0.009706 0.007045
13 0.834265 0.146705 0.009118 0.007500
13 0.833676 0.130114 0.010294 0.008864
13 0.713971 0.146023 0.010882 0.007045
11 0.548676 0.145227 0.009706 0.007273
17 0.548088 0.115114 0.009706 0.007045
13 0.475147 0.145227 0.009706 0.007273
12 0.474265 0.114886 0.009118 0.007500
13 0.371618 0.144773 0.008529 0.007273
13 0.371471 0.130682 0.010000 0.007273
13 0.278529 0.144886 0.011765 0.007500
13 0.252794 0.144886 0.012059 0.007500
13 0.741324 0.145795 0.011471 0.007955
12 0.750735 0.143295 0.011471 0.007955
12 0.884118 0.140341 0.010000 0.007500
17 0.883971 0.122955 0.010882 0.007273
12 0.787353 0.139318 0.010588 0.007273
12 0.787353 0.146591 0.010588 0.007273
13 0.418088 0.138182 0.009706 0.007727
12 0.417794 0.120682 0.010294 0.007273
12 0.322206 0.137841 0.010882 0.007045
12 0.322206 0.144886 0.010882 0.007045
13 0.898088 0.088068 0.010882 0.007500
13 0.735147 0.087159 0.010882 0.007500
14 0.793824 0.086818 0.010588 0.007727
13 0.138235 0.085795 0.010588 0.007500
13 0.930441 0.077614 0.009706 0.007500
13 0.930441 0.085114 0.009706 0.007500
13 0.508676 0.076023 0.009706 0.007045
13 0.453088 0.075909 0.010294 0.007727
13 0.403824 0.075795 0.010588 0.007500
13 0.356176 0.075795 0.009412 0.007500
12 0.235735 0.075568 0.010882 0.007045
13 0.165147 0.075795 0.010882 0.007500
13 0.165441 0.061932 0.010294 0.006136
13 0.954853 0.073750 0.010294 0.007045
13 0.954853 0.080795 0.010294 0.007045
13 0.771618 0.073636 0.012059 0.007727
13 0.770882 0.056705 0.010000 0.006591
13 0.714265 0.073068 0.011471 0.007500
13 0.713676 0.056023 0.010294 0.005227
13 0.681912 0.073068 0.011471 0.007500
13 0.627500 0.072727 0.010882 0.007727
13 0.187059 0.072614 0.011176 0.007500
13 0.186324 0.062045 0.009706 0.005909
13 0.113382 0.069091 0.010882 0.006818
13 0.113382 0.075909 0.010882 0.006818
13 0.816029 0.066591 0.010294 0.007273
13 0.816029 0.073864 0.010294 0.007273
13 0.846324 0.063409 0.009706 0.006364
13 0.846324 0.069773 0.009706 0.006364
13 0.579559 0.062727 0.010294 0.006818
13 0.211618 0.062159 0.009706 0.006136
13 0.211618 0.068295 0.009706 0.006136
13 0.877353 0.060341 0.010588 0.006591
13 0.877353 0.066932 0.010588 0.006591
13 0.658824 0.055795 0.011176 0.005682
13 0.657941 0.036250 0.009412 0.006591
13 0.602794 0.055795 0.009706 0.005682
13 0.602206 0.039545 0.010882 0.007727
12 0.328824 0.053295 0.007647 0.005682
12 0.330147 0.045227 0.010294 0.006364
12 0.379853 0.052841 0.009706 0.007045
12 0.379853 0.039432 0.010882 0.007500
13 0.260588 0.052159 0.011176 0.007500
13 0.283676 0.051932 0.011471 0.007955
17 0.292500 0.049659 0.011471 0.007955
12 0.429853 0.046250 0.010882 0.007500
12 0.428676 0.029205 0.009706 0.007045
12 0.483529 0.039205 0.009412 0.007955
17 0.483529 0.022273 0.011176 0.006818
13 0.555147 0.032727 0.009706 0.007727
12 0.554559 0.016023 0.009706 0.007045
1 0.036912 0.739659 0.023824 0.043409
3 0.469853 0.022614 0.007353 0.021136
1 0.040735 0.150795 0.024412 0.051136
4 0.260441 0.494886 0.010882 0.022045
3 0.316029 0.046932 0.007941 0.018864
3 0.460147 0.114886 0.007941 0.021136
3 0.701912 0.056477 0.007941 0.020682
3 0.310441 0.137841 0.007353 0.021591
1 0.040147 0.059659 0.024412 0.050682
3 0.863676 0.464886 0.007941 0.021136
3 0.476618 0.206250 0.007941 0.021136
4 0.763971 0.203750 0.010882 0.021591
3 0.917206 0.083977 0.007941 0.020227
4 0.941029 0.496023 0.010882 0.021591
4 0.744559 0.535341 0.010882 0.021136
3 0.534265 0.115114 0.007941 0.020682
4 0.094559 0.305795 0.010882 0.021136
3 0.094265 0.206250 0.007941 0.021136
3 0.641324 0.161932 0.007941 0.020682
3 0.775735 0.140341 0.007353 0.020227
4 0.758088 0.056477 0.010882 0.020682
4 0.673676 0.184432 0.010294 0.021136
3 0.235441 0.273977 0.007941 0.021136
1 0.038971 0.242841 0.024412 0.050682
4 0.895735 0.228295 0.010882 0.021591
1 0.038676 0.345795 0.025000 0.050227
3 0.393971 0.564886 0.007353 0.021136
4 0.895147 0.464886 0.010882 0.021136
4 0.646912 0.306023 0.007353 0.014318
5 0.645735 0.032159 0.009706 0.017500
3 0.583382 0.774659 0.007353 0.021591
4 0.343971 0.597159 0.010882 0.021136
4 0.820147 0.250114 0.010294 0.020682
5 0.355147 0.531932 0.009706 0.017045
1 0.037794 0.536023 0.024412 0.050682
4 0.665441 0.986023 0.011471 0.021591
1 0.038676 0.956932 0.025000 0.050682
3 0.465735 0.534886 0.007353 0.021136
4 0.430441 0.564659 0.010882 0.021591
3 0.929853 0.434659 0.007353 0.021591
4 0.552206 0.206932 0.010882 0.021591
3 0.346912 0.308977 0.007353 0.021136
5 0.835441 0.431932 0.009118 0.016136
4 0.414265 0.637386 0.010294 0.021591
4 0.678088 0.495568 0.010882 0.021591
1 0.036618 0.846477 0.024412 0.043409
3 0.293088 0.332386 0.007941 0.020682
4 0.143676 0.352386 0.010294 0.021591
4 0.825735 0.916250 0.010882 0.022045
3 0.206029 0.252159 0.007941 0.021136
4 0.598971 0.330114 0.007941 0.014318
4 0.141912 0.637159 0.010294 0.021136
4 0.511618 0.926705 0.010882 0.021136
4 0.891618 0.330795 0.007353 0.014773
4 0.752500 0.393977 0.010294 0.022045
4 0.552500 0.667159 0.011471 0.022045
4 0.737206 0.963068 0.007941 0.013864
1 0.037500 0.637386 0.025000 0.050682
4 0.874265 0.567159 0.011471 0.022045
4 0.279265 0.666250 0.010882 0.021136
4 0.353676 0.926477 0.010294 0.021591
4 0.195735 0.329659 0.013235 0.020682
3 0.038676 0.443750 0.010882 0.018864
4 0.695735 0.329886 0.007353 0.013864
4 0.844559 0.306705 0.007353 0.013864
4 0.799412 0.330455 0.007059 0.013636
3 0.774118 0.329545 0.005882 0.013636
4 0.073824 0.430682 0.010000 0.020455
4 0.064118 0.420455 0.009412 0.020909
3 0.725000 0.306136 0.005294 0.013182
4 0.744412 0.305909 0.006471 0.013636
4 0.075000 0.239091 0.010000 0.020000
4 0.065000 0.229091 0.010000 0.020000
4 0.800294 0.558864 0.010000 0.020455
4 0.810000 0.552045 0.009412 0.020455
4 0.075000 0.147727 0.010000 0.020909
4 0.065588 0.137273 0.010000 0.020909
4 0.963824 0.332045 0.005294 0.011364
4 0.073824 0.342727 0.010000 0.020000
4 0.064412 0.332727 0.010000 0.020909
4 0.072647 0.633864 0.010000 0.020455
4 0.062647 0.623864 0.010000 0.020455
4 0.076176 0.056364 0.010000 0.020000
4 0.065882 0.046364 0.009412 0.020000
3 0.664118 0.332500 0.005882 0.012273
3 0.678824 0.329318 0.004706 0.014091
3 0.614706 0.308864 0.004706 0.014091
3 0.629412 0.305682 0.004706 0.013182
4 0.934412 0.306818 0.006471 0.013636
3 0.919412 0.306136 0.004706 0.012273
4 0.202059 0.659773 0.010000 0.019545
4 0.212353 0.653182 0.009412 0.020000
4 0.775000 0.939545 0.006471 0.013636
3 0.813235 0.309091 0.005294 0.013636
3 0.827647 0.306364 0.004706 0.012727
4 0.476471 0.660000 0.009412 0.020000
4 0.485588 0.653409 0.010000 0.019545
4 0.073235 0.952955 0.011176 0.020455
4 0.063824 0.942955 0.010000 0.020455
4 0.072353 0.846818 0.010588 0.020000
4 0.063529 0.836591 0.010588 0.020455
3 0.865735 0.058977 0.009706 0.021136
3 0.099265 0.161591 0.009706 0.019091
4 0.063971 0.522159 0.009706 0.021136
4 0.074118 0.532159 0.009412 0.021136
3 0.836324 0.070227 0.009706 0.020909
4 0.045882 0.419432 0.009412 0.021136
4 0.063382 0.729659 0.009706 0.021136
4 0.073529 0.739886 0.009412 0.021136
3 0.895147 0.828523 0.009706 0.021136