10 0.367949 0.947876 0.015570 0.006132
7 0.716657 0.948104 0.013807 0.012491
9 0.543038 0.937883 0.015570 0.029298
10 0.120887 0.923348 0.020858 0.006586
10 0.670094 0.834772 0.008813 0.004769
10 0.572415 0.820009 0.009107 0.005224
10 0.388807 0.819101 0.010870 0.003861
10 0.742803 0.799341 0.007932 0.002953
10 0.129700 0.794572 0.010870 0.006132
10 0.928173 0.707813 0.014395 0.005678
10 0.820065 0.695776 0.010870 0.006132
9 0.576821 0.696684 0.010870 0.022939
9 0.155259 0.698615 0.011457 0.038610
9 0.947268 0.692369 0.006757 0.036566
10 0.921122 0.682603 0.008519 0.005224
9 0.384988 0.694867 0.011457 0.032478
10 0.753085 0.597661 0.014982 0.005678
10 0.605611 0.597434 0.011457 0.005224
6 0.409959 0.581081 0.012632 0.025664
10 0.870300 0.570861 0.008519 0.004315
6 0.361193 0.580400 0.012632 0.026119
10 0.569771 0.557915 0.011457 0.002498
10 0.544800 0.472065 0.012045 0.005224
10 0.420828 0.458892 0.009694 0.004769
7 0.236927 0.460254 0.007344 0.023847
10 0.152027 0.364184 0.008519 0.005678
10 0.198443 0.357938 0.010870 0.005451
10 0.449471 0.382012 0.011751 0.002271
10 0.481786 0.379855 0.015276 0.004769
10 0.404083 0.347604 0.012045 0.005678
10 0.498678 0.347490 0.009694 0.005905
10 0.482227 0.245628 0.012045 0.005224
10 0.642920 0.245174 0.007932 0.004769
10 0.169066 0.234272 0.007344 0.002953
10 0.249853 0.269248 0.010282 0.003407
10 0.241334 0.269021 0.007344 0.003861
10 0.211075 0.268680 0.010282 0.004997
10 0.760723 0.231774 0.008519 0.004315
6 0.644389 0.150920 0.009107 0.017942
10 0.198443 0.137406 0.038484 0.003180
10 0.174941 0.136157 0.007932 0.005678
7 0.287750 0.134567 0.009107 0.012946
6 0.256904 0.132523 0.009694 0.017942
6 0.607961 0.116852 0.011457 0.027027
6 0.645564 0.116171 0.011457 0.026573
11 0.435370 0.954349 0.008226 0.004088
11 0.446533 0.933000 0.011163 0.007722
12 0.145858 0.952646 0.011457 0.007495
12 0.099442 0.952646 0.010282 0.007495
12 0.203290 0.949126 0.009988 0.006814
12 0.171563 0.949353 0.011163 0.007268
12 0.233549 0.946060 0.010576 0.007495
12 0.418184 0.929480 0.009694 0.007041
12 0.574471 0.928912 0.009694 0.007268
12 0.544800 0.929139 0.010282 0.007722
12 0.893801 0.928571 0.010282 0.007041
12 0.735458 0.928117 0.009694 0.006586
12 0.390276 0.926187 0.011457 0.007722
12 0.355905 0.922666 0.009694 0.007041
12 0.261751 0.922212 0.010576 0.006132
12 0.516304 0.922553 0.010282 0.007268
11 0.313308 0.917670 0.011457 0.007949
12 0.491334 0.914149 0.010282 0.008176
12 0.950059 0.908244 0.010576 0.007268
12 0.924207 0.904724 0.011163 0.007495
11 0.766304 0.904383 0.010282 0.007268
12 0.706962 0.904610 0.011457 0.007722
11 0.662162 0.904610 0.011163 0.007722
11 0.600911 0.904610 0.010870 0.007722
12 0.869712 0.903816 0.011457 0.007495
11 0.827409 0.903816 0.011457 0.007495
12 0.902761 0.815580 0.009988 0.006359
12 0.929348 0.813423 0.011457 0.007495
11 0.769976 0.812401 0.010576 0.007722
12 0.818449 0.808767 0.010576 0.006359
12 0.955200 0.806836 0.010282 0.007949
11 0.163484 0.806609 0.010870 0.007949
12 0.875588 0.806155 0.010870 0.007495
12 0.686105 0.806041 0.011457 0.007722
12 0.331962 0.802862 0.009401 0.007268
11 0.741627 0.802635 0.009694 0.007268
12 0.848854 0.801953 0.010282 0.006359
12 0.354730 0.799568 0.011457 0.007949
12 0.717244 0.799228 0.011457 0.007722
12 0.660840 0.799228 0.011457 0.007722
12 0.591069 0.799341 0.011163 0.007949
12 0.373825 0.796275 0.009694 0.006814
12 0.311839 0.796162 0.010282 0.006586
12 0.128085 0.796048 0.009988 0.006814
12 0.562573 0.795821 0.009988 0.007268
13 0.398942 0.792982 0.010576 0.007495
12 0.634988 0.792755 0.011457 0.007495
12 0.532315 0.792755 0.010576 0.007495
12 0.422297 0.789802 0.011457 0.007495
12 0.506610 0.789575 0.010870 0.007495
12 0.100029 0.789462 0.010870 0.007268
12 0.278643 0.789462 0.010870 0.007722
11 0.465188 0.785260 0.010282 0.007495
12 0.253085 0.781853 0.010282 0.007041
12 0.204318 0.779014 0.011457 0.007722
11 0.627644 0.704520 0.010870 0.007268
12 0.674794 0.704065 0.011163 0.007268
11 0.708137 0.701340 0.010870 0.007268
11 0.774236 0.697479 0.010282 0.006359
12 0.818596 0.697252 0.009694 0.006814
12 0.489865 0.694867 0.011457 0.007495
12 0.523649 0.694640 0.010870 0.007495
12 0.185076 0.694867 0.011751 0.007949
12 0.844741 0.694413 0.011457 0.007495
11 0.337397 0.694299 0.012045 0.008176
12 0.575353 0.691347 0.009694 0.007268
12 0.868243 0.690893 0.011457 0.007722
12 0.212397 0.688281 0.011163 0.007949
12 0.552438 0.687940 0.010870 0.007722
12 0.895711 0.687940 0.010576 0.008176
12 0.385282 0.684988 0.007932 0.006814
12 0.156140 0.684760 0.009107 0.006814
12 0.920535 0.684420 0.009107 0.006586
12 0.239571 0.684760 0.009107 0.007268
12 0.954025 0.681808 0.011457 0.007722
12 0.432873 0.681467 0.011457 0.007949
12 0.286575 0.681467 0.011457 0.007949
12 0.460194 0.678288 0.010870 0.007041
12 0.130288 0.677947 0.011457 0.006814
12 0.309195 0.678060 0.010870 0.007495
12 0.099736 0.669771 0.011457 0.007722
12 0.169800 0.598569 0.011163 0.007041
11 0.211369 0.595390 0.010870 0.007495
12 0.259841 0.591756 0.010282 0.006586
12 0.109871 0.591415 0.009988 0.006359
12 0.721945 0.589144 0.008519 0.005451
12 0.620447 0.589371 0.007638 0.005905
12 0.557432 0.589144 0.008519 0.005451
17 0.313014 0.588576 0.010870 0.007495
12 0.141157 0.588576 0.011457 0.007949
12 0.801704 0.586759 0.008226 0.005678
12 0.779230 0.582898 0.008519 0.005678
12 0.741187 0.582671 0.008226 0.005224
11 0.900852 0.583693 0.011457 0.007722
12 0.641892 0.582444 0.008226 0.005678
12 0.759548 0.580059 0.008519 0.005451
12 0.700353 0.575744 0.007638 0.005905
12 0.600911 0.575744 0.008519 0.005905
12 0.580200 0.573018 0.008226 0.005905
12 0.663190 0.572791 0.008519 0.006359
13 0.869418 0.572791 0.009694 0.006814
12 0.839747 0.566432 0.010282 0.006814
12 0.950793 0.555871 0.010282 0.007495
11 0.499706 0.493641 0.012926 0.004315
12 0.952262 0.478651 0.010870 0.007495
12 0.771005 0.477515 0.011457 0.007495
12 0.925088 0.474676 0.009988 0.006814
12 0.743978 0.474109 0.010282 0.007041
12 0.543919 0.473995 0.009694 0.006814
12 0.895123 0.471383 0.011163 0.007495
12 0.719154 0.471156 0.011751 0.007495
12 0.570652 0.471042 0.011457 0.007268
12 0.515717 0.470929 0.010870 0.007949
12 0.132932 0.470815 0.011457 0.007722
11 0.647033 0.467863 0.010282 0.006359
12 0.596357 0.467863 0.011163 0.006359
11 0.826528 0.467749 0.010870 0.006586
12 0.694918 0.464683 0.010870 0.007268
12 0.867509 0.464683 0.009988 0.007722
12 0.461369 0.464683 0.011457 0.007722
12 0.155259 0.464456 0.010282 0.007722
12 0.335047 0.464229 0.010282 0.007722
12 0.419947 0.461276 0.009694 0.007268
12 0.486927 0.458324 0.010870 0.007722
12 0.393214 0.458097 0.011457 0.008176
12 0.286575 0.457870 0.010282 0.007722
12 0.365306 0.454009 0.010282 0.007268
12 0.234283 0.454009 0.009694 0.007268
12 0.100029 0.453782 0.010282 0.007268
12 0.310664 0.449921 0.009694 0.008176
12 0.206816 0.450034 0.009988 0.008403
12 0.182579 0.445832 0.010870 0.007722
11 0.570652 0.375199 0.010870 0.007268
11 0.617068 0.365546 0.010870 0.007949
17 0.099001 0.365546 0.011163 0.007949
12 0.655259 0.362026 0.010870 0.006359
12 0.151880 0.362253 0.011163 0.006814
12 0.681404 0.358960 0.011457 0.007495
12 0.175823 0.359187 0.010870 0.007949
14 0.445358 0.355894 0.009401 0.007268
12 0.199912 0.355553 0.010870 0.006586
12 0.709166 0.355667 0.010576 0.007268
12 0.875441 0.353395 0.007051 0.004997
11 0.745740 0.352714 0.010870 0.007722
11 0.811251 0.352487 0.011457 0.007722
11 0.779230 0.352714 0.010870 0.008176
14 0.461516 0.352373 0.010576 0.007495
14 0.416422 0.352487 0.010282 0.007722
14 0.390276 0.352487 0.009694 0.007722
17 0.349442 0.352373 0.012632 0.007495
11 0.303173 0.352373 0.009988 0.007495
11 0.270270 0.352487 0.011751 0.007722
11 0.238396 0.352373 0.011457 0.007495
17 0.527468 0.352373 0.012632 0.007949
12 0.962397 0.350102 0.007051 0.005678
18 0.971945 0.335226 0.006169 0.004088
12 0.885576 0.349762 0.007344 0.005905
11 0.857667 0.349307 0.010282 0.006814
14 0.403202 0.349307 0.009694 0.006814
13 0.498384 0.349421 0.009694 0.007495
11 0.934342 0.347036 0.010870 0.007722
11 0.899971 0.346923 0.010282 0.007495
13 0.476351 0.346014 0.010282 0.007495
11 0.941686 0.263797 0.011457 0.007495
11 0.907021 0.263684 0.010282 0.007268
12 0.878378 0.263457 0.010576 0.007722
11 0.337103 0.263570 0.011457 0.007949
13 0.857961 0.260164 0.010870 0.008403
13 0.837985 0.256530 0.010870 0.007495
12 0.793038 0.253236 0.011457 0.008176
11 0.386163 0.253123 0.010870 0.007949
12 0.428467 0.250057 0.010870 0.006359
13 0.767626 0.249603 0.010576 0.005905
11 0.716069 0.249375 0.010282 0.006359
12 0.686105 0.249375 0.010282 0.006359
13 0.748825 0.246764 0.011163 0.007495
12 0.455200 0.246650 0.010282 0.007722
13 0.662015 0.246423 0.011457 0.007722
12 0.483108 0.243470 0.010870 0.005905
14 0.207844 0.243584 0.009107 0.007041
13 0.641598 0.243130 0.010576 0.006586
14 0.181257 0.240745 0.009988 0.007268
14 0.155552 0.240404 0.009107 0.007495
14 0.223561 0.240177 0.011163 0.007495
11 0.593273 0.240291 0.011457 0.008176
11 0.559342 0.240177 0.009988 0.007949
11 0.525118 0.240177 0.011457 0.007949
17 0.102673 0.240177 0.012632 0.007949
17 0.297004 0.239950 0.012926 0.007949
14 0.168184 0.237338 0.008519 0.006814
13 0.262779 0.237111 0.009694 0.006814
13 0.240012 0.233591 0.011163 0.007949
18 0.426557 0.161140 0.006463 0.004315
11 0.608989 0.152737 0.008226 0.005678
12 0.556551 0.152055 0.007932 0.006132
11 0.686545 0.151715 0.010576 0.007268
12 0.576528 0.148535 0.007932 0.005451
17 0.514395 0.142062 0.009401 0.006132
11 0.732961 0.142403 0.011163 0.007722
12 0.778643 0.138883 0.010282 0.007041
12 0.421122 0.135362 0.008519 0.005905
12 0.809489 0.135930 0.010870 0.007949
12 0.838425 0.131728 0.009988 0.005905
12 0.441392 0.132069 0.007932 0.006586
12 0.396739 0.132069 0.007932 0.006586
12 0.460194 0.129230 0.007932 0.005451
12 0.377644 0.129003 0.008519 0.005905
11 0.952996 0.129457 0.010576 0.007722
11 0.911575 0.129457 0.009988 0.007722
11 0.874266 0.129457 0.009401 0.007722
12 0.344154 0.125369 0.007344 0.005905
12 0.481345 0.125369 0.007932 0.006814
12 0.326234 0.122530 0.007932 0.005678
12 0.306698 0.119350 0.008226 0.005678
11 0.221945 0.091529 0.006169 0.004542
4 0.810076 0.467522 0.012045 0.020668
1 0.035400 0.243357 0.024971 0.044288
1 0.077115 0.135476 0.025558 0.051102
3 0.411134 0.136384 0.007344 0.016125
5 0.791569 0.584147 0.006757 0.012264
3 0.939336 0.681467 0.007932 0.021576
5 0.549794 0.792528 0.009107 0.017942
4 0.097385 0.591756 0.012045 0.020668
4 0.920241 0.346695 0.012045 0.021576
4 0.432579 0.356234 0.012045 0.020668
1 0.033931 0.358278 0.025558 0.050647
4 0.822121 0.256984 0.012045 0.021122
3 0.952556 0.349648 0.006169 0.014763
4 0.195505 0.243697 0.011457 0.020895
5 0.297444 0.914944 0.009107 0.017942
3 0.196387 0.595390 0.007932 0.020668
4 0.189924 0.949239 0.011457 0.021576
3 0.510429 0.694640 0.007932 0.021122
5 0.700206 0.795707 0.009107 0.017942
3 0.380288 0.457983 0.007932 0.021576
4 0.658784 0.703952 0.010870 0.020668
5 0.835341 0.798660 0.009107 0.017942
3 0.377350 0.926073 0.007932 0.022030
5 0.451087 0.782535 0.009107 0.017488
3 0.132344 0.952646 0.007932 0.021122
1 0.033049 0.694640 0.024971 0.051102
1 0.032756 0.581990 0.024971 0.051102
4 0.632051 0.467749 0.012045 0.020668
4 0.270417 0.457302 0.011457 0.022030
1 0.033637 0.806155 0.024971 0.050647
1 0.034224 0.939019 0.025558 0.051102
3 0.297150 0.796162 0.009107 0.021122
5 0.760135 0.694640 0.009107 0.017488
5 0.804495 0.805587 0.009694 0.018169
5 0.055817 0.936180 0.008226 0.017715
5 0.066686 0.925732 0.008813 0.016807
5 0.055523 0.578242 0.008813 0.017715
5 0.066686 0.568703 0.008813 0.016807
5 0.059048 0.243243 0.009401 0.017261
5 0.068155 0.232569 0.008813 0.016807
5 0.055817 0.802635 0.008813 0.017715
5 0.065217 0.792868 0.008813 0.017261
5 0.057873 0.355212 0.008226 0.016807
5 0.066686 0.345673 0.008226 0.016807
5 0.098120 0.131955 0.008226 0.017261
5 0.108402 0.121962 0.008813 0.017261
5 0.057579 0.691347 0.008813 0.016807
5 0.065805 0.681127 0.008813 0.017261
5 0.058461 0.466954 0.008813 0.016807
5 0.066686 0.457188 0.008813 0.017261
0 0.033490 0.463775 0.024677 0.037702