10 0.217206 0.974886 0.007353 0.006136
9 0.357794 0.971932 0.012059 0.012955
10 0.124559 0.961250 0.018529 0.002500
10 0.351029 0.946705 0.009118 0.003409
9 0.109559 0.946250 0.008529 0.022500
10 0.357500 0.940795 0.007941 0.002500
7 0.223971 0.941364 0.005588 0.010000
7 0.651912 0.953295 0.016765 0.030227
7 0.791618 0.951932 0.007941 0.026591
10 0.674853 0.888750 0.007353 0.004773
10 0.346029 0.888750 0.008529 0.004773
10 0.641618 0.888068 0.010294 0.005227
9 0.571324 0.875114 0.010882 0.012045
10 0.113382 0.866477 0.009118 0.002955
10 0.807206 0.864432 0.009706 0.005227
9 0.406912 0.849432 0.009118 0.012500
9 0.744853 0.849886 0.009706 0.012500
10 0.506029 0.844205 0.019118 0.004773
10 0.156618 0.861250 0.012059 0.003409
9 0.822794 0.849886 0.009118 0.033409
10 0.589853 0.788068 0.007941 0.006136
9 0.715441 0.780341 0.007353 0.022500
9 0.931324 0.769886 0.008529 0.013409
10 0.953088 0.764432 0.008529 0.004318
10 0.755441 0.758295 0.008529 0.002955
6 0.823088 0.754659 0.008529 0.023864
10 0.648088 0.737614 0.009118 0.002500
10 0.952206 0.740341 0.007941 0.003409
10 0.674853 0.738295 0.017941 0.005682
10 0.488676 0.738295 0.010294 0.005682
10 0.253382 0.663977 0.011471 0.003409
10 0.312794 0.663068 0.010294 0.003409
10 0.382794 0.661705 0.013824 0.006136
9 0.925147 0.647159 0.009118 0.012500
9 0.345147 0.644318 0.013824 0.038636
9 0.238382 0.639432 0.014412 0.053409
10 0.769265 0.573068 0.010294 0.005227
6 0.090147 0.571477 0.006176 0.012955
10 0.843676 0.564205 0.010882 0.004773
10 0.110147 0.560795 0.008529 0.005227
10 0.476324 0.553295 0.007941 0.002955
10 0.118676 0.554886 0.013824 0.006136
10 0.295735 0.552614 0.007941 0.003409
10 0.547206 0.552159 0.010882 0.005227
10 0.593676 0.551023 0.010882 0.005682
10 0.757794 0.545341 0.008529 0.003409
9 0.680441 0.544205 0.011471 0.035682
10 0.707206 0.539432 0.008529 0.004318
9 0.214265 0.536932 0.009706 0.012955
10 0.919265 0.542614 0.020882 0.005227
9 0.616912 0.537841 0.009118 0.032955
9 0.533971 0.532841 0.005588 0.042955
9 0.449853 0.526250 0.016176 0.056136
7 0.240735 0.456932 0.013235 0.016591
7 0.141618 0.456932 0.012647 0.016591
9 0.381324 0.461705 0.016765 0.044318
6 0.169559 0.455795 0.012059 0.024318
9 0.931618 0.456818 0.011471 0.031818
9 0.877500 0.457841 0.013824 0.035682
9 0.680441 0.459886 0.012647 0.040682
10 0.108382 0.427614 0.009706 0.005227
9 0.211324 0.422386 0.013235 0.030227
9 0.711324 0.446477 0.013235 0.062045
10 0.587206 0.420114 0.007353 0.006591
10 0.440147 0.418523 0.007353 0.003409
7 0.533088 0.421250 0.012059 0.013409
10 0.670735 0.371705 0.008529 0.005227
7 0.457500 0.372614 0.012647 0.016136
10 0.505147 0.364886 0.009118 0.003409
10 0.677794 0.365568 0.017941 0.005682
10 0.594853 0.363523 0.016765 0.004318
7 0.861618 0.366023 0.012647 0.017500
10 0.305147 0.358295 0.007941 0.002955
10 0.506618 0.356477 0.008529 0.002955
9 0.608971 0.350341 0.008529 0.031591
8 0.269853 0.353750 0.009118 0.024773
10 0.616618 0.346932 0.008529 0.005682
9 0.240735 0.354659 0.007353 0.023864
9 0.535735 0.346250 0.011471 0.027045
10 0.250147 0.369432 0.026176 0.003409
10 0.334853 0.362841 0.017941 0.006591
9 0.516029 0.343068 0.010882 0.033409
10 0.727206 0.339886 0.008529 0.004318
10 0.697794 0.339886 0.008529 0.004318
10 0.351618 0.339205 0.007941 0.002955
10 0.211324 0.339659 0.009706 0.003864
10 0.543971 0.339659 0.009118 0.004773
10 0.929559 0.315114 0.016765 0.003864
10 0.273382 0.285114 0.009118 0.004773
10 0.874265 0.283068 0.007353 0.004318
7 0.923382 0.261705 0.012647 0.017045
9 0.493088 0.250568 0.013235 0.035682
9 0.465735 0.262045 0.017353 0.033182
9 0.431912 0.261136 0.014412 0.035909
9 0.400735 0.262500 0.014412 0.034091
9 0.363676 0.264659 0.013235 0.038409
10 0.258088 0.249432 0.012647 0.006136
10 0.228088 0.248977 0.009118 0.005227
7 0.653676 0.240341 0.007353 0.028864
10 0.718971 0.192614 0.014412 0.006136
10 0.653088 0.189886 0.013235 0.005227
7 0.753971 0.190341 0.013824 0.016136
10 0.830147 0.186705 0.010882 0.005227
10 0.718971 0.186705 0.009706 0.005227
10 0.658088 0.184205 0.011471 0.004773
10 0.716324 0.181250 0.012647 0.005227
9 0.150735 0.167841 0.016765 0.051136
10 0.173382 0.145341 0.013824 0.004318
9 0.738676 0.157159 0.011471 0.042500
10 0.446912 0.138977 0.010294 0.002500
10 0.472206 0.136477 0.020882 0.005682
10 0.743088 0.097159 0.009706 0.005227
7 0.948088 0.067386 0.012647 0.016591
10 0.859559 0.053977 0.009706 0.003409
10 0.830735 0.053523 0.008529 0.003409
10 0.409853 0.053750 0.011471 0.006591
10 0.321029 0.051023 0.017353 0.002955
9 0.376618 0.070568 0.010882 0.040227
10 0.750441 0.051023 0.010294 0.006591
8 0.709265 0.085568 0.009118 0.025682
9 0.456029 0.066705 0.013235 0.057045
10 0.572206 0.079432 0.007941 0.002500
18 0.214559 0.975909 0.007353 0.005000
13 0.218676 0.961250 0.010882 0.007500
18 0.640441 0.974886 0.007353 0.004773
13 0.642794 0.959886 0.010882 0.007500
13 0.186618 0.964432 0.010294 0.006591
13 0.239559 0.964091 0.010294 0.006364
13 0.337206 0.963636 0.010294 0.005909
13 0.805588 0.962955 0.010588 0.005455
13 0.478676 0.963636 0.010882 0.006818
13 0.380882 0.963523 0.010588 0.006591
13 0.762500 0.963409 0.010294 0.007273
13 0.665294 0.962727 0.011176 0.005909
13 0.619559 0.962614 0.010294 0.005682
13 0.522941 0.963295 0.011176 0.007045
13 0.359265 0.960795 0.010882 0.007500
13 0.501029 0.960568 0.010882 0.007955
18 0.497500 0.975341 0.007353 0.004773
13 0.784265 0.959886 0.011471 0.007500
13 0.316176 0.940568 0.010000 0.007045
13 0.165294 0.940795 0.010588 0.007500
13 0.111471 0.940568 0.009412 0.007045
13 0.413971 0.940114 0.009706 0.007045
13 0.272353 0.940227 0.010000 0.007273
17 0.906324 0.940000 0.012059 0.007727
17 0.843382 0.939545 0.012059 0.007727
13 0.697794 0.939318 0.010294 0.007273
13 0.598971 0.939318 0.010882 0.007273
13 0.554853 0.939318 0.010294 0.007273
13 0.456176 0.939545 0.009412 0.007727
13 0.741324 0.938636 0.010294 0.007727
13 0.142794 0.937045 0.010882 0.007273
13 0.294118 0.936818 0.010000 0.007727
13 0.434853 0.935909 0.010294 0.006818
13 0.718971 0.935682 0.010294 0.007273
13 0.578088 0.935455 0.010882 0.007727
13 0.519853 0.891477 0.010882 0.007955
13 0.456324 0.891477 0.009706 0.007955
13 0.493529 0.887727 0.010000 0.007727
13 0.430441 0.866705 0.009706 0.005682
13 0.716029 0.866477 0.010294 0.006136
13 0.368971 0.866477 0.010294 0.006136
13 0.768382 0.866136 0.010294 0.006364
13 0.600147 0.866136 0.011471 0.006364
13 0.546324 0.866250 0.010882 0.006591
13 0.404265 0.864091 0.011471 0.007727
13 0.742353 0.863750 0.011176 0.007955
13 0.573088 0.863295 0.011471 0.007955
13 0.173971 0.843977 0.009706 0.007500
13 0.110294 0.843977 0.009412 0.007500
13 0.288529 0.843523 0.010588 0.007500
13 0.855735 0.842727 0.010882 0.007727
13 0.802353 0.842727 0.011176 0.007727
13 0.342059 0.842841 0.011176 0.007955
13 0.688824 0.842273 0.009412 0.007727
13 0.637647 0.841932 0.010000 0.007955
13 0.147500 0.840682 0.010882 0.008182
13 0.315735 0.839545 0.009706 0.007727
13 0.830294 0.839091 0.011176 0.007727
13 0.663676 0.838636 0.010294 0.006818
18 0.199265 0.820795 0.010882 0.007500
18 0.262941 0.820000 0.010588 0.007727
18 0.939853 0.819318 0.009706 0.007273
18 0.887500 0.818864 0.009706 0.007273
18 0.235147 0.816591 0.010882 0.007273
18 0.914118 0.815795 0.010588 0.007500
11 0.109265 0.787273 0.009706 0.007727
12 0.406029 0.786705 0.010294 0.007500
11 0.190000 0.786705 0.010000 0.007500
13 0.716324 0.786250 0.010882 0.007500
12 0.591618 0.786250 0.010882 0.007500
12 0.530735 0.786477 0.010294 0.007955
12 0.343088 0.786591 0.010882 0.008182
13 0.758676 0.785909 0.010882 0.007727
11 0.154853 0.783295 0.010294 0.007955
13 0.737206 0.782500 0.010294 0.008182
12 0.560441 0.782614 0.010882 0.008409
12 0.375000 0.782727 0.010588 0.008636
18 0.465147 0.773977 0.007353 0.004773
12 0.467353 0.758750 0.011765 0.007955
18 0.652206 0.773523 0.006176 0.004773
12 0.655147 0.758750 0.012059 0.007955
11 0.227794 0.762727 0.010294 0.006818
11 0.307500 0.762386 0.010882 0.007045
13 0.952794 0.761818 0.009706 0.006364
13 0.911176 0.761705 0.011176 0.006591
13 0.820147 0.761705 0.010882 0.006591
13 0.778088 0.761932 0.010882 0.007045
12 0.685147 0.761818 0.010882 0.006818
12 0.623529 0.761818 0.011176 0.006818
12 0.497794 0.761932 0.011471 0.007045
12 0.436324 0.761818 0.010882 0.006818
11 0.271029 0.759432 0.010882 0.007500
13 0.931765 0.758750 0.011176 0.007955
13 0.799118 0.758750 0.011765 0.007955
13 0.890735 0.737841 0.010294 0.007955
13 0.845000 0.737500 0.010000 0.008182
13 0.871471 0.733750 0.010000 0.008864
12 0.116324 0.693864 0.008529 0.008182
12 0.116618 0.673295 0.009118 0.005227
12 0.116618 0.656591 0.009118 0.007273
12 0.116029 0.639318 0.010294 0.007273
11 0.793971 0.690682 0.010882 0.007273
11 0.857500 0.690341 0.009706 0.007500
14 0.774853 0.686932 0.009118 0.007955
14 0.750735 0.687273 0.009118 0.008636
11 0.828676 0.686705 0.010882 0.008409
14 0.727794 0.683636 0.010294 0.007727
14 0.703676 0.683750 0.010294 0.007955
11 0.715735 0.656818 0.013824 0.005000
14 0.678971 0.679091 0.010294 0.007727
11 0.687794 0.650909 0.006765 0.004091
13 0.639559 0.675909 0.010294 0.007727
14 0.663824 0.675682 0.010588 0.008182
14 0.625147 0.672045 0.010882 0.007273
12 0.593971 0.669318 0.010882 0.008182
11 0.952059 0.666250 0.010588 0.007500
11 0.889559 0.665795 0.010294 0.007500
12 0.563382 0.665227 0.010882 0.006364
11 0.925441 0.663068 0.011471 0.007500
12 0.541912 0.662614 0.010294 0.007500
12 0.508088 0.656023 0.009706 0.007955
12 0.483971 0.652500 0.009706 0.007273
12 0.697500 0.650227 0.005588 0.004545
12 0.462500 0.649545 0.011471 0.007727
12 0.431912 0.645909 0.011471 0.008636
12 0.400735 0.642045 0.011471 0.008182
12 0.377794 0.638750 0.010294 0.008864
12 0.348676 0.632500 0.009706 0.008182
12 0.324853 0.628295 0.010294 0.007955
12 0.303088 0.625568 0.010294 0.007955
18 0.270735 0.622500 0.011471 0.008182
12 0.239853 0.618864 0.009706 0.008182
12 0.215735 0.615795 0.009118 0.007500
12 0.171471 0.616136 0.010588 0.008182
12 0.150735 0.616023 0.010294 0.007955
12 0.326471 0.583295 0.008824 0.007955
12 0.327500 0.565568 0.010882 0.007955
12 0.326912 0.548977 0.008529 0.006591
12 0.326912 0.527386 0.010882 0.007955
14 0.947059 0.580568 0.009412 0.007955
14 0.926765 0.576705 0.009412 0.008409
12 0.934559 0.549205 0.006176 0.005682
14 0.901765 0.573182 0.010000 0.007727
14 0.902941 0.546364 0.015882 0.005909
14 0.877794 0.568636 0.010294 0.007727
14 0.880882 0.539659 0.012941 0.006136
14 0.861912 0.565455 0.011471 0.007727
14 0.844412 0.561932 0.010588 0.007045
18 0.110588 0.559545 0.007647 0.007273
12 0.121912 0.555568 0.009118 0.006136
18 0.122500 0.540341 0.006765 0.003864
12 0.165147 0.559432 0.009706 0.007500
12 0.176765 0.555455 0.008824 0.005909
12 0.214265 0.556023 0.009706 0.007045
12 0.295000 0.555341 0.009412 0.006591
12 0.255882 0.555682 0.010000 0.007273
13 0.803235 0.555227 0.010588 0.007273
17 0.816618 0.539318 0.015000 0.005455
14 0.820735 0.558977 0.011471 0.007500
12 0.785147 0.552045 0.010882 0.008182
18 0.918088 0.549318 0.008529 0.004545
12 0.756912 0.548409 0.009706 0.007273
12 0.730147 0.545227 0.011471 0.008182
12 0.706912 0.541818 0.009706 0.006818
12 0.688382 0.538182 0.010294 0.007727
12 0.660147 0.534432 0.009118 0.007500
12 0.143382 0.531705 0.010882 0.007500
12 0.234265 0.531364 0.010294 0.007727
12 0.195441 0.531477 0.011471 0.007955
12 0.639265 0.531023 0.010882 0.007955
12 0.277059 0.531023 0.011176 0.007955
12 0.619265 0.527955 0.009706 0.008182
12 0.589559 0.523864 0.010294 0.008182
12 0.559559 0.521250 0.009118 0.008409
12 0.538676 0.517273 0.009706 0.007727
12 0.518529 0.514318 0.010588 0.008182
12 0.490294 0.511136 0.010000 0.008182
18 0.469853 0.507955 0.010882 0.008182
18 0.398382 0.504545 0.011471 0.007727
12 0.366618 0.504659 0.010294 0.007955
18 0.448676 0.504318 0.010882 0.008182
12 0.110441 0.468182 0.008529 0.005909
13 0.110441 0.449659 0.010882 0.007955
11 0.110147 0.425568 0.010294 0.007045
12 0.819853 0.456250 0.010882 0.007500
12 0.818971 0.445568 0.009118 0.006136
12 0.535147 0.455568 0.009706 0.007045
17 0.535147 0.462614 0.009706 0.007045
12 0.534559 0.445227 0.010882 0.006364
11 0.385000 0.462614 0.010000 0.007045
12 0.385000 0.455568 0.010000 0.007045
12 0.384706 0.445227 0.010588 0.006364
12 0.681029 0.456023 0.008529 0.012955
12 0.680735 0.445455 0.010294 0.006818
12 0.807206 0.449432 0.009118 0.007500
12 0.932500 0.446250 0.009118 0.006591
12 0.932500 0.452841 0.009118 0.006591
12 0.877206 0.445341 0.010294 0.006591
12 0.877206 0.451932 0.010294 0.006591
12 0.746765 0.445455 0.010000 0.006818
12 0.746765 0.452273 0.010000 0.006818
12 0.746765 0.459091 0.010000 0.006818
11 0.211029 0.425455 0.010882 0.006818
12 0.210882 0.459545 0.008824 0.005909
12 0.210882 0.442727 0.011176 0.007727
13 0.606029 0.425341 0.009118 0.007500
13 0.309412 0.425227 0.010000 0.007273
13 0.455441 0.425227 0.009118 0.008182
12 0.955294 0.422614 0.008235 0.007500
12 0.904265 0.422614 0.009118 0.007500
11 0.171324 0.421932 0.010294 0.007955
12 0.846324 0.422159 0.009706 0.009318
12 0.776618 0.421591 0.010294 0.008182
17 0.711618 0.421364 0.009706 0.007727
17 0.646471 0.421364 0.009412 0.007727
13 0.585735 0.421477 0.009118 0.007955
13 0.437206 0.421364 0.009118 0.007727
13 0.289412 0.421364 0.009412 0.007727
17 0.349853 0.421136 0.009706 0.008182
17 0.498824 0.420568 0.010000 0.007955
13 0.329706 0.418295 0.010000 0.007955
13 0.625147 0.417500 0.010294 0.007273
13 0.475735 0.417727 0.009706 0.007727
13 0.416471 0.417500 0.009412 0.007273
13 0.564559 0.417273 0.009706 0.007727
13 0.269412 0.417955 0.010000 0.009091
12 0.425147 0.379091 0.008529 0.006818
12 0.424265 0.361477 0.010294 0.007045
11 0.424853 0.339091 0.011471 0.007727
17 0.830441 0.373636 0.008529 0.006818
11 0.830441 0.339318 0.012059 0.007273
11 0.829706 0.355682 0.010000 0.007273
13 0.115294 0.365909 0.008235 0.003182
13 0.114559 0.339318 0.010882 0.007273
13 0.614853 0.348636 0.010294 0.006818
13 0.239559 0.348636 0.009118 0.006818
13 0.269265 0.348523 0.009706 0.007045
13 0.641029 0.345568 0.009706 0.007045
13 0.166618 0.345795 0.010294 0.007500
14 0.669265 0.345455 0.010882 0.007727
13 0.329853 0.345455 0.010882 0.007727
13 0.298676 0.345455 0.010882 0.007727
13 0.135588 0.342500 0.009412 0.006364
14 0.725735 0.342273 0.009706 0.006818
14 0.697206 0.342159 0.009118 0.006591
13 0.543088 0.341705 0.010294 0.006591
13 0.350441 0.342045 0.009706 0.007273
13 0.210441 0.341818 0.009706 0.006818
13 0.933971 0.339886 0.010882 0.007500
14 0.753235 0.339091 0.011765 0.007727
13 0.187206 0.338977 0.011471 0.007500
13 0.585441 0.338750 0.010294 0.007955
13 0.523676 0.338750 0.011471 0.007955
13 0.913676 0.336023 0.011471 0.007045
11 0.776029 0.335455 0.011471 0.007727
13 0.493676 0.335455 0.010294 0.007727
11 0.375147 0.335568 0.012059 0.007955
13 0.563971 0.335114 0.010882 0.007955
13 0.955147 0.332273 0.009706 0.007727
13 0.892794 0.331818 0.010882 0.007727
12 0.872206 0.285909 0.008529 0.007727
12 0.872500 0.268523 0.009118 0.007500
12 0.872500 0.254886 0.011471 0.007500
11 0.858382 0.251136 0.010294 0.006364
12 0.122794 0.274773 0.009706 0.008182
12 0.110441 0.254545 0.008529 0.007727
12 0.121618 0.251591 0.008529 0.006364
12 0.158676 0.270795 0.009706 0.006136
12 0.146029 0.254545 0.010294 0.007727
12 0.157206 0.250682 0.009118 0.006364
12 0.229265 0.267727 0.008529 0.007727
18 0.218971 0.253977 0.011471 0.007955
12 0.227206 0.251477 0.011471 0.007955
12 0.192059 0.267727 0.009412 0.007727
18 0.180735 0.254205 0.011471 0.007955
12 0.190735 0.251477 0.011471 0.007955
12 0.257794 0.263977 0.009118 0.006591
12 0.246324 0.254205 0.009706 0.007045
12 0.257500 0.250455 0.008529 0.005909
12 0.330735 0.261364 0.009118 0.007727
17 0.318971 0.254205 0.009118 0.007955
12 0.331029 0.250568 0.008529 0.006136
12 0.295441 0.261364 0.010294 0.007727
12 0.283382 0.254091 0.008529 0.007727
12 0.295147 0.250909 0.009706 0.005909
11 0.768971 0.254545 0.006765 0.005000
12 0.457500 0.254318 0.008529 0.007273
12 0.467794 0.250682 0.009118 0.006364
12 0.392353 0.254432 0.008824 0.007500
12 0.403676 0.250795 0.009118 0.006591
12 0.403676 0.257386 0.009118 0.006591
11 0.778676 0.251250 0.007353 0.005682
18 0.740147 0.251250 0.017353 0.007500
18 0.701029 0.251023 0.011471 0.007955
18 0.707206 0.251023 0.011471 0.007955
18 0.686471 0.251136 0.017059 0.007273
12 0.662059 0.250455 0.010000 0.005909
12 0.650294 0.250795 0.010588 0.006591
12 0.631324 0.250909 0.009118 0.006818
12 0.620000 0.250568 0.011176 0.006136
12 0.599853 0.250795 0.009706 0.006591
12 0.587647 0.250682 0.010000 0.006364
12 0.568088 0.250795 0.008529 0.006591
12 0.556029 0.250455 0.009118 0.005909
12 0.536618 0.250682 0.009118 0.006364
12 0.523971 0.250568 0.008529 0.006136
12 0.504706 0.250909 0.009412 0.006818
12 0.492941 0.250682 0.010000 0.006364
18 0.421912 0.254432 0.011471 0.007955
12 0.431912 0.251477 0.011471 0.007955
18 0.356029 0.251477 0.011471 0.007955
12 0.364559 0.251477 0.011471 0.007955
11 0.802500 0.247955 0.011471 0.007273
12 0.145441 0.188295 0.010294 0.007955
12 0.145441 0.170000 0.010294 0.007727
12 0.217206 0.184205 0.011471 0.007955
12 0.216029 0.166023 0.009118 0.006136
12 0.182206 0.184205 0.010882 0.007955
12 0.180735 0.166136 0.009118 0.006364
12 0.280294 0.180000 0.010588 0.007727
12 0.280441 0.163636 0.010882 0.007727
12 0.316176 0.179659 0.010588 0.007955
12 0.316618 0.163182 0.010294 0.007727
12 0.411324 0.176477 0.011471 0.007955
18 0.408235 0.160000 0.006471 0.005000
12 0.352794 0.176477 0.010882 0.007955
12 0.352059 0.159659 0.010000 0.006136
18 0.556618 0.175568 0.011471 0.007955
18 0.564265 0.175568 0.011471 0.007955
14 0.561029 0.150000 0.008529 0.007727
14 0.560588 0.131591 0.009412 0.008182
18 0.467647 0.172614 0.006471 0.004773
12 0.484412 0.172727 0.010588 0.005909
12 0.483676 0.156705 0.010294 0.007500
12 0.448971 0.172500 0.011471 0.006364
12 0.448676 0.156818 0.010882 0.007727
12 0.508235 0.170000 0.007647 0.005000
12 0.507500 0.153864 0.007353 0.005455
12 0.887794 0.170682 0.010294 0.007273
12 0.886324 0.153977 0.009706 0.007500
14 0.851029 0.170568 0.009706 0.007955
14 0.849412 0.154091 0.010000 0.006818
14 0.824265 0.167273 0.007941 0.006818
14 0.823529 0.150568 0.010000 0.007955
14 0.795735 0.163977 0.008529 0.007500
14 0.794853 0.146705 0.010294 0.007500
14 0.769559 0.163864 0.009118 0.007273
14 0.768971 0.146364 0.010294 0.007727
14 0.706912 0.160568 0.008529 0.006591
14 0.706912 0.142045 0.010882 0.008182
14 0.740147 0.159773 0.007941 0.006364
14 0.739853 0.142045 0.009706 0.008182
14 0.676912 0.157045 0.009706 0.007273
14 0.676471 0.138636 0.009412 0.007727
14 0.622941 0.153977 0.008235 0.004773
14 0.622794 0.135114 0.009706 0.007955
14 0.648971 0.153068 0.007941 0.006591
14 0.648676 0.135455 0.009706 0.007727
12 0.384265 0.153182 0.010294 0.006818
14 0.595735 0.150227 0.008529 0.007273
14 0.595588 0.132045 0.009412 0.007273
14 0.533382 0.146591 0.008529 0.007273
14 0.532500 0.129091 0.010294 0.007727
12 0.946176 0.129886 0.010000 0.007500
12 0.249265 0.129205 0.009706 0.007045
12 0.108382 0.129545 0.010294 0.007727
12 0.149265 0.096136 0.009706 0.008636
12 0.148676 0.078295 0.010882 0.007955
12 0.227941 0.092727 0.010588 0.007727
12 0.227206 0.074886 0.010294 0.005682
12 0.189559 0.092727 0.010294 0.007727
12 0.188529 0.074318 0.009412 0.006364
12 0.298235 0.089545 0.011176 0.007727
12 0.297500 0.071364 0.009706 0.007727
12 0.336029 0.089318 0.010294 0.007727
12 0.336029 0.071364 0.010294 0.007727
12 0.375000 0.085568 0.011765 0.007955
12 0.373676 0.067841 0.010882 0.006136
14 0.665147 0.080909 0.012059 0.004091
12 0.486618 0.081932 0.010294 0.007045
12 0.486618 0.065000 0.010294 0.006818
12 0.448676 0.081818 0.010882 0.007727
12 0.448382 0.064886 0.011471 0.007500
14 0.604853 0.078068 0.008529 0.003864
12 0.518088 0.078636 0.010882 0.007727
12 0.516912 0.061250 0.009706 0.005682
12 0.568382 0.078864 0.017353 0.009091
12 0.563971 0.052159 0.010294 0.007500
12 0.562941 0.034773 0.009412 0.008182
12 0.917206 0.076932 0.010294 0.006136
12 0.917353 0.060795 0.009412 0.007500
12 0.889559 0.076818 0.009118 0.006818
13 0.888676 0.060341 0.009706 0.007500
12 0.539118 0.075682 0.007059 0.005455
12 0.538676 0.058864 0.006176 0.004545
13 0.860147 0.073636 0.007941 0.007727
12 0.859853 0.056705 0.009706 0.007500
13 0.831324 0.073295 0.009118 0.007955
13 0.829853 0.056705 0.009706 0.007500
13 0.765000 0.069545 0.008824 0.005000
13 0.764412 0.052500 0.010588 0.008182
13 0.801912 0.069432 0.007941 0.006591
13 0.801912 0.053068 0.010294 0.007500
14 0.736471 0.066136 0.008824 0.007273
13 0.736029 0.048750 0.010294 0.007955
14 0.708676 0.062273 0.009706 0.006818
14 0.708088 0.043977 0.010882 0.008409
14 0.680294 0.062273 0.008235 0.006818
14 0.680147 0.044773 0.011471 0.008182
14 0.649559 0.058977 0.009118 0.007500
14 0.648529 0.040795 0.008824 0.008409
14 0.622794 0.058977 0.009706 0.007500
14 0.621618 0.041364 0.009706 0.007727
14 0.591618 0.055795 0.008529 0.004773
14 0.591471 0.037273 0.010000 0.007727
13 0.408235 0.054659 0.010000 0.007045
12 0.107794 0.030909 0.010294 0.007727
12 0.261029 0.030341 0.009706 0.007500
3 0.849559 0.261023 0.017353 0.036136
3 0.740441 0.338977 0.007353 0.021136
4 0.666618 0.045114 0.010294 0.020682
4 0.723088 0.048750 0.010294 0.019773
4 0.555735 0.050568 0.013235 0.018864
3 0.602500 0.348750 0.007941 0.019773
5 0.683971 0.338523 0.009706 0.017500
4 0.579559 0.038295 0.010294 0.020682
4 0.339265 0.160114 0.009706 0.020682
4 0.548676 0.131705 0.009706 0.020227
4 0.750735 0.069432 0.010294 0.020227
4 0.815147 0.338750 0.010882 0.020682
3 0.813971 0.373068 0.007353 0.021136
3 0.286029 0.071250 0.007941 0.021136
3 0.265147 0.180568 0.007353 0.019773
1 0.038088 0.062614 0.023824 0.044773
3 0.343088 0.257841 0.007941 0.020682
4 0.498676 0.169432 0.007353 0.012955
1 0.039853 0.261023 0.025000 0.050682
4 0.760147 0.254432 0.007941 0.013864
1 0.038382 0.163750 0.024412 0.050682
4 0.838382 0.154205 0.010294 0.020682
3 0.712794 0.342159 0.007353 0.020227
3 0.832794 0.561932 0.007353 0.020682
5 0.771324 0.548750 0.009118 0.017955
5 0.255147 0.756477 0.009706 0.017045
3 0.286029 0.345341 0.007941 0.021136
3 0.175735 0.074659 0.007353 0.020682
3 0.790147 0.248068 0.009118 0.022045
3 0.529853 0.662386 0.007353 0.020682
3 0.313382 0.582841 0.007353 0.020682
4 0.133676 0.096250 0.010294 0.020227
5 0.813676 0.683068 0.009118 0.017500
3 0.504853 0.514205 0.007941 0.019773
3 0.101324 0.672841 0.007941 0.020682
5 0.352794 0.501932 0.009706 0.017045
3 0.795147 0.449432 0.008529 0.021136
4 0.868971 0.162159 0.018529 0.036591
3 0.097794 0.465114 0.007941 0.018864
5 0.651029 0.672386 0.009706 0.017955
4 0.131618 0.170114 0.009706 0.019773
4 0.445441 0.254205 0.011471 0.021591
4 0.197500 0.425795 0.010882 0.021136
1 0.039559 0.349205 0.023235 0.044318
5 0.312500 0.523977 0.009118 0.016591
4 0.579853 0.668750 0.009706 0.020682
5 0.909853 0.659659 0.009706 0.017045
3 0.101029 0.638977 0.007353 0.022045
4 0.418382 0.646477 0.010294 0.020682
4 0.256912 0.621932 0.009706 0.020682
1 0.038676 0.663295 0.025000 0.050682
1 0.039853 0.957841 0.023824 0.044318
1 0.039559 0.864659 0.024412 0.050682
1 0.038676 0.552386 0.025000 0.050682
3 0.410441 0.338750 0.007353 0.020682
1 0.039853 0.759659 0.025000 0.049773
1 0.039853 0.439205 0.023824 0.044318
3 0.101618 0.338977 0.007353 0.021136
3 0.509853 0.338977 0.007353 0.021136
4 0.140147 0.271023 0.011471 0.020682
3 0.308676 0.261023 0.007353 0.021591
4 0.693088 0.142386 0.010294 0.020682
4 0.152206 0.559432 0.010882 0.021136
5 0.273971 0.257614 0.009706 0.017500
3 0.228382 0.348523 0.007941 0.020227
4 0.154265 0.345795 0.010294 0.021136
3 0.288676 0.624886 0.007353 0.019318
5 0.138971 0.780568 0.009118 0.017045
5 0.628676 0.341932 0.009706 0.017955
3 0.674265 0.538068 0.006765 0.020227
3 0.611324 0.671705 0.007941 0.020227
5 0.478382 0.884432 0.009118 0.016591
4 0.210441 0.267841 0.010882 0.020682
5 0.128971 0.933523 0.010294 0.016591
4 0.316324 0.345341 0.010882 0.021136
3 0.448382 0.649205 0.007941 0.019773
4 0.743971 0.548295 0.009706 0.020682
3 0.409559 0.361705 0.007941 0.021136
4 0.471324 0.156705 0.010294 0.020227
3 0.656029 0.345341 0.007941 0.021136
5 0.205147 0.958068 0.009706 0.017500
3 0.137500 0.616023 0.007353 0.019773
5 0.218676 0.813523 0.009706 0.016591
4 0.256618 0.348750 0.010294 0.020682
5 0.389265 0.861023 0.009706 0.017045
4 0.100735 0.694205 0.010294 0.019773
3 0.364559 0.639659 0.007353 0.020682
4 0.690294 0.682955 0.008824 0.019545
4 0.575294 0.523864 0.009412 0.019545
3 0.551471 0.520455 0.011176 0.020000
5 0.913824 0.573409 0.007647 0.015909
4 0.889706 0.573182 0.008824 0.020000
4 0.358529 0.085909 0.008824 0.019091
3 0.361471 0.067955 0.007647 0.019545
4 0.467647 0.081591 0.009412 0.020455
4 0.474412 0.064545 0.008824 0.019091
3 0.635294 0.058864 0.005882 0.019545
3 0.636765 0.041136 0.006471 0.019545
3 0.167353 0.184091 0.006471 0.019091
3 0.170294 0.166364 0.006471 0.019091
3 0.695882 0.062273 0.007059 0.020000
3 0.696176 0.044545 0.006471 0.019091
3 0.529706 0.075227 0.005294 0.014091
3 0.531176 0.058409 0.005882 0.013182
4 0.662059 0.157045 0.008824 0.018636
3 0.666176 0.139773 0.007647 0.019545
3 0.635000 0.153409 0.006471 0.019545
3 0.636176 0.135682 0.006471 0.019545
3 0.739412 0.686591 0.005882 0.019545
5 0.761765 0.684091 0.008235 0.016364
3 0.781765 0.163636 0.005882 0.020000
3 0.783235 0.147273 0.006471 0.020000
4 0.791176 0.052273 0.009412 0.019091
3 0.782647 0.061136 0.012353 0.036818
4 0.076471 0.756818 0.009412 0.020000
4 0.066176 0.746364 0.010000 0.020000
4 0.075588 0.550000 0.010000 0.020000
4 0.066176 0.539318 0.010000 0.020455
4 0.429412 0.172955 0.009412 0.019545
3 0.435588 0.156136 0.006471 0.019545
3 0.846176 0.073409 0.006471 0.019545
3 0.848824 0.056818 0.007059 0.019091
4 0.078824 0.957955 0.010588 0.020455
4 0.068529 0.947500 0.010000 0.020455
4 0.075000 0.349091 0.010000 0.020000
4 0.066176 0.338864 0.010000 0.020455
3 0.316765 0.087727 0.006471 0.018182
4 0.322647 0.071136 0.008824 0.019545
4 0.076765 0.862045 0.010000 0.020455
4 0.067647 0.851136 0.009412 0.020455
4 0.076471 0.439545 0.010588 0.020000
4 0.066471 0.429318 0.009412 0.020455
3 0.573529 0.149773 0.005882 0.019545
4 0.073235 0.160682 0.010000 0.019545
4 0.064706 0.150455 0.010588 0.020000
3 0.718235 0.160455 0.007059 0.020000
3 0.903235 0.076818 0.006471 0.020000
3 0.904706 0.059773 0.005882 0.017727
4 0.075294 0.659773 0.010588 0.020455
4 0.066176 0.649545 0.010000 0.020000
4 0.730735 0.458295 0.009118 0.020682
3 0.435000 0.065568 0.007059 0.020682
3 0.435000 0.079432 0.007059 0.020682
4 0.380882 0.257841 0.008824 0.020682
4 0.517794 0.462841 0.009118 0.020682
3 0.370147 0.462841 0.009118 0.020682
4 0.609559 0.041932 0.009118 0.020682
4 0.605735 0.057614 0.009118 0.020682
4 0.063088 0.051477 0.009118 0.020682
4 0.075000 0.061023 0.008824 0.020682
4 0.611324 0.135114 0.009118 0.020682
4 0.607794 0.153068 0.009118 0.020682
4 0.519559 0.146591 0.009118 0.020000
3 0.863676 0.452386 0.009118 0.020682
3 0.581618 0.132614 0.009118 0.020682
4 0.581618 0.148977 0.009118 0.020682
4 0.811324 0.151023 0.009118 0.020682
4 0.808088 0.166705 0.009118 0.020682
4 0.917206 0.452841 0.009118 0.020682
3 0.924853 0.452841 0.009118 0.020682
4 0.213676 0.074659 0.009118 0.020682
4 0.208088 0.092614 0.009118 0.020682
4 0.818088 0.057386 0.009118 0.020682
4 0.813676 0.072614 0.009118 0.020682
4 0.064853 0.247386 0.009118 0.020682
4 0.075588 0.257841 0.008824 0.020682
4 0.876029 0.060114 0.009118 0.020682
4 0.871912 0.077159 0.009118 0.020682
4 0.757206 0.146932 0.009118 0.020682
4 0.754559 0.163068 0.009118 0.020682
3 0.725735 0.142614 0.009118 0.020682
4 0.727206 0.159432 0.009118 0.020682
4 0.204265 0.166932 0.009118 0.020682
4 0.200735 0.183977 0.009118 0.020682
4 0.304265 0.163750 0.009118 0.020682
4 0.299559 0.178977 0.009118 0.020682