8 0.519383 0.965145 0.007342 0.023842
8 0.554919 0.958787 0.007930 0.022934
7 0.884141 0.954473 0.012041 0.016576
6 0.904993 0.953678 0.012628 0.024977
10 0.609838 0.941076 0.009692 0.006585
9 0.749927 0.930631 0.009104 0.037920
10 0.162261 0.861603 0.010279 0.005223
10 0.396035 0.842757 0.011454 0.005223
10 0.930250 0.818915 0.007342 0.002952
8 0.920558 0.830495 0.010279 0.034287
9 0.755800 0.815509 0.009692 0.032016
10 0.366373 0.751135 0.007342 0.004087
10 0.235095 0.733765 0.014978 0.006585
9 0.793392 0.716394 0.013216 0.030881
9 0.401468 0.719800 0.009398 0.038147
9 0.816740 0.721276 0.009398 0.043370
9 0.173862 0.738079 0.012335 0.069709
9 0.118649 0.714237 0.007636 0.023842
9 0.138032 0.720254 0.011160 0.036785
9 0.274890 0.719914 0.011160 0.037012
9 0.524376 0.713556 0.007930 0.023842
9 0.460499 0.737398 0.013510 0.071526
9 0.337739 0.736944 0.013510 0.071072
9 0.635830 0.732516 0.011747 0.064487
9 0.779001 0.711966 0.006167 0.023842
8 0.433333 0.640895 0.006755 0.021117
9 0.357856 0.642598 0.013216 0.024069
10 0.947577 0.634537 0.014391 0.006585
8 0.728781 0.629314 0.009104 0.010218
9 0.147871 0.616144 0.006755 0.023842
7 0.239501 0.541667 0.011454 0.016576
8 0.918209 0.537807 0.012041 0.023842
10 0.482379 0.530540 0.013216 0.006585
10 0.443612 0.552566 0.017915 0.003406
10 0.465345 0.552112 0.019090 0.003406
9 0.211601 0.525772 0.012041 0.042007
9 0.360940 0.524750 0.013510 0.040872
9 0.288253 0.523728 0.012628 0.038828
10 0.942291 0.449024 0.007930 0.002498
9 0.224816 0.446639 0.012041 0.022707
9 0.157562 0.450045 0.017327 0.029519
8 0.206021 0.439941 0.007342 0.023842
9 0.859765 0.430404 0.006167 0.030200
8 0.868282 0.426998 0.005580 0.023388
9 0.925257 0.425295 0.005580 0.039510
10 0.924376 0.372048 0.007342 0.005677
9 0.327313 0.352066 0.013803 0.011580
10 0.796329 0.342075 0.008517 0.004314
9 0.339941 0.341394 0.010866 0.036558
10 0.351101 0.335036 0.007342 0.005677
9 0.386050 0.339578 0.010279 0.023388
10 0.505874 0.327316 0.007930 0.002498
9 0.253891 0.335490 0.016153 0.030200
10 0.497063 0.320731 0.009104 0.004768
9 0.189574 0.331176 0.010866 0.036104
9 0.785169 0.333674 0.010866 0.022934
10 0.757856 0.250341 0.007342 0.003406
7 0.946990 0.245345 0.008517 0.024750
10 0.882673 0.239441 0.007930 0.004314
10 0.822467 0.239441 0.008517 0.004314
9 0.409251 0.250341 0.007930 0.032016
10 0.361674 0.237738 0.010279 0.005450
9 0.374302 0.254314 0.012041 0.042234
7 0.760793 0.236717 0.010866 0.033379
9 0.185463 0.154973 0.012628 0.029746
7 0.736417 0.154292 0.012628 0.027475
10 0.390162 0.138170 0.008517 0.005677
9 0.439794 0.145777 0.012628 0.029973
10 0.787518 0.134537 0.020852 0.003406
9 0.121733 0.134650 0.010866 0.037239
9 0.591630 0.135218 0.012041 0.037920
9 0.139648 0.131926 0.011454 0.031789
9 0.528488 0.131471 0.010279 0.056767
10 0.843612 0.069596 0.007930 0.004314
10 0.541410 0.069823 0.007342 0.003406
10 0.884728 0.050522 0.011454 0.004314
9 0.840382 0.059151 0.010866 0.024296
10 0.621586 0.048819 0.009104 0.003179
10 0.290896 0.049160 0.010279 0.004314
9 0.582966 0.057448 0.015859 0.023161
10 0.541703 0.048479 0.009104 0.003406
10 0.638913 0.043370 0.009692 0.005904
9 0.146109 0.037807 0.012041 0.026113
10 0.741703 0.026453 0.007342 0.006131
9 0.692658 0.036558 0.010279 0.037239
9 0.716153 0.034741 0.011454 0.031789
13 0.135830 0.980132 0.010279 0.007039
13 0.153744 0.975704 0.010866 0.007720
13 0.305433 0.972866 0.011160 0.007493
13 0.172540 0.972525 0.010866 0.007720
13 0.324376 0.969460 0.012628 0.007947
13 0.189868 0.969460 0.011454 0.007947
13 0.342438 0.965940 0.011160 0.006358
13 0.209251 0.966054 0.011454 0.006585
13 0.226579 0.963669 0.012041 0.007266
13 0.117034 0.963215 0.011454 0.007266
13 0.499413 0.962648 0.010279 0.007493
13 0.373128 0.962875 0.012041 0.007947
13 0.245228 0.959696 0.011160 0.006585
13 0.516740 0.959128 0.010866 0.006812
13 0.391924 0.959355 0.011454 0.007266
13 0.287078 0.956630 0.012041 0.007720
13 0.534655 0.956063 0.011454 0.007947
13 0.409251 0.956176 0.012041 0.008174
13 0.553451 0.952657 0.010279 0.006585
13 0.428928 0.952770 0.011454 0.006812
13 0.571072 0.949364 0.011454 0.008174
13 0.470925 0.949251 0.012041 0.007947
13 0.588106 0.945958 0.010279 0.006812
13 0.608223 0.942439 0.010573 0.007947
13 0.644787 0.938919 0.010866 0.006812
13 0.662115 0.935513 0.010279 0.007266
13 0.679442 0.931540 0.009692 0.007493
13 0.698825 0.928361 0.010866 0.007493
13 0.715859 0.924273 0.009692 0.006585
13 0.734068 0.921549 0.010279 0.007493
12 0.752276 0.918029 0.009692 0.008629
18 0.783407 0.914850 0.011454 0.007720
18 0.863877 0.911558 0.010279 0.006585
13 0.848018 0.856835 0.010279 0.007947
13 0.866520 0.852520 0.010866 0.007493
13 0.867107 0.819709 0.007342 0.006358
12 0.770191 0.849342 0.010866 0.007493
13 0.882673 0.848433 0.010279 0.007493
13 0.900147 0.845936 0.009985 0.007039
13 0.264464 0.845254 0.010866 0.007493
18 0.395888 0.843324 0.006461 0.004087
13 0.918502 0.842870 0.010279 0.006812
12 0.723495 0.842870 0.010279 0.007266
11 0.195888 0.841848 0.011747 0.007947
13 0.934214 0.839464 0.011747 0.007266
13 0.288546 0.838215 0.010866 0.007039
12 0.659912 0.836966 0.009985 0.007266
13 0.961527 0.835377 0.011160 0.006358
12 0.144934 0.835263 0.011454 0.007493
13 0.347283 0.834696 0.012041 0.008174
13 0.314244 0.834582 0.011747 0.007947
13 0.825991 0.832993 0.012041 0.007493
12 0.746990 0.826635 0.011454 0.007493
13 0.240382 0.821866 0.012041 0.007947
13 0.362115 0.821412 0.011160 0.007947
12 0.530837 0.821072 0.010279 0.007720
12 0.700294 0.820050 0.012041 0.007947
11 0.170338 0.818915 0.010573 0.007493
13 0.617327 0.817552 0.009985 0.007493
13 0.388253 0.814373 0.011160 0.007039
12 0.635977 0.814260 0.011454 0.007266
12 0.578414 0.814260 0.011454 0.007720
13 0.601762 0.813919 0.011160 0.007947
12 0.119677 0.811876 0.011454 0.007039
13 0.492070 0.811308 0.009104 0.006358
13 0.414537 0.811194 0.010279 0.007039
13 0.466667 0.807107 0.008811 0.007039
12 0.508223 0.806767 0.010866 0.007266
12 0.441850 0.806880 0.009692 0.007493
11 0.202203 0.754655 0.009692 0.007039
12 0.202349 0.738306 0.012335 0.007947
11 0.484435 0.754428 0.009104 0.007039
12 0.485316 0.738079 0.012041 0.007947
12 0.364023 0.754201 0.010279 0.007039
12 0.365198 0.737625 0.012628 0.007493
11 0.549927 0.754087 0.008517 0.007266
12 0.550514 0.737852 0.012041 0.007493
12 0.659178 0.753520 0.008517 0.006585
12 0.660059 0.737171 0.012628 0.007493
11 0.598385 0.753520 0.007930 0.007039
12 0.599266 0.737398 0.012041 0.007493
11 0.710132 0.752952 0.009398 0.007266
12 0.710573 0.737171 0.012628 0.007493
12 0.963730 0.736944 0.011454 0.007493
12 0.846990 0.720368 0.011747 0.007493
13 0.927606 0.716054 0.009692 0.007493
12 0.881498 0.712988 0.010866 0.007266
12 0.943319 0.712988 0.009398 0.007720
13 0.902056 0.712534 0.010866 0.007266
13 0.157562 0.711853 0.010279 0.007720
13 0.320999 0.710604 0.010573 0.007947
13 0.441410 0.710377 0.011160 0.007947
13 0.802349 0.709015 0.010573 0.007493
12 0.174890 0.708674 0.009692 0.006812
12 0.117034 0.707879 0.010279 0.007039
17 0.338326 0.707539 0.010573 0.007266
13 0.139501 0.707766 0.009985 0.007720
17 0.522907 0.707312 0.010279 0.007266
17 0.461527 0.707312 0.009692 0.007266
12 0.276211 0.707084 0.010279 0.007266
17 0.573421 0.707084 0.010279 0.007720
17 0.683700 0.706290 0.010573 0.006585
13 0.300881 0.706744 0.010279 0.007493
17 0.637151 0.706517 0.010279 0.007493
12 0.403818 0.706744 0.009985 0.007947
12 0.754479 0.706403 0.009398 0.007720
13 0.425844 0.706517 0.009985 0.008401
12 0.818502 0.705722 0.009985 0.007266
13 0.776652 0.706063 0.009104 0.007947
13 0.620117 0.669959 0.010866 0.008401
13 0.641557 0.662239 0.010279 0.007493
13 0.553891 0.662466 0.011160 0.008401
13 0.534655 0.658606 0.010866 0.007947
13 0.575477 0.655427 0.010866 0.007039
13 0.515419 0.655767 0.011160 0.007720
11 0.899119 0.655200 0.008517 0.007039
12 0.899559 0.639078 0.011747 0.007493
13 0.475918 0.652702 0.012628 0.007947
13 0.660940 0.652248 0.011454 0.007493
12 0.662115 0.632947 0.005580 0.005677
13 0.454038 0.649410 0.011160 0.006812
13 0.433627 0.646117 0.011454 0.007493
13 0.682673 0.645777 0.011454 0.007266
13 0.496769 0.646004 0.012041 0.008174
13 0.379001 0.639986 0.011454 0.007947
13 0.709692 0.639192 0.011454 0.007720
13 0.358884 0.636467 0.010573 0.005904
13 0.400000 0.633174 0.011747 0.007947
13 0.334802 0.632947 0.012335 0.007947
13 0.295888 0.629768 0.010866 0.007039
13 0.727313 0.629314 0.010279 0.006585
13 0.277239 0.626022 0.010573 0.007720
13 0.750220 0.623070 0.011454 0.007266
13 0.316887 0.623070 0.010573 0.007266
13 0.255947 0.623070 0.010866 0.007266
12 0.211894 0.616144 0.010866 0.006131
13 0.768135 0.615463 0.010866 0.006585
13 0.165198 0.612965 0.011454 0.007947
13 0.853304 0.612284 0.010866 0.007493
12 0.186637 0.610014 0.010866 0.007039
13 0.145521 0.609673 0.010866 0.006812
12 0.117327 0.609787 0.010866 0.007039
17 0.872981 0.609219 0.010279 0.007720
13 0.832452 0.608424 0.009104 0.007039
12 0.801028 0.608197 0.009692 0.007493
13 0.806021 0.571753 0.011454 0.007266
13 0.827606 0.564033 0.011160 0.007266
13 0.740529 0.564487 0.010866 0.008174
13 0.719971 0.560286 0.010866 0.007947
13 0.764317 0.557561 0.011454 0.007039
13 0.701762 0.557788 0.010866 0.007493
13 0.660646 0.554723 0.010866 0.007720
13 0.847724 0.554269 0.011454 0.007720
13 0.935830 0.552906 0.017327 0.009083
13 0.935830 0.525204 0.009104 0.006358
13 0.639941 0.550863 0.011160 0.006358
13 0.872394 0.547911 0.011454 0.007720
13 0.681498 0.547797 0.010279 0.007493
13 0.618062 0.547684 0.011454 0.007720
13 0.561968 0.541326 0.010866 0.007720
13 0.898091 0.541213 0.011747 0.007947
13 0.542878 0.538034 0.010279 0.006585
13 0.522467 0.534968 0.011747 0.007720
13 0.584728 0.534514 0.011160 0.007720
13 0.916887 0.531562 0.011160 0.006358
13 0.481498 0.530881 0.009692 0.005904
13 0.458884 0.528497 0.010279 0.007493
13 0.502349 0.524410 0.011454 0.006585
13 0.437739 0.524750 0.010279 0.007266
13 0.148752 0.520550 0.011454 0.007493
13 0.117621 0.520777 0.011454 0.007947
13 0.956535 0.517825 0.010573 0.007039
13 0.168135 0.517257 0.010279 0.007266
12 0.391043 0.517257 0.010866 0.008629
13 0.189721 0.515554 0.010573 0.007493
13 0.340529 0.513738 0.010866 0.007493
12 0.212482 0.510559 0.009692 0.006585
12 0.361527 0.509650 0.010573 0.006585
12 0.288840 0.510445 0.009692 0.008174
13 0.319090 0.510104 0.010279 0.008401
12 0.493539 0.467075 0.009692 0.007266
12 0.493539 0.454360 0.009692 0.006358
12 0.493539 0.420413 0.010866 0.006585
13 0.695888 0.454246 0.009104 0.006585
13 0.695301 0.430631 0.010279 0.007493
12 0.641850 0.453565 0.009104 0.006585
12 0.641850 0.423365 0.010279 0.007493
13 0.139941 0.447548 0.009692 0.006812
13 0.225991 0.440963 0.010279 0.007266
13 0.160499 0.440963 0.010866 0.007266
13 0.119971 0.440622 0.010866 0.007493
13 0.183554 0.437330 0.011160 0.008174
13 0.726725 0.434491 0.009692 0.007039
13 0.203671 0.433697 0.010279 0.007266
13 0.747577 0.430064 0.010279 0.007266
13 0.245962 0.430291 0.010279 0.007720
13 0.325551 0.429837 0.010866 0.007720
13 0.823054 0.427566 0.010866 0.007720
13 0.767695 0.426885 0.009985 0.006358
12 0.596769 0.426998 0.011160 0.007039
13 0.269163 0.426431 0.010866 0.007266
13 0.350220 0.426203 0.009692 0.007720
13 0.802790 0.424273 0.011454 0.007493
13 0.545521 0.424046 0.011454 0.007493
13 0.845374 0.423819 0.010866 0.007493
13 0.373715 0.423138 0.010866 0.007493
13 0.306021 0.422684 0.011747 0.007947
13 0.866079 0.420754 0.010573 0.006812
12 0.567254 0.420527 0.010279 0.006812
13 0.522907 0.420413 0.010866 0.007493
13 0.393979 0.419619 0.010279 0.007720
13 0.886784 0.417121 0.011454 0.007720
12 0.669750 0.417121 0.010866 0.007720
13 0.413510 0.417007 0.011160 0.007947
13 0.908223 0.413942 0.009692 0.006812
13 0.433333 0.413488 0.009692 0.008174
18 0.930690 0.411104 0.010573 0.007039
18 0.959471 0.410309 0.009985 0.007266
18 0.451836 0.407130 0.010866 0.007266
12 0.925110 0.370345 0.011160 0.006358
12 0.924376 0.357402 0.011454 0.006812
12 0.924670 0.346844 0.010866 0.006585
12 0.882379 0.370232 0.010866 0.006585
12 0.882673 0.356608 0.011454 0.007493
12 0.882379 0.339918 0.010866 0.005904
12 0.752570 0.367280 0.010866 0.006131
18 0.751248 0.352748 0.008223 0.006131
12 0.752863 0.336626 0.010279 0.007493
13 0.582819 0.356153 0.010866 0.007947
13 0.600441 0.352407 0.010866 0.006812
12 0.612188 0.330722 0.010866 0.006131
13 0.467841 0.349796 0.011160 0.007947
12 0.629222 0.349455 0.012041 0.008174
13 0.628341 0.333674 0.009692 0.004768
13 0.676799 0.346390 0.010866 0.006131
13 0.660206 0.346390 0.011160 0.006585
13 0.512628 0.346390 0.011454 0.006585
12 0.484581 0.346049 0.010573 0.005904
13 0.556975 0.343324 0.012041 0.007720
12 0.410866 0.343324 0.011747 0.007720
12 0.843025 0.343211 0.012041 0.007947
13 0.696035 0.343211 0.011160 0.007947
13 0.945815 0.340599 0.010866 0.006812
13 0.795007 0.340145 0.011160 0.006358
13 0.713216 0.339691 0.010866 0.005450
13 0.436858 0.339805 0.011454 0.006131
13 0.964023 0.337648 0.010866 0.007266
12 0.816593 0.336853 0.009692 0.007039
13 0.777533 0.336739 0.011454 0.007720
12 0.347871 0.336172 0.010866 0.007493
12 0.903231 0.334128 0.011454 0.007039
12 0.385463 0.333220 0.010866 0.006585
13 0.294714 0.329587 0.010279 0.007947
12 0.215125 0.329700 0.010866 0.008174
12 0.314684 0.326067 0.010279 0.007266
13 0.276358 0.326294 0.011160 0.007720
12 0.252863 0.326294 0.011160 0.007720
13 0.172834 0.322775 0.010866 0.007947
12 0.190749 0.318801 0.010279 0.007266
13 0.146109 0.318460 0.010279 0.007493
12 0.122320 0.318688 0.010866 0.007947
12 0.543172 0.271798 0.010866 0.007266
12 0.430690 0.268506 0.010279 0.007947
13 0.122614 0.267938 0.010866 0.007720
13 0.191043 0.267711 0.010279 0.007720
13 0.142438 0.268052 0.011160 0.008401
13 0.170778 0.267484 0.010866 0.008174
13 0.571512 0.264873 0.011160 0.007947
12 0.491043 0.264873 0.010573 0.007947
13 0.658737 0.264646 0.011747 0.007947
13 0.293979 0.264646 0.011747 0.007947
13 0.224523 0.264759 0.012628 0.008174
13 0.387812 0.264305 0.011454 0.007720
13 0.272834 0.264305 0.011747 0.008174
13 0.243759 0.263283 0.011160 0.007947
13 0.594126 0.261240 0.010573 0.007039
12 0.340822 0.260899 0.011454 0.006812
12 0.405727 0.261013 0.010866 0.007493
13 0.369016 0.260786 0.011454 0.007493
13 0.736123 0.257947 0.011454 0.007266
12 0.514097 0.257947 0.011454 0.007720
13 0.675918 0.257834 0.012041 0.007947
13 0.637739 0.257607 0.010866 0.007947
13 0.694860 0.254087 0.011160 0.005904
13 0.715272 0.251249 0.010866 0.007493
13 0.841263 0.247956 0.010279 0.007266
13 0.756681 0.247616 0.011454 0.006585
13 0.860793 0.245005 0.011747 0.007720
13 0.775184 0.244664 0.012041 0.007947
13 0.881498 0.241599 0.009692 0.007266
13 0.821733 0.241258 0.009985 0.006585
13 0.900294 0.238533 0.010866 0.007493
13 0.920852 0.235695 0.009692 0.006358
13 0.941116 0.231948 0.011454 0.007493
13 0.959618 0.225136 0.009692 0.007493
13 0.939207 0.182902 0.009985 0.007493
12 0.956094 0.179950 0.009692 0.007039
13 0.911454 0.179723 0.010866 0.007493
13 0.872687 0.172684 0.009692 0.007493
13 0.857122 0.169391 0.011454 0.007266
12 0.890896 0.169051 0.010866 0.007493
13 0.795742 0.159514 0.010866 0.007493
12 0.816300 0.156222 0.010866 0.006358
13 0.769750 0.155995 0.010573 0.006812
13 0.735095 0.150091 0.010573 0.005904
12 0.751689 0.146458 0.012041 0.007720
13 0.722026 0.146458 0.011454 0.007720
13 0.195301 0.146117 0.012335 0.007947
12 0.388546 0.139759 0.009985 0.007493
12 0.318209 0.139646 0.010866 0.007720
12 0.508223 0.136694 0.010279 0.007720
12 0.441116 0.136240 0.010573 0.006812
13 0.672687 0.136353 0.010279 0.007493
12 0.687959 0.132947 0.010279 0.007947
12 0.552863 0.132380 0.010279 0.008174
13 0.648018 0.131926 0.009104 0.007720
13 0.608664 0.125795 0.010279 0.007720
13 0.157269 0.125681 0.010866 0.007947
12 0.629809 0.122162 0.010279 0.006812
12 0.123348 0.122162 0.009985 0.007266
13 0.592805 0.121708 0.010279 0.006812
13 0.140235 0.122048 0.009692 0.007947
12 0.173568 0.121708 0.009398 0.008174
13 0.272981 0.118869 0.009692 0.007039
12 0.290162 0.116031 0.009398 0.007720
12 0.236564 0.115690 0.009692 0.007039
12 0.360499 0.115463 0.009692 0.007493
13 0.258297 0.115463 0.009692 0.007493
18 0.482379 0.112511 0.010279 0.007493
18 0.416887 0.112284 0.009692 0.007039
12 0.530984 0.108765 0.010573 0.007266
13 0.638179 0.068120 0.007636 0.007266
13 0.638620 0.045073 0.010866 0.006131
11 0.936270 0.068460 0.016446 0.009764
13 0.945521 0.035763 0.010279 0.007493
13 0.931131 0.047230 0.009692 0.006812
13 0.779883 0.061308 0.007930 0.004995
13 0.779001 0.038828 0.009692 0.007720
12 0.472394 0.061535 0.004993 0.005450
13 0.477093 0.038601 0.010866 0.007720
13 0.867988 0.055745 0.010279 0.007039
13 0.569310 0.054609 0.010866 0.007947
12 0.217474 0.054155 0.012041 0.007493
13 0.914097 0.053247 0.009692 0.006585
13 0.883554 0.052566 0.009692 0.006131
13 0.840969 0.052452 0.009104 0.005904
13 0.585756 0.051998 0.009692 0.006358
13 0.620264 0.051658 0.009985 0.006585
13 0.540822 0.051544 0.010279 0.007266
12 0.290308 0.051090 0.009692 0.006358
13 0.898238 0.049387 0.010866 0.007947
13 0.810426 0.049160 0.010279 0.007493
12 0.338767 0.048365 0.011454 0.007720
13 0.603084 0.048252 0.010866 0.007947
13 0.512922 0.048252 0.010866 0.007947
13 0.793979 0.045527 0.010279 0.005677
13 0.495742 0.044959 0.009985 0.006812
13 0.653598 0.034855 0.010279 0.007947
13 0.173128 0.033719 0.010279 0.007493
12 0.193833 0.030767 0.010573 0.006131
13 0.147283 0.030427 0.009104 0.007266
12 0.127460 0.030313 0.010573 0.007039
13 0.964023 0.029746 0.010866 0.007266
13 0.739794 0.028270 0.008811 0.007493
13 0.435389 0.028043 0.010866 0.007493
13 0.670044 0.027929 0.010279 0.007720
12 0.262702 0.027361 0.010866 0.007493
13 0.755507 0.024410 0.010866 0.007039
13 0.717621 0.024977 0.010279 0.008174
13 0.450954 0.024296 0.010279 0.007266
12 0.381498 0.024296 0.011160 0.007266
12 0.693833 0.024069 0.009692 0.007266
12 0.314244 0.023842 0.010573 0.006812
13 0.407783 0.024069 0.010866 0.007720
1 0.046256 0.053474 0.024376 0.051090
4 0.555800 0.054609 0.010866 0.021571
4 0.855653 0.055972 0.010279 0.021117
3 0.114391 0.031449 0.007930 0.021117
4 0.159912 0.034401 0.010866 0.021571
3 0.277680 0.050749 0.007930 0.019755
4 0.713803 0.434491 0.010866 0.021571
1 0.042731 0.240350 0.023789 0.043370
1 0.043319 0.342075 0.024376 0.050636
3 0.224523 0.116144 0.007930 0.020663
4 0.468282 0.112511 0.011454 0.022025
4 0.347283 0.115690 0.011454 0.021571
4 0.927313 0.181767 0.010866 0.020663
4 0.945521 0.410876 0.010279 0.021117
4 0.766373 0.038942 0.011454 0.021571
4 0.422173 0.028043 0.011454 0.022025
3 0.250073 0.028497 0.007930 0.021571
4 0.646256 0.346276 0.010866 0.020890
1 0.042144 0.151340 0.024963 0.050636
4 0.333480 0.336172 0.011454 0.021117
4 0.494126 0.136580 0.011454 0.021117
1 0.040088 0.541213 0.024376 0.051090
1 0.040088 0.639305 0.024376 0.050182
3 0.211013 0.263738 0.007930 0.021571
1 0.040382 0.737625 0.024376 0.050636
4 0.497944 0.346617 0.011454 0.019755
4 0.782232 0.159741 0.010866 0.021571
3 0.225991 0.822094 0.007930 0.021117
5 0.109398 0.263624 0.009104 0.018165
4 0.915419 0.716167 0.011160 0.021798
4 0.402496 0.811421 0.010866 0.021117
4 0.133774 0.521458 0.010866 0.021117
4 0.159325 0.322775 0.010866 0.021571
4 0.832452 0.720368 0.010866 0.021117
3 0.562261 0.814600 0.008517 0.021117
4 0.767695 0.914964 0.011160 0.021571
3 0.203671 0.054837 0.007930 0.020663
4 0.568722 0.356153 0.010866 0.021571
3 0.306167 0.139759 0.007930 0.021571
4 0.104699 0.963556 0.011454 0.021571
1 0.040382 0.829133 0.024376 0.051090
4 0.333186 0.835036 0.010866 0.021571
4 0.181645 0.842075 0.010866 0.021117
3 0.157856 0.267598 0.007342 0.020209
4 0.258884 0.264646 0.010866 0.021571
4 0.466520 0.038488 0.014391 0.021117
4 0.453891 0.349796 0.011454 0.021571
4 0.375184 0.139986 0.010866 0.021571
4 0.659471 0.136580 0.010866 0.020663
4 0.479736 0.811194 0.011454 0.020663
1 0.040382 0.449705 0.024376 0.050636
4 0.485609 0.962421 0.010866 0.021571
4 0.157562 0.818460 0.010866 0.021117
4 0.740969 0.706063 0.011160 0.021571
3 0.252129 0.845254 0.008517 0.021117
4 0.810132 0.832539 0.010866 0.021117
1 0.038913 0.956971 0.024376 0.050636
4 0.948752 0.836399 0.010866 0.020209
4 0.104993 0.812330 0.011454 0.020663
4 0.629222 0.939146 0.011454 0.021344
4 0.835095 0.855245 0.011454 0.022025
3 0.647724 0.837307 0.007930 0.020663
4 0.130837 0.835490 0.011454 0.021571
4 0.359031 0.962761 0.010279 0.021798
3 0.375771 0.814827 0.007930 0.021571
3 0.276652 0.838783 0.007636 0.020436
3 0.301615 0.834923 0.007048 0.020890
4 0.078414 0.734787 0.010573 0.020890
4 0.066373 0.724342 0.009985 0.020890
4 0.819971 0.952543 0.010573 0.017257
4 0.809104 0.941644 0.009985 0.019982
4 0.831131 0.938465 0.010573 0.019982
4 0.079589 0.339237 0.010573 0.019982
4 0.069310 0.328792 0.009985 0.019982
4 0.084875 0.051203 0.010573 0.020663
4 0.073715 0.040418 0.010573 0.020890
4 0.081645 0.240917 0.010573 0.020436
4 0.070191 0.230699 0.009985 0.020890
4 0.082819 0.149183 0.010573 0.020436
4 0.071072 0.138510 0.010573 0.020890
4 0.078414 0.538374 0.009985 0.020436
4 0.067254 0.527929 0.009985 0.020436
4 0.076358 0.953451 0.010573 0.020436
4 0.065492 0.943233 0.009985 0.020890
4 0.078120 0.636013 0.010573 0.020436
4 0.066960 0.625795 0.010573 0.020890
4 0.079295 0.446185 0.009985 0.021344
4 0.068722 0.436421 0.009985 0.020890
4 0.077827 0.824932 0.010573 0.020436
4 0.067254 0.814941 0.010573 0.020436