10 0.650220 0.989914 0.013763 0.004306
10 0.724012 0.990141 0.016105 0.005213
9 0.382577 0.973821 0.007906 0.023345
10 0.469839 0.988327 0.010249 0.003853
9 0.250220 0.974161 0.009078 0.024025
10 0.531772 0.966342 0.008199 0.005213
10 0.515373 0.966115 0.008199 0.004760
10 0.453587 0.966228 0.011127 0.004986
10 0.329575 0.966568 0.009078 0.005666
10 0.312738 0.965435 0.008199 0.003400
10 0.142020 0.966342 0.009956 0.005213
10 0.578917 0.966115 0.011127 0.005213
10 0.266471 0.966568 0.010542 0.006120
10 0.253294 0.966115 0.009956 0.005213
10 0.207321 0.965435 0.010542 0.003853
9 0.654173 0.977221 0.011713 0.030598
10 0.467643 0.965888 0.011127 0.005213
10 0.190630 0.965888 0.011127 0.005213
8 0.692240 0.964529 0.011713 0.030598
10 0.693851 0.951836 0.009078 0.003400
9 0.969107 0.951723 0.013763 0.031278
10 0.772328 0.930304 0.009078 0.006120
9 0.431625 0.948209 0.005857 0.062783
9 0.296779 0.947643 0.010249 0.063463
9 0.340703 0.947303 0.009078 0.063237
7 0.720205 0.878626 0.014348 0.025159
10 0.820351 0.881800 0.008492 0.004760
10 0.929575 0.863441 0.007906 0.002947
10 0.839092 0.864574 0.012006 0.005666
10 0.596633 0.863667 0.009663 0.004306
10 0.856076 0.864347 0.009663 0.006120
10 0.686823 0.864347 0.009663 0.006120
10 0.542753 0.863554 0.008492 0.004533
10 0.523133 0.863667 0.007906 0.004760
10 0.618594 0.863667 0.010249 0.005213
7 0.356223 0.849615 0.012592 0.017452
7 0.319619 0.848935 0.012006 0.016092
7 0.210981 0.842588 0.012592 0.030145
9 0.395461 0.845762 0.010249 0.053717
9 0.665447 0.844628 0.009663 0.064597
7 0.302928 0.819470 0.006149 0.024252
10 0.630015 0.785131 0.010249 0.002720
9 0.316398 0.782072 0.008492 0.010199
10 0.536018 0.783205 0.015520 0.004306
10 0.133968 0.782752 0.014934 0.003400
10 0.150366 0.691863 0.014934 0.002947
10 0.122840 0.691976 0.011420 0.003173
9 0.444949 0.689143 0.006735 0.007933
9 0.354173 0.686763 0.007906 0.007253
7 0.806296 0.652199 0.012592 0.016999
7 0.940410 0.651972 0.012592 0.016999
9 0.847438 0.637013 0.014641 0.053717
10 0.492094 0.595988 0.007906 0.002493
10 0.484627 0.567883 0.009956 0.003400
10 0.339824 0.568563 0.009078 0.004760
10 0.190922 0.555984 0.007613 0.002720
10 0.828843 0.592135 0.021962 0.005666
7 0.266618 0.554964 0.012006 0.016999
7 0.108785 0.554737 0.012592 0.016546
9 0.341874 0.547031 0.005564 0.022439
7 0.304392 0.554510 0.012592 0.016546
9 0.488873 0.549071 0.005564 0.026519
6 0.558126 0.554510 0.009370 0.029692
9 0.573939 0.550431 0.005857 0.063237
9 0.227672 0.538191 0.011420 0.036038
8 0.413324 0.531618 0.005564 0.024705
7 0.797804 0.463395 0.012592 0.016999
7 0.829429 0.463169 0.012592 0.017906
7 0.941288 0.463622 0.012592 0.017452
7 0.600732 0.462715 0.012006 0.016546
7 0.685359 0.463169 0.012592 0.016999
7 0.323719 0.463169 0.012006 0.016999
7 0.405417 0.463169 0.012592 0.017452
6 0.357394 0.462035 0.012592 0.025612
6 0.632064 0.461582 0.012592 0.025612
9 0.449927 0.443563 0.016105 0.029012
9 0.208346 0.445716 0.009663 0.036945
10 0.656369 0.391546 0.019619 0.002493
10 0.696193 0.391319 0.010249 0.002947
10 0.641142 0.391319 0.007906 0.002947
10 0.876867 0.390866 0.033089 0.002947
10 0.910542 0.390639 0.021962 0.002947
10 0.567643 0.386446 0.009663 0.004986
10 0.629136 0.383953 0.014348 0.005440
10 0.156223 0.380893 0.012592 0.004760
9 0.764714 0.378286 0.009078 0.014506
7 0.596779 0.372620 0.007613 0.023119
10 0.824890 0.364574 0.008199 0.003853
9 0.354612 0.357774 0.007028 0.026519
10 0.110249 0.379420 0.008492 0.003173
10 0.127818 0.379306 0.023719 0.003400
10 0.108199 0.342588 0.009663 0.005666
10 0.437628 0.374093 0.022548 0.003400
10 0.302635 0.336922 0.009663 0.004760
10 0.812738 0.389506 0.009078 0.002947
10 0.496486 0.282978 0.009078 0.004760
10 0.919619 0.280712 0.020205 0.005213
10 0.926940 0.276179 0.011420 0.003400
10 0.913470 0.275725 0.007906 0.002493
8 0.273353 0.270059 0.007906 0.022892
7 0.398682 0.268019 0.009078 0.018812
10 0.462225 0.261673 0.009663 0.004760
8 0.336310 0.270286 0.006149 0.023799
10 0.589312 0.260539 0.008492 0.002947
10 0.754758 0.261673 0.009078 0.006120
10 0.724597 0.254873 0.010835 0.005213
10 0.314641 0.286151 0.023719 0.005666
10 0.558565 0.286378 0.011420 0.003853
10 0.656662 0.191183 0.007906 0.002493
10 0.647877 0.191183 0.009078 0.002493
9 0.659297 0.173844 0.010835 0.033998
10 0.553880 0.171011 0.009663 0.005213
10 0.596340 0.169651 0.007906 0.005213
8 0.120644 0.171464 0.016398 0.009293
10 0.577013 0.163531 0.008492 0.004760
10 0.878038 0.157638 0.009663 0.004306
10 0.856955 0.151292 0.010835 0.004306
10 0.900293 0.137013 0.008492 0.003400
10 0.285652 0.073096 0.014348 0.002493
10 0.765593 0.062670 0.010249 0.002493
10 0.596340 0.058137 0.007906 0.003400
10 0.694143 0.057457 0.013763 0.005213
9 0.274231 0.059497 0.007906 0.027879
9 0.328111 0.060857 0.006735 0.023799
10 0.355051 0.075816 0.016105 0.003853
6 0.665447 0.062217 0.005564 0.029238
9 0.758712 0.039778 0.007028 0.023799
9 0.685359 0.041931 0.009663 0.044878
11 0.821962 0.968722 0.008199 0.004986
12 0.823572 0.939030 0.010249 0.007253
17 0.823280 0.922597 0.010835 0.007933
18 0.934553 0.968608 0.007906 0.007026
11 0.451977 0.968495 0.010249 0.006800
11 0.868960 0.968268 0.009078 0.006800
12 0.869400 0.945943 0.009956 0.006573
17 0.869253 0.915798 0.010249 0.007933
11 0.530747 0.968382 0.009663 0.007026
11 0.514348 0.968382 0.009663 0.007026
11 0.403660 0.968495 0.009663 0.007253
11 0.188873 0.968382 0.009370 0.007026
18 0.911127 0.968608 0.011420 0.007933
18 0.922840 0.968608 0.011420 0.007933
11 0.751830 0.968268 0.009078 0.007253
11 0.751537 0.954896 0.009078 0.005893
12 0.751830 0.939030 0.012006 0.007706
11 0.730454 0.968155 0.008492 0.007026
12 0.730454 0.945263 0.010249 0.007480
12 0.577452 0.968155 0.009956 0.007026
11 0.467496 0.968268 0.009663 0.007253
11 0.388580 0.968382 0.009370 0.007480
13 0.252855 0.968155 0.009078 0.007026
12 0.205124 0.968155 0.010249 0.007026
17 0.844510 0.968155 0.009370 0.007480
12 0.844656 0.939030 0.010249 0.007253
17 0.844656 0.922711 0.010249 0.008160
11 0.803075 0.967928 0.007906 0.007026
12 0.803367 0.938917 0.010249 0.007026
17 0.804246 0.921917 0.011420 0.008386
11 0.655783 0.967928 0.009078 0.007026
11 0.328551 0.968268 0.009370 0.007706
11 0.311567 0.968268 0.009956 0.007706
11 0.141728 0.968155 0.009370 0.007480
12 0.124744 0.968042 0.009370 0.007253
12 0.591508 0.967928 0.009370 0.007480
11 0.266325 0.968042 0.009078 0.007706
11 0.712884 0.967475 0.008492 0.007480
12 0.713177 0.945150 0.010835 0.008160
11 0.771157 0.961242 0.007321 0.006800
11 0.771449 0.945376 0.007906 0.006800
17 0.771157 0.932117 0.009663 0.007026
11 0.675403 0.961469 0.010249 0.007706
11 0.693558 0.954442 0.010249 0.006346
11 0.693558 0.960789 0.010249 0.006346
17 0.607467 0.939143 0.009078 0.007026
17 0.607174 0.921691 0.010835 0.007480
12 0.436750 0.939370 0.009663 0.007480
17 0.435871 0.922711 0.010249 0.007706
17 0.636018 0.939143 0.011127 0.007480
17 0.635578 0.921917 0.011420 0.008386
17 0.500000 0.939030 0.009663 0.007253
17 0.499414 0.922711 0.010835 0.008160
11 0.482430 0.939030 0.009663 0.007253
17 0.482577 0.921351 0.011127 0.008160
11 0.343338 0.939030 0.009078 0.007253
12 0.343192 0.921804 0.009370 0.008160
11 0.174671 0.939030 0.009078 0.007253
11 0.174378 0.922711 0.010835 0.008160
11 0.159151 0.938917 0.009663 0.007026
11 0.158272 0.922257 0.010249 0.008160
17 0.561493 0.938917 0.009663 0.007480
17 0.561201 0.922031 0.010249 0.008160
17 0.545681 0.939030 0.010249 0.007706
17 0.544802 0.922597 0.010249 0.008386
11 0.419180 0.939257 0.010835 0.008160
17 0.418009 0.922711 0.009663 0.007706
17 0.373499 0.938917 0.009663 0.007480
17 0.373206 0.921917 0.010249 0.008840
17 0.235286 0.938803 0.009663 0.007253
17 0.234993 0.923051 0.010249 0.007480
11 0.220205 0.938690 0.009956 0.007026
11 0.219766 0.922371 0.009078 0.007026
17 0.108785 0.938803 0.009663 0.007253
17 0.108346 0.922937 0.011127 0.008160
17 0.299414 0.938803 0.009078 0.007706
11 0.298682 0.922711 0.009370 0.007253
11 0.283895 0.938917 0.008492 0.007933
12 0.283455 0.921691 0.009956 0.007933
18 0.542313 0.883953 0.008199 0.003626
13 0.298682 0.878740 0.009956 0.007253
13 0.298536 0.855508 0.011420 0.007933
13 0.279941 0.878740 0.011713 0.007706
13 0.280527 0.855734 0.011713 0.007933
18 0.036164 0.871034 0.006735 0.004080
11 0.928697 0.866727 0.009078 0.007253
11 0.855930 0.866614 0.009956 0.007480
11 0.837921 0.866614 0.010249 0.007480
11 0.909956 0.866614 0.010249 0.007933
11 0.616545 0.866274 0.010249 0.007253
11 0.448023 0.866160 0.009956 0.007026
11 0.708199 0.866047 0.009663 0.007253
11 0.686676 0.866047 0.008785 0.007253
11 0.522108 0.866274 0.009370 0.007706
11 0.468082 0.865934 0.009663 0.007026
13 0.781991 0.866047 0.010835 0.007706
13 0.762958 0.866047 0.010249 0.007706
11 0.594876 0.866047 0.010249 0.007706
11 0.541581 0.866160 0.010249 0.007933
13 0.393411 0.865594 0.011420 0.007706
13 0.241142 0.856074 0.011420 0.007706
13 0.240556 0.839642 0.009078 0.006573
13 0.241728 0.825023 0.007321 0.006346
13 0.262225 0.855734 0.011420 0.007933
13 0.262518 0.839642 0.010835 0.006573
13 0.262811 0.825476 0.009663 0.007253
11 0.818887 0.853354 0.008492 0.007253
12 0.818302 0.836809 0.010835 0.007706
13 0.799268 0.852448 0.010249 0.006346
13 0.799854 0.836469 0.010249 0.007933
17 0.504392 0.852561 0.008492 0.006573
11 0.504685 0.836015 0.010249 0.007933
11 0.487408 0.852561 0.009663 0.006573
11 0.487116 0.835789 0.011420 0.008386
11 0.875110 0.843835 0.008492 0.007253
11 0.874524 0.830009 0.010249 0.007706
13 0.893265 0.843722 0.009663 0.007480
13 0.892679 0.830349 0.010249 0.007026
13 0.746413 0.842928 0.011127 0.007706
11 0.730161 0.842928 0.011420 0.007706
11 0.577306 0.842928 0.007906 0.007706
17 0.577013 0.829216 0.010249 0.007480
11 0.559444 0.843042 0.010835 0.007933
17 0.558272 0.829216 0.010249 0.007480
11 0.430307 0.842815 0.011420 0.008386
13 0.411274 0.842588 0.010835 0.007933
17 0.948609 0.837262 0.007906 0.007253
17 0.948023 0.820716 0.009663 0.006800
17 0.668960 0.836355 0.010835 0.007706
11 0.667496 0.820036 0.009663 0.007706
17 0.635725 0.836242 0.009956 0.007480
17 0.635286 0.819356 0.010835 0.008160
12 0.183602 0.832616 0.010542 0.007480
11 0.148609 0.826043 0.010835 0.007933
12 0.108199 0.822756 0.010835 0.007706
13 0.684041 0.764506 0.007028 0.004533
12 0.684041 0.740481 0.011713 0.008160
12 0.531186 0.764053 0.008199 0.004533
12 0.531186 0.740594 0.011127 0.007480
12 0.380234 0.763939 0.007321 0.004760
12 0.380673 0.740141 0.011127 0.007933
12 0.227379 0.763373 0.008492 0.006346
12 0.227965 0.740141 0.012006 0.007933
12 0.208346 0.763259 0.007906 0.006120
12 0.208346 0.740254 0.010249 0.008160
13 0.702050 0.763146 0.007906 0.006346
12 0.702782 0.740594 0.010542 0.007480
13 0.625183 0.763146 0.008785 0.006800
13 0.624744 0.740367 0.010835 0.008386
12 0.608199 0.763146 0.007613 0.006800
12 0.608346 0.740254 0.010249 0.008160
13 0.453294 0.763259 0.007613 0.007026
12 0.453734 0.740254 0.011420 0.008160
13 0.472182 0.763033 0.009663 0.007026
12 0.472182 0.740027 0.010835 0.008160
12 0.361493 0.762919 0.008492 0.006800
12 0.361201 0.740254 0.010249 0.007706
12 0.550220 0.762919 0.008785 0.007253
12 0.550366 0.740141 0.011420 0.007933
13 0.304539 0.762919 0.008199 0.007253
13 0.304978 0.739687 0.011420 0.008386
13 0.283895 0.762693 0.007906 0.007253
13 0.284187 0.739801 0.010835 0.008613
12 0.150073 0.762806 0.007906 0.007480
12 0.151391 0.740027 0.009956 0.008160
12 0.129575 0.762693 0.008492 0.007253
12 0.129429 0.739914 0.011127 0.007933
11 0.722840 0.740367 0.010835 0.007480
17 0.722840 0.716908 0.010835 0.008613
11 0.666471 0.740367 0.009370 0.007933
17 0.666032 0.716115 0.009663 0.006573
13 0.645827 0.740254 0.007906 0.007706
13 0.645827 0.716908 0.010249 0.008160
12 0.512592 0.740254 0.008492 0.007706
17 0.512299 0.716568 0.009078 0.006573
12 0.188726 0.740481 0.009663 0.008160
17 0.187262 0.716908 0.009078 0.007253
11 0.171157 0.740254 0.009663 0.007706
17 0.170278 0.717022 0.010249 0.007480
12 0.588141 0.740254 0.010835 0.008160
17 0.587555 0.717135 0.010835 0.008160
12 0.570864 0.740141 0.010249 0.007933
17 0.569985 0.716568 0.010835 0.007933
11 0.434407 0.740254 0.010249 0.008160
17 0.434114 0.716455 0.010835 0.007706
11 0.401318 0.740027 0.009663 0.007706
17 0.400732 0.717362 0.010835 0.007706
13 0.267057 0.740141 0.010542 0.007933
13 0.266032 0.716682 0.010835 0.008160
12 0.247584 0.740027 0.007906 0.007706
17 0.247291 0.716228 0.009663 0.008160
12 0.108492 0.740027 0.008492 0.007706
17 0.107028 0.716568 0.009078 0.007933
11 0.492972 0.740027 0.009078 0.008160
17 0.492679 0.716795 0.009663 0.007933
12 0.343338 0.739914 0.008492 0.007933
17 0.343045 0.716908 0.009078 0.008160
13 0.324012 0.739687 0.010835 0.008386
12 0.323133 0.716568 0.010249 0.007480
11 0.892679 0.721215 0.010835 0.007253
12 0.860469 0.718722 0.009663 0.007253
11 0.791654 0.718382 0.011420 0.007026
12 0.937335 0.718155 0.011127 0.008386
12 0.759883 0.717135 0.011127 0.008160
12 0.831772 0.713849 0.010835 0.007480
13 0.891801 0.681664 0.009663 0.007480
13 0.892094 0.658658 0.010249 0.007253
13 0.913909 0.681777 0.010542 0.008160
13 0.913763 0.658658 0.010249 0.007253
13 0.163543 0.668858 0.006735 0.004533
12 0.164714 0.644946 0.009078 0.007480
13 0.140996 0.668404 0.007321 0.005440
12 0.140996 0.644606 0.009663 0.007706
13 0.337921 0.667611 0.008785 0.006573
12 0.337335 0.644832 0.009956 0.007253
13 0.315666 0.667498 0.007613 0.006346
12 0.315373 0.644832 0.009370 0.007253
13 0.425622 0.667724 0.008492 0.007253
12 0.424744 0.645286 0.010249 0.007706
12 0.247438 0.667611 0.008199 0.007026
12 0.247584 0.644946 0.010835 0.007026
13 0.404539 0.667384 0.008492 0.007480
12 0.404246 0.644946 0.010249 0.007933
12 0.226061 0.667384 0.008199 0.007480
12 0.225915 0.644832 0.010835 0.007706
13 0.869546 0.658885 0.010835 0.007253
13 0.868375 0.642226 0.009663 0.006573
13 0.869400 0.627833 0.009956 0.005893
13 0.846999 0.658772 0.011420 0.007933
13 0.846706 0.642112 0.009663 0.006346
13 0.846120 0.628060 0.009078 0.006346
11 0.451098 0.645512 0.009078 0.007253
17 0.450512 0.621827 0.010835 0.007933
11 0.382138 0.645059 0.008199 0.007253
17 0.381406 0.621940 0.010835 0.007253
11 0.271596 0.645059 0.007321 0.007253
17 0.271303 0.621940 0.010835 0.007253
11 0.360029 0.645059 0.008492 0.007706
12 0.360029 0.621827 0.011420 0.007480
11 0.293558 0.644832 0.009078 0.007253
17 0.292387 0.622393 0.009663 0.007706
11 0.184627 0.645059 0.009078 0.007706
17 0.183748 0.622620 0.010249 0.008160
11 0.207174 0.644832 0.008492 0.007706
17 0.206442 0.622507 0.009956 0.007480
17 0.112299 0.644719 0.010249 0.007933
17 0.110835 0.621714 0.010835 0.007253
13 0.778184 0.635653 0.010835 0.006573
11 0.742020 0.628626 0.009956 0.007933
11 0.622840 0.625227 0.008785 0.007480
12 0.708199 0.625113 0.010249 0.007706
12 0.591654 0.622620 0.010835 0.007706
12 0.663104 0.621374 0.010835 0.007480
11 0.523426 0.621714 0.011420 0.008160
12 0.491362 0.621260 0.009956 0.008160
12 0.560469 0.618087 0.009956 0.007706
12 0.915813 0.572076 0.007906 0.005440
12 0.915813 0.548617 0.009663 0.007480
13 0.821083 0.571850 0.008199 0.006800
12 0.821230 0.548617 0.011420 0.007933
13 0.891508 0.571623 0.007321 0.007253
12 0.891947 0.548504 0.011127 0.008160
11 0.797218 0.571736 0.009663 0.007480
12 0.797072 0.548617 0.011713 0.007933
13 0.725037 0.571510 0.008199 0.007026
12 0.724597 0.548391 0.011420 0.007933
13 0.603807 0.571510 0.008199 0.007026
12 0.603367 0.548051 0.011420 0.008160
11 0.698243 0.571510 0.009663 0.007480
12 0.698097 0.548504 0.012299 0.007706
13 0.628697 0.571283 0.007613 0.007026
12 0.628697 0.548277 0.011713 0.008160
12 0.484480 0.571056 0.009663 0.007480
12 0.461201 0.571056 0.010542 0.007480
12 0.338946 0.571170 0.010249 0.007706
11 0.944217 0.548731 0.009078 0.007706
17 0.943338 0.525045 0.009663 0.006573
11 0.773499 0.548617 0.009663 0.007480
17 0.772328 0.525385 0.009663 0.008160
11 0.748316 0.548617 0.010835 0.007480
17 0.747438 0.525272 0.009078 0.007026
11 0.869546 0.548617 0.009663 0.007933
17 0.868082 0.525045 0.010249 0.007933
11 0.845827 0.548617 0.009078 0.007933
17 0.844070 0.525612 0.010249 0.007253
11 0.578917 0.548164 0.008785 0.007480
17 0.578184 0.525159 0.010249 0.007706
11 0.676574 0.548164 0.011420 0.007933
12 0.674817 0.525612 0.009078 0.008160
11 0.652855 0.548164 0.010249 0.007933
17 0.652416 0.524479 0.011127 0.007706
11 0.510688 0.548277 0.011713 0.008160
11 0.437042 0.548051 0.011420 0.008160
13 0.365886 0.548051 0.010835 0.008160
13 0.180234 0.528558 0.009663 0.007706
12 0.228697 0.525612 0.009956 0.006800
17 0.413324 0.525159 0.009663 0.007706
13 0.388433 0.525159 0.010249 0.007706
17 0.531186 0.525272 0.009956 0.008386
13 0.158858 0.522325 0.010249 0.007933
13 0.206003 0.521306 0.009663 0.007253
13 0.876574 0.438123 0.010249 0.007253
13 0.256223 0.437103 0.011127 0.007480
13 0.169107 0.437103 0.011420 0.007933
13 0.733382 0.436650 0.010835 0.007480
13 0.535139 0.436537 0.011420 0.007706
13 0.449048 0.436310 0.010249 0.007706
12 0.296047 0.434497 0.009370 0.007253
13 0.771596 0.434270 0.009956 0.007253
12 0.914348 0.433930 0.011420 0.007480
12 0.574231 0.434044 0.010542 0.007706
12 0.488287 0.433590 0.010835 0.008160
12 0.210102 0.433250 0.009663 0.007933
13 0.467789 0.430870 0.009663 0.007253
13 0.857247 0.430530 0.009663 0.007480
13 0.189165 0.430644 0.011127 0.007706
13 0.150073 0.430870 0.011420 0.008160
13 0.276281 0.430304 0.010835 0.007480
13 0.238507 0.430530 0.011420 0.007933
13 0.894436 0.429964 0.011420 0.007706
13 0.752416 0.429964 0.009663 0.007706
13 0.554466 0.429964 0.009663 0.007706
13 0.516837 0.429850 0.011127 0.007933
13 0.714056 0.429510 0.011420 0.007706
13 0.432064 0.429624 0.010835 0.007933
18 0.109370 0.409112 0.009663 0.007253
11 0.812152 0.389053 0.012006 0.004760
13 0.825329 0.367294 0.010835 0.007026
13 0.771742 0.367520 0.010835 0.007026
13 0.595168 0.367180 0.009663 0.006346
13 0.647291 0.367067 0.009663 0.006573
13 0.531625 0.366954 0.010249 0.006346
13 0.946266 0.366954 0.009663 0.006800
13 0.885212 0.367067 0.009956 0.007026
13 0.713909 0.367067 0.011127 0.007026
13 0.176428 0.356981 0.010835 0.008160
13 0.267789 0.353808 0.010835 0.006800
13 0.360322 0.350521 0.010835 0.007933
13 0.146559 0.350521 0.012592 0.007933
13 0.239239 0.347121 0.011127 0.007026
13 0.455198 0.346895 0.010835 0.007026
13 0.389019 0.346895 0.010835 0.007480
17 0.388873 0.330122 0.011713 0.007480
13 0.331918 0.344515 0.010249 0.007706
18 0.108785 0.340095 0.010249 0.006573
13 0.108199 0.356981 0.011420 0.008160
13 0.427233 0.337942 0.009956 0.007706
12 0.207760 0.337375 0.011420 0.007480
13 0.208346 0.353581 0.010249 0.006346
12 0.304100 0.333862 0.010835 0.007253
13 0.303514 0.350408 0.012006 0.007706
13 0.511713 0.327516 0.009078 0.007253
13 0.570278 0.327856 0.010249 0.008386
18 0.624890 0.324116 0.009370 0.007253
12 0.683016 0.324003 0.009663 0.007480
18 0.742460 0.321170 0.010249 0.007706
18 0.859883 0.318450 0.010835 0.007253
18 0.800000 0.318336 0.011713 0.007933
18 0.916105 0.315050 0.009663 0.007253
13 0.145681 0.264619 0.009663 0.007480
13 0.396486 0.264166 0.010542 0.007026
13 0.272182 0.264279 0.009663 0.007253
13 0.208931 0.264053 0.009663 0.006800
13 0.459883 0.264053 0.010249 0.007253
13 0.334846 0.264053 0.009663 0.007253
13 0.687408 0.263599 0.009663 0.007253
11 0.686237 0.247393 0.010835 0.007480
13 0.524597 0.263599 0.009663 0.007253
13 0.752709 0.263259 0.010249 0.007026
13 0.588433 0.263146 0.009663 0.006800
13 0.839971 0.260199 0.010835 0.007706
13 0.879649 0.257253 0.009370 0.007253
12 0.880088 0.240594 0.009663 0.007480
13 0.946559 0.257026 0.009078 0.007253
13 0.723280 0.256800 0.010542 0.006800
13 0.813324 0.253740 0.009663 0.007480
12 0.641581 0.253626 0.008199 0.007253
12 0.640849 0.230394 0.010835 0.008840
13 0.912006 0.250453 0.010249 0.006800
13 0.180234 0.248413 0.010835 0.007706
13 0.120059 0.248187 0.009956 0.008160
13 0.305271 0.244787 0.010249 0.006800
13 0.243045 0.245014 0.011713 0.007706
12 0.782870 0.243767 0.010835 0.006120
13 0.782577 0.260426 0.011420 0.007706
13 0.367204 0.241387 0.009956 0.007706
13 0.433529 0.237987 0.010249 0.008160
13 0.493997 0.236967 0.010542 0.008386
13 0.557247 0.233908 0.011127 0.007253
13 0.460469 0.175997 0.010835 0.007933
13 0.418009 0.175771 0.010249 0.007933
12 0.532211 0.175657 0.010249 0.008160
11 0.594583 0.172824 0.009663 0.007480
13 0.437921 0.173391 0.010249 0.008613
18 0.913616 0.167951 0.031040 0.004533
12 0.924158 0.146985 0.010542 0.007480
11 0.666911 0.168971 0.009078 0.007480
13 0.360029 0.168971 0.010249 0.007480
11 0.513031 0.168518 0.009956 0.007480
11 0.624744 0.168291 0.009078 0.007480
12 0.624744 0.152879 0.010835 0.007026
13 0.378624 0.166478 0.011127 0.007026
13 0.329868 0.166478 0.010249 0.007480
13 0.739092 0.166138 0.009956 0.007706
11 0.575695 0.165798 0.009956 0.007933
13 0.805124 0.163191 0.009663 0.007706
13 0.288287 0.163305 0.011420 0.007933
11 0.269546 0.159451 0.010249 0.006120
17 0.280966 0.135653 0.013177 0.003400
13 0.761347 0.162965 0.010542 0.007706
12 0.761640 0.146192 0.010542 0.006800
11 0.646706 0.162851 0.011420 0.007933
13 0.876281 0.159905 0.010249 0.006573
13 0.833821 0.159678 0.009663 0.007026
12 0.834700 0.143586 0.011420 0.007480
12 0.483309 0.159678 0.011420 0.007026
18 0.484041 0.176111 0.011127 0.008160
13 0.311127 0.159451 0.011420 0.006573
13 0.719034 0.159451 0.010835 0.007026
13 0.786969 0.156618 0.010835 0.007706
12 0.553294 0.155938 0.010835 0.008160
11 0.553880 0.172711 0.010249 0.008160
13 0.219766 0.153558 0.009078 0.007026
13 0.855344 0.153105 0.009956 0.006573
13 0.242167 0.150272 0.011127 0.007706
13 0.192240 0.150272 0.011420 0.007706
12 0.689898 0.149705 0.011127 0.007933
13 0.688873 0.166138 0.010249 0.007253
13 0.143924 0.147212 0.009663 0.006573
13 0.164714 0.143699 0.010249 0.007706
13 0.110395 0.143699 0.011713 0.008613
13 0.943924 0.140526 0.010835 0.007253
12 0.899414 0.139846 0.009663 0.006800
13 0.623719 0.088395 0.009370 0.007706
13 0.601757 0.086015 0.009956 0.007480
12 0.645534 0.085109 0.009663 0.007480
12 0.642899 0.063577 0.012592 0.009293
13 0.553294 0.078989 0.010249 0.007480
13 0.533382 0.076156 0.010249 0.007706
13 0.574378 0.075816 0.010249 0.007480
13 0.484041 0.072416 0.010542 0.006573
11 0.852562 0.070603 0.011420 0.007026
13 0.861201 0.043404 0.011127 0.007480
13 0.461640 0.070036 0.009663 0.007253
13 0.504100 0.069583 0.010249 0.007253
13 0.417423 0.066750 0.010249 0.006573
13 0.416252 0.040458 0.014348 0.004760
13 0.442167 0.063690 0.011713 0.007706
13 0.398536 0.063690 0.010542 0.007706
11 0.407467 0.036378 0.006735 0.003853
13 0.349195 0.057684 0.010835 0.007933
13 0.326647 0.054624 0.009078 0.007253
13 0.368668 0.054057 0.009956 0.007480
13 0.932211 0.053037 0.010249 0.007253
13 0.280527 0.051451 0.010542 0.008160
13 0.952123 0.049864 0.010249 0.007253
13 0.910835 0.049524 0.010835 0.007480
13 0.255637 0.048051 0.010542 0.007253
13 0.299707 0.047937 0.010249 0.007480
13 0.216691 0.044311 0.010542 0.007933
13 0.237628 0.041251 0.011420 0.007253
13 0.193558 0.041364 0.010542 0.008386
13 0.832650 0.039778 0.010249 0.007480
13 0.884187 0.039211 0.010249 0.006800
13 0.783455 0.036038 0.010249 0.007706
13 0.144802 0.034678 0.010249 0.007253
13 0.756515 0.033545 0.009078 0.007253
13 0.805271 0.032525 0.009956 0.007480
13 0.167643 0.032072 0.010249 0.008386
13 0.125037 0.031505 0.011713 0.008160
13 0.714934 0.030258 0.010835 0.007933
13 0.735432 0.027312 0.009663 0.007480
13 0.687116 0.025612 0.010249 0.008160
3 0.897657 0.048164 0.007906 0.021079
4 0.769400 0.035925 0.011420 0.021079
1 0.044070 0.065617 0.024890 0.049637
3 0.702050 0.029352 0.008492 0.021985
3 0.500146 0.168518 0.007613 0.021079
5 0.418741 0.234474 0.009370 0.017452
4 0.207467 0.153332 0.011420 0.020172
4 0.668960 0.323776 0.010835 0.021532
4 0.131332 0.146985 0.011420 0.020626
3 0.819473 0.040005 0.008492 0.020626
3 0.671889 0.025952 0.007906 0.021532
5 0.111274 0.029238 0.009956 0.018132
3 0.706442 0.158998 0.007906 0.021079
5 0.700000 0.427357 0.009078 0.017452
4 0.819473 0.159451 0.011420 0.021079
1 0.045242 0.149705 0.025476 0.050091
5 0.315227 0.050884 0.009663 0.017906
4 0.847291 0.042044 0.011420 0.021079
4 0.167643 0.248073 0.011420 0.021532
4 0.413616 0.337375 0.010835 0.021079
5 0.417423 0.426451 0.008492 0.014279
5 0.145974 0.519832 0.009078 0.017452
4 0.291215 0.244674 0.011420 0.021079
4 0.608785 0.169651 0.011713 0.021079
4 0.554466 0.326723 0.010249 0.020626
3 0.134553 0.350975 0.007906 0.020626
3 0.844656 0.319016 0.007321 0.021079
3 0.708492 0.257366 0.008492 0.020172
5 0.384919 0.060630 0.009663 0.019719
5 0.180673 0.038645 0.009370 0.017906
5 0.589312 0.081936 0.009663 0.017906
3 0.479649 0.237421 0.008199 0.021079
3 0.495900 0.326269 0.007906 0.018359
3 0.105564 0.249207 0.007906 0.021532
3 0.257247 0.160131 0.007906 0.021079
1 0.042899 0.951383 0.024305 0.049637
1 0.043485 0.555417 0.024305 0.050091
1 0.044070 0.462489 0.024890 0.050091
4 0.861054 0.257140 0.011420 0.019719
1 0.042460 0.845308 0.024012 0.044198
4 0.289458 0.350181 0.009663 0.019946
1 0.045242 0.258046 0.024305 0.043744
1 0.044656 0.358454 0.024890 0.041478
4 0.344510 0.168744 0.011420 0.020626
5 0.519912 0.074003 0.009078 0.015186
5 0.828551 0.639393 0.008492 0.016772
5 0.833382 0.625793 0.008785 0.016772
4 0.077306 0.948323 0.010542 0.019492
4 0.066764 0.938123 0.010542 0.019946
5 0.225037 0.835449 0.008492 0.016772
5 0.228697 0.822529 0.007613 0.015413
4 0.075256 0.742974 0.010542 0.020399
4 0.066471 0.732774 0.010542 0.020852
4 0.076720 0.258386 0.010542 0.019492
4 0.066764 0.247960 0.010542 0.020399
4 0.076428 0.460109 0.010542 0.020399
4 0.067057 0.450136 0.010542 0.020399
4 0.077306 0.648232 0.010542 0.019492
4 0.066471 0.638259 0.009956 0.020399
4 0.074085 0.845875 0.010542 0.020399
4 0.065593 0.835675 0.010542 0.020852
4 0.075549 0.551677 0.010542 0.020399
4 0.065593 0.541251 0.010542 0.020399
4 0.075842 0.061650 0.010542 0.020399
4 0.065886 0.052131 0.010542 0.020399
4 0.076135 0.147099 0.010542 0.020852
4 0.065593 0.137126 0.010542 0.020852
4 0.076428 0.360381 0.010542 0.020399
4 0.066471 0.350181 0.010542 0.019946
4 0.034846 0.653105 0.009370 0.020626
4 0.042460 0.648119 0.009370 0.020626
4 0.050366 0.636786 0.009370 0.020626
4 0.043045 0.733794 0.009370 0.020626
4 0.050659 0.731074 0.009370 0.020626