8 0.902053 0.940676 0.009971 0.023367
10 0.692962 0.924115 0.009384 0.003403
10 0.212170 0.924569 0.010850 0.005218
6 0.861290 0.930467 0.005865 0.029265
10 0.583138 0.918897 0.009091 0.006125
9 0.335337 0.924002 0.012023 0.026316
8 0.243255 0.926384 0.008504 0.023367
9 0.605718 0.908689 0.009677 0.026543
10 0.620235 0.836547 0.009384 0.004764
10 0.832698 0.826565 0.009091 0.004764
10 0.470235 0.822482 0.007918 0.003403
10 0.446188 0.817037 0.009091 0.003403
9 0.913930 0.833371 0.010850 0.025635
7 0.709238 0.820894 0.016716 0.042877
10 0.267889 0.743988 0.007918 0.004310
10 0.428299 0.734233 0.007918 0.006125
9 0.669355 0.735821 0.009091 0.023820
10 0.163490 0.725613 0.009677 0.003403
10 0.560850 0.725499 0.009091 0.004991
10 0.282845 0.719487 0.013783 0.005218
10 0.755572 0.667763 0.007918 0.004310
10 0.174927 0.664814 0.009091 0.005218
9 0.910117 0.646211 0.007331 0.019737
9 0.352053 0.649728 0.011437 0.023140
8 0.361730 0.649728 0.006745 0.023140
9 0.384311 0.643603 0.016129 0.034483
10 0.800147 0.569986 0.008504 0.003857
10 0.483431 0.561593 0.008504 0.005218
10 0.206598 0.559324 0.007331 0.005218
10 0.879619 0.554787 0.009091 0.005672
10 0.608211 0.549342 0.011144 0.002949
9 0.744721 0.563181 0.009091 0.028358
9 0.169795 0.537886 0.009384 0.027223
9 0.120821 0.542763 0.010557 0.032441
9 0.147361 0.538566 0.011437 0.024955
9 0.593402 0.471756 0.010850 0.033802
10 0.644428 0.461547 0.010850 0.006125
8 0.900440 0.467219 0.005572 0.022913
9 0.939150 0.456329 0.009091 0.031534
9 0.169355 0.402564 0.007918 0.012477
10 0.891349 0.373525 0.007918 0.003403
7 0.645015 0.284369 0.012023 0.016561
6 0.493988 0.284142 0.011437 0.024728
6 0.849707 0.283689 0.012023 0.025181
10 0.218035 0.190676 0.009091 0.004764
9 0.713636 0.188181 0.010264 0.038793
6 0.758504 0.183643 0.012023 0.024274
10 0.534751 0.121711 0.013196 0.006579
10 0.281085 0.100613 0.011437 0.006125
10 0.400147 0.100159 0.013783 0.006579
10 0.805425 0.099705 0.014956 0.006125
10 0.674633 0.099478 0.013783 0.006125
9 0.934751 0.093353 0.012023 0.021552
10 0.757331 0.099478 0.012610 0.006579
10 0.862610 0.099251 0.014370 0.006579
10 0.191935 0.086093 0.023167 0.005672
9 0.674047 0.083825 0.013783 0.024728
7 0.581378 0.084732 0.009091 0.012024
10 0.967302 0.082691 0.009091 0.005672
10 0.455572 0.063407 0.009091 0.006125
12 0.492522 0.956329 0.010850 0.007486
12 0.619501 0.949183 0.011437 0.007260
12 0.373607 0.946348 0.011730 0.007033
12 0.731378 0.946121 0.009971 0.007033
13 0.120235 0.938861 0.011144 0.006579
12 0.845308 0.936933 0.011437 0.007260
13 0.555425 0.935799 0.007038 0.006352
12 0.555865 0.916969 0.010264 0.008167
13 0.455279 0.936479 0.011437 0.007713
13 0.147801 0.935799 0.011730 0.007713
12 0.900733 0.934324 0.009677 0.006125
12 0.471261 0.933530 0.011144 0.006352
13 0.428592 0.933530 0.010850 0.006806
12 0.406745 0.933417 0.011730 0.006579
13 0.174340 0.932396 0.011437 0.006352
12 0.957625 0.931261 0.011437 0.007260
13 0.189883 0.929446 0.011437 0.008167
13 0.692229 0.927064 0.009677 0.007033
13 0.210704 0.926497 0.010850 0.006806
13 0.676100 0.923548 0.011437 0.007713
12 0.708504 0.923321 0.010557 0.007713
12 0.655572 0.923321 0.011437 0.008167
12 0.226246 0.923094 0.010264 0.008167
13 0.335630 0.921279 0.009677 0.005898
13 0.582111 0.920599 0.008798 0.007713
13 0.242375 0.920145 0.010850 0.006806
13 0.807771 0.917196 0.010850 0.007713
12 0.352933 0.917196 0.011437 0.007713
12 0.300147 0.917083 0.011437 0.007940
12 0.597801 0.916856 0.012023 0.007940
12 0.536510 0.916856 0.011437 0.008394
13 0.319941 0.916629 0.010557 0.008394
12 0.823021 0.913907 0.010850 0.007486
13 0.790909 0.913793 0.011144 0.007713
12 0.767889 0.913793 0.010850 0.007713
12 0.879032 0.910957 0.011437 0.007033
13 0.267889 0.908462 0.011437 0.007940
12 0.928886 0.907554 0.010264 0.007940
13 0.307918 0.855150 0.011730 0.007486
13 0.337537 0.850839 0.011144 0.008394
12 0.755572 0.849478 0.010850 0.007033
13 0.365543 0.848684 0.011437 0.007713
13 0.834751 0.845962 0.009677 0.007713
13 0.806305 0.844941 0.011437 0.008394
13 0.412903 0.844714 0.010557 0.007940
13 0.384311 0.844714 0.010850 0.007940
13 0.148827 0.844487 0.011437 0.008394
13 0.121848 0.843240 0.010264 0.008621
13 0.887830 0.842219 0.011437 0.007486
13 0.853666 0.842219 0.011730 0.007486
13 0.431672 0.842105 0.011144 0.007713
13 0.167009 0.841311 0.011437 0.007486
13 0.203666 0.840744 0.012023 0.007713
13 0.905718 0.839383 0.010850 0.007260
13 0.870968 0.838929 0.010557 0.006806
13 0.458798 0.838589 0.010850 0.007033
12 0.619501 0.838475 0.009677 0.007260
13 0.186070 0.837681 0.010850 0.007486
13 0.221701 0.837455 0.010557 0.007486
13 0.923607 0.836320 0.011437 0.007486
13 0.478592 0.835186 0.010557 0.007486
13 0.239443 0.834392 0.011437 0.007713
13 0.954106 0.832804 0.010850 0.006352
13 0.267009 0.831216 0.011437 0.006806
13 0.710704 0.828834 0.010850 0.007486
12 0.659238 0.825544 0.011144 0.006806
12 0.731232 0.825431 0.010850 0.007033
13 0.685337 0.825544 0.011144 0.007260
13 0.567302 0.812954 0.010264 0.007033
12 0.584604 0.809437 0.010850 0.007260
13 0.548240 0.809437 0.010850 0.007713
12 0.521114 0.808190 0.011144 0.007940
12 0.950440 0.767355 0.010557 0.007033
12 0.332698 0.765086 0.011437 0.007486
13 0.400733 0.761456 0.010264 0.008394
13 0.375660 0.761230 0.009971 0.007940
13 0.447654 0.758507 0.011437 0.007486
13 0.416276 0.758280 0.010850 0.007486
12 0.815396 0.755331 0.011437 0.007033
13 0.432405 0.755104 0.010264 0.007486
13 0.464076 0.754764 0.010264 0.007260
12 0.203666 0.754651 0.011437 0.007033
13 0.481085 0.751701 0.011437 0.007486
13 0.546334 0.748185 0.010557 0.005898
13 0.507478 0.748185 0.011437 0.006806
13 0.910704 0.746484 0.010850 0.007486
13 0.573460 0.745349 0.012023 0.007940
13 0.292522 0.745009 0.012023 0.007713
12 0.926393 0.743308 0.010557 0.006579
13 0.883724 0.742854 0.011437 0.006579
12 0.857478 0.742287 0.011144 0.006352
13 0.601173 0.742060 0.011144 0.006806
12 0.309238 0.741833 0.011437 0.006806
13 0.266129 0.741720 0.010850 0.006579
12 0.241935 0.741606 0.011730 0.006352
13 0.615103 0.738770 0.011437 0.007486
13 0.635630 0.736048 0.010264 0.007486
13 0.652053 0.732645 0.010264 0.007940
13 0.769941 0.729583 0.010264 0.006806
13 0.668915 0.729129 0.009971 0.006352
13 0.162317 0.728448 0.010264 0.006806
12 0.788710 0.725953 0.011437 0.007713
13 0.752346 0.726066 0.011437 0.007940
12 0.729179 0.725953 0.012023 0.007713
12 0.180499 0.725159 0.011437 0.007486
13 0.145894 0.724932 0.012610 0.007940
12 0.122434 0.724705 0.011437 0.007486
13 0.693109 0.718580 0.010264 0.007486
12 0.585777 0.680240 0.011437 0.007486
12 0.676393 0.674115 0.011437 0.007940
13 0.608358 0.673548 0.012023 0.007713
13 0.139150 0.672868 0.010850 0.007260
12 0.538710 0.672981 0.011730 0.007940
13 0.752053 0.670485 0.010850 0.007486
12 0.506158 0.669691 0.010557 0.006806
13 0.625513 0.669918 0.011144 0.007713
13 0.703226 0.669691 0.010557 0.007713
13 0.930792 0.666856 0.006452 0.004764
13 0.932405 0.648367 0.011437 0.007713
13 0.719501 0.666969 0.010264 0.007713
13 0.659824 0.666402 0.011144 0.007940
12 0.562903 0.666402 0.012610 0.007940
13 0.157771 0.665948 0.011730 0.007033
13 0.121554 0.665948 0.010850 0.007033
13 0.207771 0.665948 0.010850 0.007486
13 0.737390 0.663339 0.010850 0.006806
13 0.174340 0.663113 0.010850 0.006806
13 0.780792 0.660730 0.010850 0.007033
13 0.855865 0.660730 0.010850 0.007486
13 0.191349 0.659596 0.012023 0.007486
13 0.872581 0.657214 0.011437 0.005898
13 0.797947 0.657328 0.011144 0.006579
13 0.293402 0.656874 0.010850 0.006579
13 0.225660 0.656874 0.011437 0.006579
13 0.890616 0.654605 0.011730 0.007940
13 0.829179 0.654265 0.011437 0.007260
13 0.243842 0.653244 0.011437 0.007486
13 0.310264 0.653358 0.011730 0.008167
13 0.908651 0.651429 0.010850 0.006125
13 0.327419 0.650181 0.009677 0.006352
13 0.276393 0.650295 0.010850 0.007033
13 0.345601 0.647005 0.012023 0.008167
13 0.948240 0.645304 0.010264 0.007033
13 0.360117 0.643943 0.009971 0.006579
13 0.378299 0.640540 0.009971 0.007940
13 0.963490 0.634415 0.009677 0.007033
13 0.465543 0.632940 0.010850 0.007713
13 0.395161 0.632373 0.009677 0.007940
17 0.483724 0.629877 0.009677 0.007940
13 0.447214 0.629537 0.009971 0.007260
12 0.425953 0.629764 0.010264 0.008167
12 0.918035 0.584279 0.011437 0.007033
13 0.655279 0.583144 0.010264 0.007486
12 0.821994 0.579968 0.011730 0.008394
13 0.674487 0.579288 0.012317 0.007940
13 0.778152 0.577473 0.012023 0.007486
12 0.865543 0.576679 0.010850 0.007260
13 0.942375 0.576679 0.010850 0.007713
13 0.693402 0.576112 0.011437 0.007486
13 0.961437 0.573276 0.011437 0.007260
13 0.757331 0.572822 0.011437 0.007260
12 0.574633 0.572482 0.010850 0.007033
12 0.796481 0.572368 0.010557 0.007260
12 0.736950 0.572368 0.011730 0.007260
12 0.892082 0.569760 0.011730 0.007033
13 0.592522 0.569419 0.011437 0.007260
13 0.611584 0.565789 0.010850 0.006352
13 0.461144 0.562954 0.010264 0.007486
13 0.630059 0.562954 0.011437 0.007940
13 0.510997 0.560005 0.011437 0.007033
13 0.481672 0.559664 0.011437 0.006352
13 0.547067 0.556715 0.012023 0.007713
12 0.410850 0.556375 0.011730 0.007486
13 0.434751 0.552972 0.011437 0.007486
12 0.350587 0.549456 0.012610 0.008167
12 0.385484 0.546620 0.010850 0.007033
13 0.300147 0.542877 0.011437 0.007260
12 0.220968 0.542990 0.011437 0.007486
12 0.318035 0.539814 0.012023 0.007033
13 0.283578 0.539701 0.011144 0.007260
12 0.258504 0.539587 0.011437 0.007033
13 0.176979 0.535957 0.010264 0.007486
12 0.195161 0.533122 0.010264 0.007713
13 0.148534 0.532101 0.010850 0.007033
12 0.122434 0.531987 0.010264 0.006806
12 0.624780 0.490245 0.010850 0.007713
12 0.552493 0.487069 0.011144 0.008167
11 0.313930 0.486956 0.010850 0.008394
13 0.172287 0.486615 0.010264 0.007713
11 0.398387 0.486388 0.010850 0.008167
11 0.351760 0.486388 0.010264 0.008167
11 0.270088 0.486048 0.011144 0.007940
13 0.648240 0.484120 0.012023 0.008167
13 0.143548 0.483779 0.011437 0.007486
12 0.123021 0.483666 0.011437 0.007260
13 0.713930 0.483666 0.012023 0.007713
13 0.513050 0.483779 0.012610 0.007940
12 0.584311 0.483439 0.010850 0.007713
11 0.232991 0.483099 0.012023 0.007486
11 0.189589 0.483099 0.010850 0.007486
11 0.428446 0.482985 0.010557 0.007713
12 0.530938 0.480150 0.010850 0.007033
13 0.496628 0.480150 0.011437 0.007033
12 0.475806 0.480150 0.010850 0.007033
13 0.666569 0.480036 0.011144 0.007260
13 0.781085 0.477087 0.011437 0.007260
13 0.697214 0.476520 0.011437 0.007033
12 0.604692 0.476633 0.011730 0.007713
13 0.730645 0.476520 0.011437 0.007940
13 0.748240 0.473344 0.011437 0.006125
13 0.766129 0.470281 0.012023 0.007260
13 0.865249 0.467446 0.010850 0.006579
13 0.797507 0.467332 0.010264 0.006806
13 0.880792 0.464043 0.010264 0.007940
13 0.815396 0.463816 0.010850 0.007486
13 0.898387 0.461207 0.010264 0.006806
13 0.847947 0.460753 0.009091 0.006806
13 0.913343 0.457350 0.010850 0.008167
13 0.930352 0.454401 0.009677 0.007713
13 0.946188 0.450885 0.010264 0.007486
13 0.963196 0.443058 0.010264 0.007260
13 0.168182 0.403244 0.010850 0.007940
13 0.457038 0.403131 0.010264 0.008167
11 0.183724 0.400749 0.010264 0.006579
13 0.307478 0.400408 0.010264 0.007260
17 0.220381 0.400522 0.012023 0.007486
13 0.429179 0.400181 0.010850 0.007260
13 0.142669 0.400181 0.010264 0.007260
17 0.515103 0.400181 0.011437 0.007713
11 0.474047 0.399841 0.011437 0.007033
12 0.409238 0.399614 0.010850 0.007033
12 0.123314 0.399614 0.011437 0.007033
13 0.753226 0.399501 0.011437 0.007260
13 0.601026 0.399387 0.010850 0.007486
17 0.658358 0.396438 0.011730 0.007940
17 0.363196 0.396438 0.011437 0.007940
11 0.323754 0.396438 0.011144 0.007940
13 0.293988 0.396325 0.010264 0.008167
13 0.894868 0.395985 0.009677 0.007940
17 0.813490 0.395985 0.011730 0.007940
12 0.274780 0.395758 0.010557 0.007940
13 0.585777 0.395758 0.010850 0.008394
13 0.728299 0.395304 0.009677 0.008394
11 0.617742 0.395417 0.010264 0.008621
12 0.567302 0.395417 0.010264 0.008621
11 0.770528 0.395077 0.009677 0.008394
12 0.710704 0.394850 0.010850 0.007940
11 0.910117 0.392809 0.010850 0.007033
17 0.949707 0.393035 0.011437 0.007940
13 0.879032 0.392582 0.010850 0.007486
12 0.861730 0.392468 0.011437 0.007260
12 0.395455 0.311706 0.011437 0.007260
12 0.395748 0.297868 0.011437 0.006806
12 0.395455 0.287999 0.010850 0.007033
12 0.395601 0.274614 0.009971 0.006579
12 0.459091 0.311593 0.011437 0.007486
12 0.437683 0.311706 0.012023 0.007713
12 0.437683 0.297527 0.010850 0.007486
12 0.437243 0.281080 0.009971 0.006352
12 0.438270 0.264632 0.010850 0.007033
17 0.571848 0.311252 0.011730 0.007260
11 0.572141 0.297868 0.011144 0.006806
11 0.571408 0.287545 0.010850 0.006125
11 0.571408 0.274501 0.009677 0.006352
12 0.415249 0.311366 0.011144 0.007486
12 0.359971 0.311479 0.011437 0.007713
12 0.338856 0.311366 0.011437 0.007486
12 0.339003 0.297187 0.011144 0.007260
12 0.338710 0.280626 0.009971 0.005898
12 0.318035 0.311366 0.012023 0.007486
12 0.789003 0.311139 0.010850 0.007486
12 0.788856 0.297187 0.010557 0.006806
12 0.789296 0.280966 0.010264 0.006125
12 0.790176 0.263385 0.012023 0.007260
12 0.767302 0.311025 0.010850 0.007260
12 0.746481 0.310912 0.010264 0.007033
12 0.747361 0.297641 0.010850 0.006806
12 0.747361 0.287545 0.010850 0.006579
12 0.748240 0.273707 0.011437 0.005218
12 0.707038 0.311139 0.011144 0.007486
12 0.687683 0.311025 0.011730 0.007260
12 0.687830 0.297300 0.011437 0.007033
12 0.687243 0.280626 0.011437 0.006352
17 0.525660 0.311252 0.012023 0.007713
11 0.525220 0.297868 0.012317 0.007260
11 0.525073 0.281193 0.012023 0.006579
12 0.297507 0.311139 0.012023 0.007486
11 0.923607 0.310799 0.011437 0.007260
11 0.923021 0.297981 0.011437 0.007033
11 0.923021 0.287772 0.011437 0.006579
11 0.922727 0.274728 0.010850 0.006806
17 0.879326 0.310912 0.010850 0.007486
11 0.879326 0.297641 0.010850 0.007260
11 0.878739 0.280966 0.010850 0.006579
12 0.810117 0.310912 0.012023 0.007486
12 0.665249 0.311025 0.012023 0.007713
17 0.598680 0.310912 0.011437 0.007486
17 0.598974 0.297527 0.012023 0.007033
11 0.598387 0.280966 0.010850 0.006579
11 0.598974 0.263385 0.012023 0.006806
17 0.123314 0.310912 0.012023 0.007486
13 0.223021 0.310799 0.012023 0.007713
12 0.184164 0.307169 0.011730 0.008167
12 0.239443 0.306034 0.010850 0.008167
13 0.204545 0.306375 0.011437 0.008848
12 0.261584 0.300817 0.010557 0.007713
12 0.948534 0.263385 0.008504 0.007260
17 0.948974 0.311366 0.010557 0.007033
17 0.949120 0.297868 0.010850 0.007260
11 0.948827 0.281420 0.010264 0.006125
11 0.786950 0.214270 0.010850 0.007940
11 0.670088 0.214156 0.011730 0.008167
17 0.125660 0.212568 0.011437 0.007713
12 0.528886 0.211320 0.012023 0.007486
12 0.469355 0.211547 0.011437 0.007940
17 0.296628 0.211434 0.012023 0.007713
13 0.222874 0.211434 0.011730 0.007713
17 0.842082 0.211093 0.012023 0.007486
12 0.606452 0.211093 0.011144 0.007486
12 0.606891 0.197142 0.010850 0.006806
12 0.606598 0.181148 0.010264 0.006579
12 0.606452 0.164020 0.009384 0.006806
12 0.586950 0.211207 0.010850 0.007713
12 0.566716 0.211207 0.011437 0.007713
12 0.566276 0.197709 0.010557 0.007033
12 0.566716 0.187500 0.010264 0.005672
12 0.567595 0.174342 0.010850 0.005672
13 0.929472 0.210867 0.010850 0.007486
12 0.507478 0.211093 0.011437 0.007940
12 0.507478 0.197595 0.011437 0.007260
12 0.506745 0.181488 0.009384 0.005898
12 0.489883 0.211093 0.011437 0.007940
12 0.629326 0.210867 0.011144 0.007940
13 0.393402 0.210980 0.012023 0.008167
12 0.184457 0.208258 0.010557 0.008167
12 0.359091 0.207691 0.011437 0.008848
12 0.238416 0.207237 0.010557 0.008394
13 0.206012 0.207464 0.011437 0.008848
12 0.408651 0.207010 0.010850 0.008394
13 0.379912 0.207123 0.010850 0.008621
12 0.946774 0.206783 0.011437 0.008394
13 0.914516 0.206216 0.010264 0.008621
12 0.895161 0.206443 0.011437 0.009074
12 0.431818 0.200998 0.011437 0.007260
12 0.965249 0.200544 0.010850 0.006806
12 0.260264 0.200771 0.010850 0.007260
11 0.716276 0.184778 0.011437 0.007033
18 0.703226 0.177518 0.008798 0.007033
11 0.715836 0.174229 0.009384 0.006806
18 0.535337 0.121824 0.009091 0.004537
12 0.581672 0.114678 0.007918 0.006125
18 0.757185 0.099592 0.009384 0.004537
17 0.753812 0.067718 0.009091 0.005218
13 0.673607 0.099365 0.009971 0.004537
12 0.682551 0.081329 0.007918 0.007033
12 0.535044 0.094487 0.007331 0.006125
12 0.520381 0.091652 0.008504 0.005898
12 0.457038 0.091538 0.008504 0.005672
18 0.556012 0.089723 0.015836 0.009301
11 0.495455 0.089837 0.014956 0.009528
12 0.956305 0.088022 0.007038 0.006352
12 0.956598 0.081103 0.008211 0.007033
12 0.956745 0.074183 0.007331 0.005445
12 0.956158 0.064428 0.007918 0.004991
18 0.698974 0.078153 0.007918 0.005218
18 0.698534 0.071121 0.007625 0.004764
12 0.659384 0.078153 0.008504 0.005672
18 0.637830 0.077926 0.007625 0.006125
18 0.637390 0.071574 0.007918 0.005218
12 0.153226 0.076112 0.004985 0.005672
13 0.416569 0.072255 0.008504 0.005672
13 0.391789 0.068739 0.008798 0.004991
12 0.331525 0.064769 0.007918 0.005218
12 0.431378 0.066130 0.008211 0.012931
11 0.371408 0.065336 0.007918 0.011797
17 0.802346 0.061706 0.008798 0.006352
11 0.850000 0.058643 0.007918 0.005672
11 0.882258 0.058190 0.007918 0.005672
11 0.919062 0.054673 0.008211 0.005898
18 0.293988 0.046053 0.007918 0.005445
18 0.257771 0.043557 0.008211 0.005898
12 0.277859 0.043103 0.007331 0.005898
11 0.371848 0.018943 0.007038 0.005218
1 0.048974 0.734233 0.024047 0.043330
2 0.603079 0.079968 0.016716 0.016561
1 0.094282 0.085867 0.024340 0.050136
5 0.170235 0.205195 0.009091 0.017468
4 0.773167 0.213816 0.010264 0.020644
4 0.285191 0.045939 0.007918 0.013385
4 0.871408 0.057509 0.007331 0.014292
4 0.627273 0.071574 0.008211 0.014292
3 0.481965 0.090858 0.005572 0.013385
1 0.051760 0.184778 0.024340 0.049682
5 0.695748 0.181148 0.009091 0.017015
4 0.445894 0.091992 0.007331 0.013838
5 0.170821 0.303426 0.008504 0.017015
5 0.554399 0.392809 0.009091 0.017468
3 0.696628 0.395077 0.007331 0.020191
1 0.050000 0.463135 0.023754 0.050136
4 0.842962 0.660504 0.010850 0.020644
5 0.345894 0.204741 0.008504 0.016561
4 0.164076 0.536411 0.011437 0.021098
4 0.690469 0.670145 0.010850 0.021325
1 0.940616 0.081103 0.016129 0.031080
4 0.656158 0.214043 0.010850 0.021552
4 0.496628 0.560005 0.010850 0.020644
5 0.261144 0.394170 0.009091 0.015653
1 0.050880 0.283916 0.024340 0.050136
1 0.050587 0.373299 0.024340 0.050136
5 0.881085 0.203380 0.009091 0.016561
1 0.049707 0.555467 0.024927 0.049682
3 0.822141 0.845848 0.007918 0.021098
3 0.108944 0.725159 0.007918 0.021098
4 0.560411 0.745236 0.011144 0.021325
4 0.108651 0.483326 0.010850 0.021098
3 0.941056 0.833144 0.008211 0.019737
4 0.278592 0.745123 0.010557 0.021552
4 0.444575 0.838702 0.011144 0.020871
4 0.154985 0.402790 0.010264 0.020644
3 0.255865 0.486729 0.007331 0.021098
4 0.561437 0.572822 0.011437 0.021325
3 0.255425 0.831556 0.008211 0.020191
3 0.255572 0.909369 0.007918 0.021552
3 0.606158 0.838362 0.008211 0.019737
4 0.587977 0.741946 0.009971 0.020191
4 0.522141 0.916856 0.010850 0.021098
4 0.336364 0.549569 0.011144 0.021098
3 0.506305 0.809551 0.007918 0.020644
5 0.916862 0.903698 0.008504 0.017015
5 0.363196 0.758961 0.009091 0.016107
4 0.768182 0.660730 0.011437 0.020644
1 0.048827 0.653017 0.024927 0.049682
5 0.792082 0.842219 0.009384 0.017015
4 0.338563 0.486502 0.010850 0.021098
4 0.159091 0.486956 0.010850 0.021098
4 0.448240 0.562727 0.010264 0.020644
4 0.570235 0.920259 0.010850 0.021098
4 0.400440 0.844941 0.010264 0.021098
4 0.740909 0.399161 0.010264 0.021098
4 0.697947 0.828834 0.011144 0.021098
5 0.946628 0.927745 0.008211 0.016561
3 0.850000 0.392582 0.007918 0.020191
1 0.047361 0.824070 0.024927 0.056034
4 0.352639 0.849025 0.010850 0.022005
1 0.047214 0.929333 0.025220 0.049682
5 0.413343 0.626475 0.008504 0.017015
3 0.494428 0.748525 0.008211 0.020191
3 0.920235 0.648253 0.007625 0.020644
3 0.713343 0.726066 0.007331 0.020644
4 0.441642 0.936933 0.010557 0.021325
3 0.286657 0.917083 0.007918 0.021552
3 0.137097 0.846075 0.006745 0.016107
4 0.896921 0.746030 0.010264 0.021098
4 0.324487 0.851293 0.010850 0.022005
5 0.109384 0.839723 0.009384 0.017015
3 0.681965 0.719034 0.007918 0.020644
3 0.389296 0.762137 0.007331 0.020644
4 0.134604 0.935572 0.009971 0.020417
4 0.159971 0.932623 0.010850 0.019964
4 0.084018 0.925817 0.010264 0.019964
4 0.073314 0.915948 0.009971 0.021098
4 0.084164 0.818058 0.011144 0.019510
4 0.074780 0.808076 0.009971 0.020417
4 0.090616 0.370009 0.009971 0.019964
4 0.081085 0.360254 0.010264 0.020417
4 0.092669 0.181715 0.010557 0.019964
4 0.082991 0.171733 0.009971 0.020871
4 0.131378 0.082804 0.009971 0.019964
4 0.122581 0.073049 0.009971 0.020417
4 0.354399 0.068512 0.007331 0.013158
5 0.361877 0.058984 0.005865 0.011343
4 0.084897 0.734800 0.010850 0.019964
4 0.075660 0.724365 0.009971 0.019964
4 0.090616 0.281307 0.010557 0.020417
4 0.081818 0.270871 0.009384 0.020417
4 0.085337 0.649728 0.010557 0.019510
4 0.076686 0.639859 0.011437 0.020644
4 0.089443 0.460299 0.010557 0.019964
4 0.080205 0.450091 0.010264 0.020417
4 0.076686 0.542536 0.009091 0.020644
4 0.088270 0.552064 0.008798 0.020644