10 0.293971 0.964886 0.016176 0.002500
9 0.756029 0.961023 0.012059 0.032045
9 0.721029 0.957841 0.012647 0.032955
10 0.842794 0.971250 0.018529 0.005227
10 0.928971 0.970795 0.008529 0.004318
10 0.913088 0.971023 0.023824 0.004773
10 0.891618 0.971023 0.020882 0.004773
10 0.644853 0.967159 0.014412 0.002500
10 0.661618 0.968295 0.012647 0.006591
10 0.626324 0.968295 0.013824 0.006591
10 0.571029 0.968750 0.031471 0.005682
10 0.544559 0.967159 0.013824 0.002500
9 0.159559 0.949659 0.012059 0.042955
10 0.479265 0.967841 0.015000 0.003864
9 0.116912 0.947386 0.012647 0.047500
10 0.419559 0.967841 0.025000 0.005682
10 0.379265 0.967386 0.013824 0.006591
10 0.196618 0.966023 0.007353 0.003864
10 0.317500 0.966477 0.011471 0.006591
10 0.276912 0.883523 0.011471 0.004318
9 0.039559 0.861023 0.012059 0.046591
9 0.514559 0.842159 0.013824 0.042500
10 0.369412 0.859659 0.013529 0.003864
10 0.423676 0.859432 0.029706 0.005227
9 0.479265 0.840568 0.010294 0.045682
9 0.231029 0.755568 0.013824 0.052955
9 0.371912 0.752386 0.012059 0.058409
10 0.725441 0.753977 0.009706 0.002500
10 0.033676 0.671250 0.007353 0.004318
10 0.219265 0.656250 0.009118 0.003409
10 0.217500 0.653977 0.011471 0.003409
10 0.420735 0.653523 0.013235 0.004318
10 0.403382 0.653750 0.011471 0.004773
10 0.387206 0.653295 0.010882 0.003864
10 0.730735 0.649205 0.008529 0.006591
10 0.656029 0.649205 0.008529 0.006591
10 0.948382 0.591932 0.013235 0.004773
9 0.929265 0.561477 0.009118 0.038409
9 0.121324 0.540341 0.009706 0.023409
9 0.269853 0.533977 0.015000 0.033409
9 0.328676 0.529205 0.012647 0.043864
9 0.291912 0.529432 0.014412 0.044318
10 0.846324 0.449432 0.007941 0.002500
10 0.516029 0.450341 0.008529 0.007045
9 0.045735 0.448977 0.007941 0.042500
9 0.324265 0.452159 0.010882 0.024318
9 0.731324 0.450795 0.010882 0.033409
9 0.597500 0.452614 0.010294 0.031591
10 0.704559 0.467159 0.012647 0.003409
10 0.688971 0.466705 0.012059 0.004318
10 0.675147 0.466023 0.007941 0.003864
9 0.897794 0.440341 0.014412 0.032500
10 0.500441 0.426250 0.011471 0.003409
10 0.532500 0.425795 0.009706 0.004318
9 0.918382 0.429205 0.014412 0.032045
10 0.297206 0.379205 0.009706 0.004773
9 0.178088 0.370114 0.006765 0.012045
9 0.630147 0.349659 0.012059 0.037500
6 0.330441 0.353068 0.005588 0.029773
9 0.603088 0.350568 0.012059 0.032955
10 0.313088 0.338977 0.009706 0.007045
9 0.243971 0.350795 0.013824 0.033409
9 0.530147 0.351250 0.012059 0.034318
9 0.273971 0.338977 0.013824 0.032500
9 0.561618 0.339432 0.013824 0.035227
7 0.655147 0.328295 0.005588 0.024773
9 0.945441 0.265114 0.013235 0.031136
10 0.256029 0.258295 0.008529 0.002955
10 0.295441 0.257614 0.012059 0.005227
10 0.881324 0.278977 0.010882 0.003409
9 0.045147 0.256932 0.013824 0.049318
10 0.359559 0.251250 0.010882 0.003409
10 0.724559 0.237841 0.012647 0.004773
10 0.911324 0.159886 0.010882 0.004318
10 0.936029 0.157841 0.022647 0.004773
10 0.832206 0.152159 0.018529 0.004318
10 0.811029 0.151250 0.012647 0.004318
10 0.788088 0.150341 0.015000 0.004318
10 0.890735 0.150114 0.008529 0.005682
10 0.833382 0.145568 0.022059 0.003864
10 0.808088 0.144432 0.018529 0.003409
10 0.783676 0.141932 0.022647 0.006591
10 0.463088 0.178523 0.009706 0.003409
10 0.387206 0.174205 0.016765 0.004773
10 0.470147 0.172386 0.013235 0.002955
10 0.359265 0.171250 0.010294 0.005227
10 0.335147 0.170795 0.011471 0.004318
10 0.361618 0.166250 0.015000 0.004318
10 0.338676 0.164432 0.009118 0.002500
10 0.706618 0.141250 0.007353 0.003409
10 0.673676 0.139886 0.020294 0.004318
10 0.727794 0.136023 0.012059 0.002955
10 0.695147 0.133750 0.012647 0.004773
10 0.674265 0.133750 0.022647 0.004773
10 0.614265 0.137614 0.014412 0.003409
10 0.558676 0.135795 0.022059 0.005227
10 0.558088 0.129659 0.019706 0.002955
10 0.593971 0.130795 0.039706 0.006136
10 0.243971 0.165795 0.030294 0.002500
10 0.277794 0.165114 0.021471 0.004773
10 0.131324 0.163977 0.029706 0.004318
10 0.273676 0.158750 0.013235 0.002955
10 0.294559 0.084886 0.015000 0.002500
9 0.318382 0.061705 0.012059 0.045227
10 0.185441 0.091477 0.020294 0.004773
10 0.158676 0.090114 0.011471 0.004773
10 0.242794 0.087159 0.018529 0.003409
10 0.268676 0.086932 0.015000 0.003864
9 0.120735 0.057841 0.013235 0.059318
10 0.373088 0.076023 0.012059 0.002955
10 0.390441 0.075341 0.010294 0.002500
10 0.401029 0.075341 0.011471 0.003409
10 0.353088 0.072841 0.009706 0.004773
10 0.372206 0.070795 0.019706 0.004318
7 0.467206 0.063523 0.014412 0.021591
10 0.488971 0.064659 0.013235 0.004773
10 0.474265 0.063068 0.008529 0.005227
10 0.693088 0.084886 0.021471 0.004318
10 0.713971 0.084659 0.013824 0.004773
10 0.663382 0.083977 0.032647 0.005227
10 0.558676 0.081023 0.013824 0.004773
10 0.718382 0.079205 0.022647 0.003864
10 0.559559 0.074886 0.013235 0.004318
10 0.579853 0.073750 0.022059 0.005682
10 0.763088 0.069432 0.010882 0.003409
10 0.815147 0.068977 0.016176 0.005227
10 0.793088 0.068295 0.020294 0.006591
10 0.868676 0.064432 0.022059 0.004318
10 0.766618 0.063977 0.017941 0.003409
10 0.787206 0.063068 0.009706 0.003409
10 0.819853 0.061932 0.007941 0.002955
10 0.868382 0.057386 0.022647 0.006591
10 0.878382 0.006250 0.007353 0.003409
13 0.623088 0.947727 0.011471 0.008636
12 0.484412 0.969659 0.014118 0.005682
13 0.493382 0.933295 0.010882 0.008864
18 0.309853 0.968864 0.019706 0.005455
13 0.213676 0.932273 0.010294 0.008636
13 0.817647 0.969886 0.011765 0.007955
12 0.805588 0.969318 0.015882 0.009091
12 0.820735 0.947955 0.010294 0.008182
11 0.825882 0.969205 0.011765 0.007955
12 0.512206 0.936591 0.010294 0.008182
13 0.459706 0.967159 0.011765 0.007955
13 0.457647 0.940114 0.010588 0.007955
14 0.470000 0.967159 0.011765 0.007955
12 0.475294 0.939886 0.010000 0.009318
17 0.377206 0.966705 0.010294 0.008864
12 0.387500 0.966705 0.010294 0.008864
12 0.397794 0.966705 0.010294 0.008864
11 0.270735 0.965909 0.016176 0.008636
18 0.286029 0.931818 0.011471 0.007727
13 0.884265 0.948864 0.010294 0.008182
13 0.903676 0.948636 0.010294 0.008636
11 0.721618 0.947955 0.010882 0.008182
13 0.640441 0.947614 0.010882 0.008409
13 0.801765 0.944545 0.010588 0.007727
13 0.677647 0.943636 0.010588 0.007727
13 0.922941 0.942159 0.010000 0.008409
12 0.925441 0.970682 0.016176 0.008182
13 0.941324 0.948977 0.010294 0.008409
13 0.658676 0.940455 0.009706 0.008636
13 0.594412 0.940114 0.010588 0.007955
13 0.439118 0.932614 0.011176 0.008409
13 0.266471 0.931932 0.011176 0.008864
12 0.313088 0.924318 0.011471 0.008182
11 0.166324 0.833295 0.010294 0.007955
12 0.208235 0.830000 0.011176 0.007727
12 0.146912 0.830114 0.010882 0.007955
17 0.549118 0.859432 0.011765 0.007955
18 0.557647 0.859432 0.011765 0.007955
12 0.562353 0.824318 0.011176 0.008182
11 0.308529 0.858523 0.011765 0.007955
13 0.316471 0.830682 0.011176 0.008182
11 0.321471 0.858523 0.011765 0.007955
12 0.913676 0.838977 0.010294 0.007955
13 0.411176 0.837386 0.010588 0.007955
17 0.416471 0.860114 0.024706 0.004773
13 0.282647 0.833409 0.010588 0.008182
12 0.933676 0.832500 0.010294 0.009091
12 0.773088 0.831136 0.010294 0.009091
12 0.793676 0.824091 0.010294 0.008636
13 0.367794 0.830455 0.010294 0.008636
13 0.266765 0.830000 0.010588 0.007727
12 0.753971 0.824545 0.010882 0.007727
11 0.480441 0.823977 0.010882 0.008409
18 0.480588 0.882386 0.013529 0.009773
18 0.660294 0.820909 0.010588 0.007727
12 0.637941 0.817386 0.010588 0.009773
17 0.547059 0.779545 0.024706 0.004091
12 0.311471 0.739091 0.011176 0.007727
11 0.211176 0.735682 0.011176 0.008182
11 0.953824 0.729545 0.010588 0.008636
11 0.736324 0.735795 0.010882 0.007500
12 0.854559 0.752955 0.020294 0.004545
11 0.777941 0.752955 0.020588 0.004545
12 0.766765 0.728636 0.010588 0.008636
18 0.699559 0.752955 0.027941 0.004545
11 0.687794 0.727955 0.010294 0.008182
12 0.135000 0.746136 0.011176 0.008182
12 0.172500 0.742727 0.011471 0.007727
12 0.646618 0.739886 0.010294 0.007955
12 0.498088 0.739091 0.010882 0.007727
12 0.192206 0.739318 0.010882 0.008182
12 0.822059 0.736136 0.010588 0.008182
12 0.618529 0.736023 0.010588 0.007955
12 0.470588 0.735455 0.011176 0.007727
12 0.373676 0.735455 0.011471 0.007727
12 0.911324 0.722500 0.010294 0.008182
13 0.221029 0.681591 0.010882 0.008182
17 0.217206 0.654659 0.009118 0.009773
11 0.157059 0.681364 0.011765 0.008636
13 0.407059 0.677841 0.010588 0.007955
11 0.255441 0.677955 0.010294 0.008182
12 0.205294 0.677841 0.011176 0.007955
12 0.208088 0.654659 0.009118 0.009773
11 0.302500 0.674659 0.011471 0.007955
11 0.188971 0.674318 0.011471 0.007727
12 0.198971 0.654659 0.009118 0.009773
11 0.443382 0.673864 0.010882 0.008182
12 0.391029 0.673977 0.010882 0.008409
12 0.374853 0.670682 0.011471 0.007273
13 0.237941 0.673864 0.010588 0.008182
17 0.501912 0.644773 0.019706 0.004545
12 0.805000 0.640000 0.011176 0.007727
12 0.531324 0.663864 0.011471 0.007273
13 0.603529 0.660682 0.011176 0.007273
12 0.575735 0.657273 0.010882 0.007727
11 0.728676 0.650795 0.010882 0.007500
11 0.652794 0.650795 0.010882 0.007500
12 0.881765 0.637614 0.011176 0.007500
11 0.844265 0.637273 0.011471 0.007727
12 0.823971 0.637045 0.012059 0.008182
12 0.784853 0.551705 0.011471 0.007500
12 0.866765 0.569205 0.010588 0.007955
17 0.856324 0.524773 0.027353 0.005909
12 0.888529 0.565455 0.010588 0.007727
11 0.909412 0.562045 0.010588 0.008182
11 0.616912 0.524091 0.010882 0.008636
12 0.457647 0.516818 0.011176 0.008636
12 0.574265 0.517159 0.011471 0.008409
12 0.807059 0.548182 0.010588 0.007727
12 0.149559 0.530568 0.011471 0.007045
12 0.270000 0.523295 0.010588 0.007955
12 0.247794 0.523182 0.011471 0.007727
12 0.202647 0.523409 0.010588 0.008182
12 0.413529 0.517045 0.010588 0.008182
11 0.291618 0.513182 0.010882 0.007727
12 0.531029 0.510000 0.010882 0.007727
12 0.373088 0.510341 0.011471 0.008409
11 0.322500 0.446023 0.011471 0.007045
11 0.119853 0.460000 0.010882 0.007727
12 0.191471 0.456591 0.011176 0.007273
12 0.210882 0.452500 0.011176 0.007273
11 0.162353 0.456591 0.011176 0.007273
12 0.142206 0.456364 0.010882 0.007727
12 0.270000 0.449545 0.011765 0.006818
17 0.284265 0.427955 0.016176 0.005455
17 0.257794 0.429773 0.024412 0.005455
13 0.518382 0.449318 0.011471 0.007273
17 0.529706 0.424432 0.014706 0.009318
11 0.453971 0.449091 0.010882 0.007727
11 0.638676 0.446023 0.010882 0.007500
11 0.599559 0.442614 0.011471 0.007500
12 0.487794 0.442500 0.011471 0.007273
17 0.500294 0.424545 0.012941 0.009545
12 0.776765 0.439205 0.011176 0.007955
13 0.670588 0.439091 0.011176 0.007727
13 0.954118 0.430114 0.010588 0.007955
12 0.898088 0.429886 0.010882 0.007500
12 0.836912 0.429432 0.010882 0.007500
12 0.857794 0.425795 0.011471 0.007500
11 0.918088 0.419091 0.010882 0.007727
11 0.838088 0.353977 0.010882 0.007500
12 0.773529 0.357045 0.011176 0.007273
11 0.119706 0.350682 0.011765 0.007273
11 0.902206 0.350341 0.010882 0.007500
17 0.919559 0.330455 0.022059 0.005909
12 0.404559 0.347159 0.010882 0.007500
12 0.723824 0.340227 0.011176 0.007273
13 0.244412 0.340341 0.011176 0.007500
12 0.182353 0.340455 0.010588 0.007727
13 0.310588 0.340000 0.011176 0.007727
12 0.223529 0.340000 0.011176 0.007727
12 0.455882 0.336364 0.010588 0.007727
12 0.202647 0.336477 0.011176 0.007955
12 0.750588 0.332045 0.010588 0.008182
11 0.273824 0.329318 0.010588 0.008182
11 0.561324 0.328750 0.010294 0.008864
12 0.201029 0.289205 0.010882 0.007955
12 0.119853 0.287045 0.010882 0.007727
13 0.223676 0.286705 0.011471 0.008409
13 0.159559 0.286250 0.010294 0.008409
12 0.175441 0.286250 0.010294 0.008864
13 0.240441 0.285455 0.010882 0.008636
12 0.298676 0.278523 0.010882 0.008409
13 0.322941 0.276136 0.011176 0.007273
12 0.878382 0.277500 0.009118 0.010455
17 0.896618 0.277500 0.009118 0.010455
14 0.887500 0.277500 0.009118 0.010455
12 0.893088 0.255227 0.011471 0.007273
17 0.905735 0.277500 0.009118 0.010455
11 0.914853 0.277500 0.009118 0.010455
12 0.926324 0.251818 0.010882 0.007727
13 0.361471 0.251023 0.010000 0.009773
17 0.371471 0.251023 0.010000 0.009773
12 0.518676 0.268182 0.010882 0.007727
12 0.492941 0.268068 0.011176 0.007500
12 0.417206 0.267614 0.011471 0.007500
12 0.588235 0.264318 0.011176 0.007273
11 0.451912 0.264432 0.011471 0.007500
13 0.727647 0.261705 0.011176 0.007500
11 0.663676 0.261477 0.011471 0.007500
11 0.945588 0.255455 0.010588 0.007727
11 0.806029 0.255227 0.011471 0.007273
13 0.694853 0.254773 0.011471 0.007273
13 0.381471 0.251023 0.010000 0.009773
13 0.867941 0.185227 0.010588 0.008182
12 0.878529 0.154886 0.011765 0.007955
17 0.443235 0.176705 0.011765 0.007955
17 0.453382 0.175455 0.009118 0.017727
17 0.462500 0.175455 0.009118 0.017727
17 0.908529 0.145455 0.021765 0.004091
14 0.891471 0.154886 0.011765 0.007955
13 0.917206 0.149659 0.010294 0.009318
11 0.927500 0.149659 0.010294 0.009318
13 0.434412 0.176023 0.011765 0.007955
12 0.432206 0.149091 0.010882 0.007727
14 0.765441 0.173523 0.011471 0.007500
12 0.332206 0.141818 0.010882 0.007727
12 0.471618 0.175455 0.009118 0.017727
11 0.489853 0.175455 0.009118 0.017727
13 0.480735 0.175455 0.009118 0.017727
12 0.484118 0.152727 0.010588 0.007727
11 0.498971 0.175455 0.009118 0.017727
12 0.510147 0.156364 0.011471 0.007727
18 0.364118 0.171023 0.011765 0.007955
18 0.351765 0.168523 0.011765 0.007955
13 0.356324 0.134318 0.010294 0.009091
12 0.250294 0.166136 0.019412 0.004545
14 0.244265 0.127955 0.010294 0.009091
18 0.237500 0.157273 0.017941 0.008636
14 0.706176 0.166591 0.010588 0.008182
11 0.155735 0.164886 0.028529 0.005227
12 0.389118 0.169659 0.011176 0.016591
14 0.377941 0.169659 0.011176 0.016591
14 0.381912 0.142045 0.010294 0.008182
11 0.400294 0.169659 0.011176 0.016591
12 0.618235 0.162500 0.011176 0.007273
14 0.681029 0.159886 0.010882 0.007500
14 0.592500 0.159773 0.011471 0.007273
17 0.555735 0.131705 0.017941 0.005682
13 0.219706 0.134091 0.011176 0.008636
12 0.937794 0.149659 0.010294 0.009318
14 0.270147 0.133750 0.011471 0.007955
18 0.645441 0.128636 0.020882 0.005000
14 0.655882 0.166250 0.011765 0.007500
17 0.669118 0.131932 0.014706 0.008864
14 0.120000 0.121023 0.011176 0.007955
14 0.178971 0.048750 0.011471 0.007045
17 0.269853 0.093523 0.012647 0.007045
13 0.283676 0.087614 0.011471 0.007045
14 0.284559 0.055227 0.012059 0.007273
17 0.143529 0.090795 0.040000 0.005227
13 0.155882 0.041818 0.010588 0.007727
13 0.121471 0.034318 0.010588 0.008182
14 0.684412 0.051932 0.010588 0.007955
17 0.565882 0.079545 0.015294 0.008636
13 0.572647 0.033409 0.011176 0.009091
12 0.551912 0.077045 0.015000 0.005455
12 0.548235 0.026250 0.011176 0.008409
18 0.392647 0.076023 0.010000 0.009318
17 0.382647 0.076023 0.010000 0.009318
13 0.389118 0.048409 0.011765 0.007273
11 0.402647 0.076023 0.010000 0.009318
11 0.400294 0.071023 0.014706 0.005682
12 0.342353 0.074318 0.011176 0.018182
12 0.341324 0.048182 0.011471 0.007727
17 0.353529 0.074318 0.011176 0.018182
12 0.364706 0.074318 0.011176 0.018182
12 0.365294 0.051818 0.010588 0.007727
11 0.788235 0.065000 0.009412 0.016818
12 0.762059 0.065341 0.011765 0.007955
12 0.772353 0.062841 0.011765 0.007955
17 0.778824 0.065000 0.009412 0.016818
13 0.437941 0.066818 0.011176 0.015909
12 0.436912 0.041591 0.010882 0.007727
11 0.449118 0.066818 0.011176 0.015909
11 0.460294 0.066818 0.011176 0.015909
12 0.471471 0.066818 0.011176 0.015909
11 0.491912 0.060341 0.017353 0.004773
13 0.485147 0.033182 0.010882 0.008636
12 0.797647 0.065000 0.009412 0.016818
12 0.807059 0.065000 0.009412 0.016818
11 0.816471 0.065000 0.009412 0.016818
11 0.825882 0.065000 0.009412 0.016818
14 0.922500 0.027841 0.010294 0.008864
14 0.319412 0.051818 0.011176 0.007727
13 0.598529 0.041136 0.011176 0.008182
12 0.623088 0.048409 0.011471 0.007273
14 0.860147 0.033750 0.010294 0.007955
3 0.632794 0.339432 0.006176 0.013864
4 0.305735 0.051477 0.010882 0.021591
4 0.574559 0.264205 0.010882 0.022500
4 0.670441 0.051477 0.010882 0.021591
4 0.315735 0.142159 0.010882 0.021136
3 0.496324 0.506932 0.007353 0.021591
4 0.391029 0.346705 0.010882 0.022045
4 0.139559 0.680795 0.010294 0.022045
4 0.135735 0.530795 0.010882 0.021136
3 0.907794 0.026705 0.007941 0.022045
4 0.223382 0.066023 0.010882 0.020682
4 0.103382 0.285568 0.010882 0.019773
3 0.400441 0.446023 0.007353 0.021591
4 0.106324 0.459886 0.010882 0.021136
4 0.374265 0.271250 0.010294 0.022045
4 0.623088 0.446023 0.010294 0.020682
4 0.641029 0.166477 0.010882 0.021591
3 0.438088 0.263750 0.007353 0.022500
4 0.823382 0.545568 0.009706 0.019773
4 0.852794 0.569432 0.010882 0.022045
4 0.438676 0.448977 0.010882 0.022045
4 0.824265 0.354205 0.010294 0.021591
4 0.826618 0.258750 0.010294 0.020682
3 0.486912 0.739659 0.007353 0.022500
3 0.457794 0.736250 0.007941 0.022045
3 0.786618 0.943977 0.007941 0.022045
4 0.605441 0.736250 0.010294 0.022045
5 0.299559 0.920568 0.009118 0.017955
5 0.624853 0.813068 0.009118 0.018409
3 0.465735 0.823523 0.007353 0.022045
5 0.609559 0.944205 0.009118 0.017955
4 0.308676 0.445795 0.010882 0.020227
5 0.706324 0.943750 0.009706 0.017955
4 0.532206 0.763295 0.010882 0.021591
4 0.131912 0.830795 0.011471 0.022045
4 0.359265 0.735341 0.010882 0.020227
5 0.900735 0.835568 0.009118 0.017955
3 0.830147 0.835795 0.007941 0.022045
4 0.398382 0.836932 0.010294 0.021591
5 0.361618 0.931705 0.009706 0.016591
3 0.749559 0.520114 0.007941 0.023409
4 0.695147 0.531023 0.010882 0.022500
3 0.165735 0.526250 0.007353 0.022045
5 0.688676 0.824432 0.009706 0.017500
3 0.753088 0.728750 0.007941 0.022500
4 0.808971 0.736705 0.010294 0.021136
3 0.386618 0.762614 0.007941 0.022045
3 0.146029 0.935341 0.007941 0.022045
3 0.103382 0.931477 0.007353 0.022500
3 0.425147 0.931705 0.007353 0.022955
5 0.673088 0.725114 0.009118 0.017955
4 0.323971 0.677841 0.010882 0.021591
4 0.178971 0.456477 0.010294 0.022500
4 0.649265 0.261477 0.010882 0.022500
4 0.358676 0.510341 0.010882 0.022045
3 0.106029 0.534205 0.007941 0.021591
3 0.526618 0.943750 0.007941 0.022500
4 0.634265 0.739886 0.010294 0.022045
3 0.739559 0.824205 0.007941 0.020682
4 0.075000 0.648182 0.008824 0.020000
4 0.065588 0.636591 0.010000 0.021364
4 0.079706 0.157045 0.010000 0.021364
4 0.069412 0.146136 0.009412 0.021364
4 0.077941 0.544545 0.010000 0.020000
4 0.068235 0.534091 0.009412 0.020909
4 0.075000 0.858636 0.010000 0.020909
4 0.065588 0.847727 0.010000 0.021818
4 0.077941 0.251136 0.010000 0.020455
4 0.068235 0.240682 0.009412 0.021364
4 0.071765 0.045682 0.009412 0.021364
4 0.074706 0.749545 0.010588 0.020909
4 0.065294 0.739091 0.010588 0.021818
4 0.077647 0.350682 0.009412 0.020455
4 0.068235 0.340227 0.009412 0.021364
4 0.075882 0.965909 0.010588 0.020909
4 0.066176 0.955909 0.010000 0.020909
4 0.077647 0.439773 0.009412 0.020455
4 0.068529 0.429545 0.010000 0.020909
3 0.311912 0.275341 0.010294 0.022045
5 0.041324 0.146705 0.010294 0.022045
4 0.050294 0.144886 0.010000 0.022045
4 0.046176 0.338977 0.010000 0.022045
4 0.049118 0.238977 0.010000 0.022045
5 0.036618 0.430795 0.010294 0.022045
4 0.046765 0.427159 0.010000 0.022045
3 0.036029 0.635341 0.010294 0.022045
4 0.043824 0.635341 0.010000 0.022045
5 0.035441 0.535341 0.010294 0.022045
4 0.044412 0.532614 0.010000 0.022045
5 0.034853 0.739432 0.010294 0.022045
4 0.043235 0.737614 0.010000 0.022045
5 0.035441 0.957159 0.010294 0.022045
4 0.045588 0.954432 0.010000 0.022045