10 0.582061 0.965607 0.008514 0.004767
10 0.395919 0.940636 0.009689 0.005221
10 0.464328 0.936776 0.011450 0.003859
10 0.172783 0.932009 0.008514 0.005675
9 0.631092 0.941317 0.016148 0.028831
9 0.831914 0.939728 0.016148 0.028831
9 0.929243 0.940295 0.015854 0.029058
9 0.730182 0.940182 0.017029 0.029739
10 0.822666 0.923837 0.008808 0.003405
10 0.718732 0.923383 0.008221 0.002497
9 0.456400 0.923269 0.009102 0.037684
10 0.329859 0.863451 0.015561 0.006129
10 0.618761 0.861180 0.010863 0.004767
10 0.114944 0.861407 0.008514 0.005221
10 0.163975 0.858683 0.007927 0.002497
10 0.241779 0.859364 0.013212 0.004767
10 0.469025 0.858002 0.007340 0.003405
10 0.590575 0.856413 0.008514 0.005221
10 0.173664 0.853689 0.019084 0.006129
9 0.545948 0.852554 0.012038 0.030193
10 0.356870 0.858683 0.009689 0.003859
10 0.159278 0.828944 0.007927 0.002951
9 0.490458 0.840182 0.016148 0.029512
9 0.718585 0.839047 0.015561 0.028604
9 0.611421 0.842338 0.016148 0.034279
9 0.818996 0.838706 0.015561 0.028377
9 0.927041 0.838252 0.015561 0.028377
9 0.178362 0.835982 0.015561 0.030647
9 0.279360 0.835641 0.015561 0.030874
9 0.379477 0.834166 0.016148 0.028377
10 0.831327 0.821453 0.008514 0.004767
9 0.699501 0.831328 0.012625 0.031782
10 0.704198 0.816686 0.012625 0.004767
10 0.589695 0.762883 0.014974 0.003405
10 0.917792 0.762429 0.007634 0.004767
10 0.439078 0.761521 0.008514 0.002951
10 0.698767 0.761294 0.007634 0.002951
10 0.472255 0.761975 0.008514 0.004767
10 0.388432 0.755165 0.009982 0.003859
9 0.641515 0.761067 0.011744 0.029739
10 0.366853 0.749943 0.012625 0.005221
9 0.422049 0.750624 0.009689 0.032917
9 0.831180 0.747333 0.007046 0.027242
9 0.495596 0.740295 0.008808 0.034960
9 0.600851 0.743814 0.016735 0.030647
9 0.704492 0.744154 0.017322 0.032236
9 0.929977 0.743473 0.016148 0.032236
9 0.816353 0.742679 0.016735 0.030647
9 0.175719 0.732463 0.014386 0.031555
9 0.481650 0.737684 0.016735 0.031555
10 0.177187 0.720658 0.007927 0.006129
9 0.282883 0.731896 0.014974 0.031328
9 0.382707 0.731782 0.017322 0.031555
10 0.887992 0.662089 0.007340 0.005675
10 0.766442 0.653008 0.009689 0.003859
9 0.676600 0.649830 0.007340 0.028831
9 0.783177 0.643360 0.009102 0.032690
7 0.508221 0.582066 0.012331 0.016345
7 0.584410 0.568104 0.012625 0.017026
7 0.136083 0.565380 0.012038 0.011578
10 0.441133 0.555392 0.009102 0.002951
8 0.386524 0.564472 0.009102 0.023837
10 0.222108 0.555165 0.009102 0.002951
10 0.402085 0.456640 0.007340 0.004313
9 0.906195 0.452100 0.010276 0.011578
10 0.595860 0.458910 0.016735 0.005675
10 0.363036 0.454370 0.017322 0.003405
10 0.839841 0.438479 0.012625 0.003405
9 0.945244 0.433825 0.010863 0.036776
10 0.163975 0.359251 0.019084 0.005221
10 0.670728 0.354938 0.009689 0.005675
10 0.932032 0.354030 0.016735 0.003405
10 0.858338 0.348127 0.016148 0.002497
10 0.620523 0.347900 0.010276 0.002497
10 0.871550 0.347900 0.007340 0.002951
10 0.831621 0.350851 0.023782 0.003405
10 0.413535 0.350397 0.022607 0.003405
10 0.387698 0.351532 0.022607 0.005675
10 0.361861 0.351532 0.022607 0.005675
10 0.570611 0.351759 0.022020 0.005675
10 0.309014 0.351532 0.022607 0.005675
10 0.283177 0.351305 0.022607 0.005675
10 0.227099 0.347900 0.017322 0.004313
10 0.647827 0.292736 0.010863 0.005675
10 0.743247 0.287287 0.014974 0.005221
10 0.469025 0.280477 0.011450 0.003405
10 0.333382 0.275028 0.012625 0.003405
10 0.208309 0.271169 0.012625 0.002497
10 0.719466 0.268331 0.007340 0.004086
10 0.897093 0.261862 0.010276 0.003405
9 0.940399 0.277299 0.017029 0.032917
9 0.537581 0.255959 0.017029 0.032009
9 0.351439 0.255959 0.017029 0.031555
10 0.176307 0.269580 0.032002 0.005675
10 0.835731 0.182860 0.007927 0.002497
10 0.818409 0.173780 0.007340 0.005221
10 0.436142 0.164245 0.014386 0.005221
9 0.419994 0.151532 0.009102 0.034279
8 0.740311 0.153802 0.010863 0.036095
9 0.448180 0.147900 0.009102 0.039728
10 0.334850 0.082520 0.010276 0.003405
10 0.461832 0.080023 0.011744 0.005675
10 0.588373 0.077526 0.007634 0.006583
10 0.658837 0.069807 0.012331 0.005675
8 0.524662 0.060953 0.015267 0.032463
9 0.892249 0.056754 0.011744 0.031782
9 0.349237 0.055165 0.006753 0.042225
9 0.292719 0.053348 0.015267 0.046311
9 0.330153 0.050284 0.009689 0.051532
12 0.769231 0.953008 0.011744 0.007719
12 0.667939 0.949943 0.010570 0.006583
13 0.114651 0.949943 0.011450 0.007491
12 0.870669 0.949035 0.010863 0.007037
12 0.567087 0.944495 0.010863 0.007491
14 0.750147 0.943814 0.010570 0.006583
13 0.706107 0.943360 0.010570 0.007037
13 0.134028 0.943473 0.011450 0.007264
13 0.810188 0.943133 0.010863 0.007037
14 0.852466 0.942906 0.010863 0.007491
13 0.223282 0.942792 0.011450 0.007719
13 0.536260 0.941544 0.011450 0.007946
13 0.608191 0.937911 0.009689 0.007037
14 0.650470 0.937344 0.010863 0.006810
13 0.152525 0.936776 0.010863 0.007491
13 0.326629 0.936209 0.010276 0.007719
13 0.241486 0.936095 0.010276 0.007946
13 0.517763 0.935414 0.010863 0.007491
14 0.951703 0.933371 0.010863 0.007037
12 0.172490 0.933258 0.008514 0.007264
13 0.258368 0.932917 0.009395 0.007037
13 0.908250 0.932804 0.010863 0.007264
13 0.203171 0.929966 0.011157 0.007491
12 0.279360 0.929398 0.010863 0.008173
13 0.345713 0.925880 0.012038 0.007946
13 0.307546 0.925880 0.012038 0.007946
13 0.498826 0.924972 0.011744 0.007946
13 0.364797 0.921339 0.010863 0.007946
13 0.478274 0.917367 0.010570 0.008173
13 0.421609 0.917480 0.009982 0.008400
12 0.393277 0.917253 0.010276 0.007946
13 0.458162 0.911010 0.008514 0.008173
13 0.440840 0.907491 0.009689 0.007491
18 0.901497 0.852894 0.007340 0.006356
13 0.902672 0.832009 0.010863 0.007264
13 0.398708 0.833939 0.011157 0.007491
12 0.757046 0.851532 0.010863 0.007264
11 0.621991 0.851192 0.007340 0.007946
13 0.631679 0.835982 0.011450 0.007491
12 0.650910 0.848922 0.011157 0.007037
12 0.860393 0.848241 0.010863 0.007037
12 0.546242 0.842906 0.009689 0.006810
13 0.691867 0.841998 0.010863 0.006810
14 0.840135 0.841884 0.011450 0.007037
13 0.794627 0.841771 0.010863 0.006810
14 0.736054 0.841998 0.011157 0.007264
12 0.318996 0.840863 0.010863 0.007719
12 0.426160 0.840295 0.011450 0.007491
12 0.113476 0.838252 0.010863 0.007491
12 0.215355 0.837684 0.010276 0.007264
13 0.467557 0.836776 0.010863 0.006810
14 0.508514 0.836663 0.009982 0.007037
13 0.588520 0.836322 0.010863 0.007264
13 0.354815 0.834166 0.012038 0.007946
13 0.156342 0.831555 0.009689 0.005902
14 0.948914 0.832009 0.011744 0.007719
14 0.197152 0.831328 0.010276 0.007264
13 0.256459 0.830988 0.011450 0.007491
13 0.300206 0.830874 0.010863 0.007719
12 0.333676 0.756867 0.010863 0.004086
13 0.837493 0.738252 0.010276 0.007719
12 0.642543 0.751759 0.010276 0.007037
12 0.858485 0.751646 0.011157 0.007264
12 0.536847 0.746084 0.011450 0.007491
12 0.746477 0.745289 0.011450 0.007264
13 0.405608 0.725426 0.010863 0.007491
12 0.424545 0.740068 0.011157 0.007719
13 0.576189 0.739501 0.009102 0.007037
13 0.679830 0.739160 0.009689 0.007264
14 0.622284 0.739160 0.009689 0.007264
14 0.951850 0.738706 0.011157 0.007264
13 0.900029 0.738479 0.009689 0.007264
13 0.789636 0.738479 0.009689 0.007264
14 0.724457 0.738479 0.010863 0.007719
12 0.322519 0.733258 0.010276 0.007719
14 0.502496 0.732690 0.009689 0.007491
13 0.457868 0.732917 0.010863 0.007946
12 0.224604 0.725312 0.010570 0.007719
13 0.360100 0.725085 0.010276 0.007719
12 0.112889 0.720091 0.011450 0.008173
13 0.261157 0.719183 0.009689 0.008173
14 0.304316 0.718502 0.010276 0.007264
14 0.197446 0.715891 0.010276 0.007037
13 0.155167 0.716118 0.010276 0.007491
12 0.234439 0.649262 0.011450 0.007264
13 0.900029 0.636436 0.009689 0.007491
13 0.527892 0.655278 0.011157 0.007491
11 0.378009 0.652327 0.012038 0.007491
13 0.551674 0.652213 0.011744 0.007719
13 0.503376 0.652327 0.011450 0.007946
12 0.467264 0.652100 0.012038 0.007946
12 0.200088 0.649603 0.010863 0.007037
11 0.112008 0.649716 0.009689 0.007264
12 0.430270 0.648808 0.009689 0.006810
13 0.265267 0.646084 0.010863 0.007264
12 0.164709 0.646425 0.009982 0.007946
13 0.582355 0.645289 0.010863 0.007491
13 0.707134 0.644835 0.010276 0.007491
13 0.850998 0.644608 0.010276 0.007491
13 0.285232 0.642338 0.009689 0.007491
13 0.603787 0.641430 0.010276 0.007037
13 0.730916 0.641430 0.009689 0.007491
13 0.683500 0.641317 0.011157 0.007719
12 0.642249 0.640976 0.009689 0.007037
13 0.877129 0.641090 0.010863 0.007719
13 0.308280 0.637911 0.009982 0.007719
13 0.755285 0.636663 0.010276 0.007946
13 0.338373 0.634733 0.010276 0.007719
12 0.809601 0.633258 0.009689 0.007491
13 0.785526 0.633371 0.009689 0.007719
13 0.922196 0.632804 0.010570 0.008400
13 0.945831 0.630079 0.010863 0.007946
11 0.610393 0.584677 0.009395 0.007037
12 0.611274 0.561748 0.010570 0.007491
12 0.611127 0.551305 0.011450 0.008400
11 0.557839 0.584563 0.009982 0.006810
12 0.558133 0.561748 0.009982 0.007491
12 0.557252 0.551305 0.010570 0.007491
17 0.159718 0.585017 0.011157 0.007719
17 0.159571 0.571283 0.011450 0.007491
11 0.159718 0.555165 0.011744 0.007946
17 0.320464 0.571510 0.011450 0.007491
11 0.318702 0.558343 0.010276 0.006583
12 0.417058 0.561862 0.010863 0.007264
12 0.651938 0.561748 0.010863 0.007491
12 0.651644 0.551305 0.011450 0.008400
13 0.241192 0.561521 0.011450 0.007037
12 0.494568 0.557889 0.010863 0.006583
12 0.439812 0.558343 0.009395 0.007491
12 0.385790 0.558229 0.009395 0.007264
13 0.221227 0.558002 0.009102 0.007264
13 0.878743 0.555278 0.009982 0.007719
12 0.361861 0.555051 0.010863 0.007264
13 0.259982 0.554824 0.010276 0.007264
12 0.112742 0.554824 0.010570 0.007264
12 0.847769 0.554824 0.011450 0.007719
11 0.781709 0.554938 0.010863 0.007946
12 0.469319 0.554711 0.010863 0.007491
11 0.469759 0.584563 0.008808 0.007264
11 0.468732 0.571169 0.009689 0.006810
13 0.681298 0.554711 0.010863 0.007946
12 0.518350 0.554711 0.011450 0.007946
13 0.897240 0.551873 0.010570 0.008173
12 0.821932 0.551305 0.011450 0.007037
13 0.699794 0.551192 0.009102 0.007264
13 0.915003 0.547333 0.010863 0.008173
13 0.716530 0.546992 0.010863 0.007946
13 0.278626 0.546992 0.011157 0.007946
13 0.931445 0.543927 0.008514 0.007719
13 0.732384 0.543927 0.009689 0.008627
13 0.955520 0.540522 0.010863 0.007719
13 0.751174 0.540409 0.012038 0.007946
14 0.346888 0.486152 0.010276 0.007491
14 0.517469 0.486606 0.009689 0.008854
13 0.690399 0.486039 0.010276 0.008173
13 0.693042 0.448695 0.009102 0.007037
11 0.704492 0.441998 0.017322 0.009535
14 0.429096 0.485698 0.010276 0.007491
14 0.600264 0.485812 0.010863 0.008173
14 0.258808 0.485585 0.010276 0.008627
14 0.172930 0.485358 0.009982 0.008173
12 0.650470 0.482860 0.011450 0.007719
14 0.559454 0.482974 0.011450 0.007946
14 0.537728 0.482974 0.010276 0.007946
14 0.112595 0.482747 0.011450 0.007491
14 0.477540 0.482747 0.010863 0.007946
14 0.388285 0.482747 0.010863 0.007946
14 0.279654 0.482406 0.010863 0.007719
14 0.219612 0.482293 0.010570 0.007491
14 0.193629 0.482406 0.010276 0.007719
14 0.449941 0.482066 0.010863 0.007491
14 0.368614 0.482066 0.010276 0.007491
14 0.306078 0.482406 0.010863 0.008173
14 0.711245 0.482066 0.010863 0.007946
14 0.622871 0.482179 0.011450 0.008173
14 0.739430 0.479228 0.010863 0.008173
14 0.409131 0.479115 0.010276 0.007946
14 0.671169 0.479001 0.010570 0.008173
14 0.580299 0.479115 0.010863 0.008400
14 0.326776 0.479001 0.010570 0.008173
14 0.498092 0.479115 0.010863 0.008854
14 0.239137 0.478434 0.009689 0.007946
14 0.143423 0.478547 0.010863 0.008173
14 0.758221 0.475596 0.010863 0.007264
17 0.772460 0.443360 0.017029 0.006356
14 0.777598 0.472077 0.010863 0.007491
14 0.798004 0.468899 0.010570 0.007491
14 0.816794 0.465040 0.010570 0.006129
14 0.847181 0.462543 0.011450 0.007491
14 0.865678 0.458683 0.010863 0.007037
14 0.884469 0.455959 0.010863 0.007946
14 0.903846 0.452440 0.009689 0.006356
14 0.923958 0.449603 0.011157 0.007946
14 0.943482 0.446198 0.010276 0.007491
14 0.863623 0.384790 0.009689 0.007719
14 0.890047 0.384790 0.009689 0.008173
12 0.655901 0.384222 0.009982 0.007946
14 0.473136 0.384222 0.009689 0.007946
14 0.447005 0.384222 0.010276 0.007946
14 0.264680 0.383882 0.010863 0.007719
14 0.238550 0.383995 0.010276 0.007946
14 0.681004 0.383768 0.009689 0.008400
14 0.786700 0.381271 0.010863 0.007491
14 0.760863 0.381385 0.010863 0.007719
14 0.551967 0.381044 0.009982 0.007491
14 0.139313 0.381044 0.010276 0.007491
14 0.343365 0.380931 0.010863 0.007719
14 0.577951 0.380590 0.010276 0.007491
14 0.369789 0.380477 0.010863 0.007719
14 0.112595 0.380363 0.010863 0.007946
14 0.941427 0.378547 0.010276 0.008400
14 0.838373 0.377980 0.010863 0.007719
14 0.916031 0.377866 0.009982 0.007946
14 0.812243 0.377866 0.010276 0.007946
14 0.732678 0.377412 0.009689 0.007946
14 0.421169 0.377299 0.010276 0.007719
14 0.394745 0.377299 0.010276 0.007719
14 0.316794 0.377412 0.009982 0.007946
14 0.175719 0.377185 0.010276 0.007491
14 0.603641 0.377072 0.009982 0.007719
14 0.525250 0.377185 0.010570 0.007946
14 0.200969 0.376958 0.009102 0.007491
14 0.499853 0.377185 0.010276 0.008400
14 0.290517 0.376958 0.010863 0.007946
13 0.284058 0.354257 0.010863 0.003859
14 0.707575 0.376844 0.009982 0.008173
14 0.629331 0.376958 0.009689 0.008400
14 0.902965 0.296027 0.010863 0.007719
14 0.883881 0.295914 0.011450 0.007491
14 0.940986 0.288649 0.010570 0.007491
14 0.921756 0.288536 0.010863 0.007264
14 0.823106 0.281498 0.010863 0.007719
14 0.805344 0.281271 0.011744 0.008173
14 0.863329 0.275142 0.011450 0.007719
14 0.844245 0.275028 0.010863 0.007491
14 0.738403 0.271283 0.009982 0.007264
14 0.718585 0.270829 0.009689 0.007264
13 0.550499 0.269012 0.007046 0.005902
14 0.779066 0.264699 0.009689 0.007719
14 0.760276 0.264586 0.009689 0.007491
13 0.645479 0.257208 0.011450 0.007719
11 0.593511 0.257321 0.012038 0.007946
14 0.697299 0.249489 0.010570 0.007719
14 0.676894 0.249376 0.010863 0.007491
12 0.465062 0.246084 0.009982 0.007719
11 0.395479 0.245970 0.009395 0.007491
13 0.516588 0.239955 0.011450 0.007719
13 0.561803 0.239728 0.010276 0.008173
13 0.199501 0.239614 0.010276 0.007946
13 0.164122 0.239501 0.011157 0.007719
11 0.114063 0.239047 0.010863 0.007719
13 0.226806 0.236095 0.009689 0.008173
18 0.261157 0.233031 0.011450 0.007491
18 0.288462 0.229398 0.010863 0.007491
18 0.376248 0.226788 0.011450 0.008173
18 0.330153 0.226561 0.010863 0.007719
14 0.562683 0.195914 0.009689 0.008627
11 0.514240 0.195687 0.010276 0.008173
14 0.582648 0.192395 0.010863 0.007946
14 0.600558 0.189103 0.011450 0.007719
14 0.619642 0.185358 0.010863 0.007491
11 0.631239 0.151646 0.011157 0.008173
14 0.638285 0.182066 0.010570 0.007264
14 0.861127 0.180931 0.008221 0.005448
14 0.861568 0.145970 0.010863 0.008173
14 0.656048 0.178661 0.010863 0.007719
14 0.673958 0.175028 0.010276 0.005902
14 0.702437 0.172418 0.010863 0.007946
14 0.705226 0.153235 0.012331 0.005902
14 0.879771 0.142452 0.009689 0.008400
14 0.720640 0.169126 0.009689 0.006810
14 0.737816 0.166288 0.011157 0.007946
14 0.759689 0.162770 0.010276 0.007264
13 0.779654 0.159591 0.010276 0.008173
13 0.780388 0.179342 0.015854 0.008627
14 0.797416 0.156413 0.009395 0.007264
14 0.815913 0.153121 0.009982 0.007946
14 0.843365 0.149830 0.009689 0.006810
12 0.351879 0.148014 0.010863 0.007719
12 0.251908 0.147446 0.011157 0.007946
12 0.377569 0.143587 0.011157 0.007946
12 0.316060 0.143587 0.010863 0.007946
12 0.277158 0.143473 0.009982 0.008173
11 0.168673 0.142906 0.010863 0.007946
12 0.216383 0.142679 0.011157 0.008400
12 0.422049 0.140749 0.010276 0.008627
14 0.897974 0.138820 0.009689 0.008400
14 0.944510 0.136436 0.009395 0.007719
14 0.916177 0.135982 0.009689 0.008173
12 0.450822 0.134166 0.010276 0.008173
12 0.115825 0.129512 0.010863 0.007491
12 0.476659 0.127242 0.010276 0.007037
18 0.140194 0.123156 0.011450 0.007491
13 0.483558 0.084790 0.009982 0.007491
13 0.504110 0.078093 0.011157 0.007719
13 0.462419 0.077639 0.011157 0.006810
13 0.431591 0.074688 0.011744 0.008173
13 0.524516 0.071510 0.011450 0.006810
13 0.548297 0.062316 0.010863 0.007491
13 0.313417 0.061521 0.010863 0.007264
13 0.565179 0.055732 0.011157 0.007946
13 0.414122 0.051759 0.011450 0.007719
12 0.866412 0.049943 0.009982 0.007719
11 0.826336 0.049035 0.010276 0.007719
12 0.651057 0.048468 0.009689 0.007946
13 0.580593 0.048014 0.009102 0.007946
13 0.393864 0.047673 0.009689 0.007719
12 0.893570 0.046765 0.009689 0.007719
18 0.177041 0.046425 0.016442 0.007491
18 0.118321 0.046538 0.016442 0.007719
12 0.678068 0.045176 0.009689 0.008627
13 0.631386 0.045176 0.009102 0.008627
13 0.599824 0.044381 0.009982 0.007037
12 0.921756 0.043927 0.009689 0.007491
13 0.374780 0.043814 0.010276 0.008173
12 0.706107 0.041544 0.010570 0.007719
12 0.945978 0.040636 0.009982 0.008173
13 0.353053 0.040068 0.009689 0.007946
12 0.731503 0.038138 0.009689 0.006810
13 0.616999 0.037911 0.009689 0.007719
13 0.332501 0.036436 0.010276 0.007037
17 0.241486 0.036663 0.011450 0.007946
13 0.292572 0.036663 0.011450 0.008400
11 0.772314 0.035755 0.011450 0.007491
18 0.798738 0.029512 0.011450 0.007719
4 0.930857 0.136549 0.010863 0.021112
3 0.579125 0.258002 0.007927 0.021112
4 0.237962 0.147446 0.010863 0.020658
4 0.299912 0.143814 0.010276 0.021112
3 0.723576 0.478774 0.007340 0.021339
5 0.414709 0.645516 0.009102 0.016572
5 0.161039 0.373780 0.009102 0.016572
4 0.830446 0.149943 0.010863 0.020658
4 0.499853 0.196368 0.010863 0.020885
4 0.688344 0.171964 0.010863 0.021566
3 0.500000 0.239728 0.008221 0.021339
1 0.041838 0.568104 0.023782 0.050624
1 0.041251 0.660045 0.024369 0.050170
1 0.042425 0.352667 0.024369 0.050170
1 0.044627 0.066629 0.023488 0.050170
4 0.201850 0.049830 0.007340 0.014302
3 0.833382 0.462316 0.007340 0.020658
5 0.665443 0.735414 0.009102 0.017026
4 0.159571 0.485017 0.010276 0.021112
3 0.574134 0.836436 0.007927 0.020204
4 0.403259 0.561521 0.010276 0.021112
3 0.522607 0.746311 0.008221 0.020658
3 0.210658 0.726107 0.007340 0.020204
3 0.595273 0.938365 0.007340 0.019750
3 0.776130 0.739047 0.007340 0.020204
5 0.885056 0.734279 0.009102 0.017026
3 0.142836 0.831669 0.007340 0.020658
4 0.223282 0.383314 0.010276 0.021112
4 0.451703 0.836663 0.010863 0.020204
4 0.183940 0.239387 0.010863 0.021112
3 0.454492 0.584449 0.007634 0.020658
3 0.408544 0.917026 0.009102 0.023837
1 0.042132 0.841657 0.024369 0.050170
1 0.042719 0.943814 0.023782 0.050170
4 0.567968 0.645062 0.010276 0.020658
3 0.251762 0.646652 0.007340 0.019296
1 0.041691 0.751078 0.024662 0.050624
5 0.240311 0.826901 0.009689 0.016572
5 0.413829 0.837344 0.009102 0.017026
4 0.245302 0.232577 0.010276 0.021112
1 0.043306 0.454370 0.024369 0.050170
1 0.043600 0.160159 0.023782 0.043814
1 0.043600 0.269807 0.023194 0.043360
3 0.100264 0.838706 0.007927 0.021112
4 0.080299 0.064699 0.009689 0.021793
4 0.070464 0.053348 0.009395 0.019977
4 0.078978 0.451759 0.009395 0.020431
4 0.068702 0.441317 0.009982 0.020431
4 0.078391 0.565267 0.009395 0.020431
4 0.068409 0.554143 0.009395 0.019069
4 0.078391 0.838365 0.009395 0.019977
4 0.067528 0.828377 0.009982 0.019977
4 0.080153 0.940522 0.009982 0.019977
4 0.070317 0.930306 0.009102 0.019523
4 0.077951 0.747560 0.009689 0.019977
4 0.067528 0.737684 0.009395 0.020658
4 0.077217 0.656527 0.009982 0.019523
4 0.067528 0.646311 0.009395 0.019977
4 0.079565 0.160499 0.009395 0.019977
4 0.069877 0.150284 0.009982 0.020431
4 0.078391 0.350057 0.009982 0.020431
4 0.068996 0.339841 0.009982 0.019977
4 0.078978 0.270148 0.009982 0.020431
4 0.069289 0.259932 0.009395 0.019977