6 0.683817 0.950669 0.012606 0.024722
10 0.928027 0.941370 0.014952 0.006124
10 0.835092 0.940463 0.013193 0.005670
9 0.375696 0.945906 0.011434 0.042867
9 0.204046 0.945906 0.012313 0.042413
9 0.561859 0.945679 0.012020 0.043320
10 0.559660 0.859265 0.007622 0.002949
10 0.332161 0.856997 0.007622 0.003856
10 0.367781 0.850193 0.007916 0.004763
10 0.169305 0.845657 0.010847 0.003402
10 0.809880 0.844296 0.011434 0.005670
10 0.139109 0.844069 0.011434 0.005217
9 0.359279 0.840440 0.010847 0.031526
10 0.556288 0.832275 0.007329 0.004309
9 0.916740 0.843162 0.009381 0.042867
9 0.181618 0.827172 0.015538 0.036289
9 0.446350 0.828873 0.009088 0.036970
10 0.680592 0.752892 0.009088 0.002949
10 0.840369 0.753119 0.007329 0.003856
9 0.553943 0.746995 0.014952 0.031526
9 0.575638 0.740077 0.011434 0.024949
10 0.475374 0.726355 0.007916 0.002495
9 0.290091 0.730665 0.007916 0.036970
8 0.327323 0.726809 0.009675 0.031980
7 0.774406 0.642663 0.010847 0.057836
10 0.140281 0.624518 0.010261 0.003402
10 0.784374 0.608641 0.009675 0.005217
10 0.625476 0.606373 0.009675 0.004763
10 0.120932 0.533114 0.016711 0.004763
10 0.512313 0.522000 0.012606 0.002495
10 0.491791 0.521774 0.011434 0.003402
10 0.831281 0.518372 0.007916 0.003402
10 0.802257 0.516557 0.013193 0.002495
10 0.117414 0.439669 0.011434 0.006577
10 0.462181 0.431957 0.011434 0.005217
10 0.134418 0.430370 0.007916 0.002495
10 0.231164 0.429689 0.010261 0.002495
10 0.265172 0.427308 0.009088 0.002722
10 0.163149 0.428102 0.010261 0.005670
10 0.826297 0.426968 0.009088 0.005670
10 0.484462 0.430143 0.023160 0.003402
10 0.407652 0.425834 0.019642 0.004763
10 0.381266 0.424359 0.023160 0.003629
10 0.538991 0.342822 0.010847 0.006124
10 0.865875 0.277501 0.008502 0.005670
7 0.123278 0.254820 0.012606 0.016103
6 0.248754 0.252552 0.012606 0.024722
6 0.147024 0.252325 0.012020 0.025629
9 0.498241 0.178385 0.010261 0.009753
8 0.488273 0.178385 0.007916 0.009753
10 0.348138 0.169313 0.020815 0.002949
10 0.760921 0.154343 0.009088 0.004763
10 0.507622 0.147539 0.007916 0.004763
10 0.679126 0.146405 0.007329 0.004763
10 0.579595 0.140508 0.008209 0.002495
10 0.433451 0.136425 0.007916 0.006577
10 0.391234 0.166024 0.014365 0.003629
9 0.248168 0.139374 0.011434 0.034248
10 0.430812 0.062259 0.007329 0.006124
10 0.037086 0.061238 0.007916 0.006351
10 0.816916 0.056816 0.010261 0.005670
9 0.331428 0.058403 0.014365 0.044228
10 0.902814 0.060218 0.010847 0.004763
12 0.961741 0.976298 0.008502 0.006577
12 0.851950 0.975391 0.008209 0.006577
12 0.946643 0.973463 0.008795 0.005443
12 0.872618 0.972670 0.008502 0.005670
11 0.607446 0.970401 0.005863 0.004309
11 0.913955 0.970288 0.007916 0.005443
12 0.482703 0.955999 0.008502 0.005897
12 0.127529 0.955545 0.008795 0.006351
12 0.127382 0.945452 0.011434 0.005670
12 0.836998 0.952143 0.008795 0.005897
12 0.099824 0.952710 0.009675 0.007031
12 0.099678 0.942050 0.011140 0.008392
11 0.656113 0.952484 0.010554 0.007031
17 0.655233 0.942504 0.011727 0.007938
11 0.462768 0.952710 0.009675 0.007485
17 0.459249 0.942050 0.005570 0.004309
18 0.464233 0.977546 0.007916 0.003629
11 0.290970 0.952484 0.010847 0.007485
18 0.615802 0.950102 0.006157 0.004536
12 0.428467 0.949535 0.009088 0.006577
13 0.256523 0.949195 0.007622 0.005897
12 0.257842 0.938762 0.012020 0.008619
12 0.821313 0.948741 0.008502 0.006351
12 0.341395 0.946587 0.010261 0.006577
12 0.593521 0.946246 0.010261 0.006804
12 0.406186 0.946020 0.009675 0.006804
12 0.232630 0.946020 0.009675 0.006804
11 0.205365 0.942731 0.007916 0.005670
12 0.505717 0.942958 0.008795 0.006577
12 0.506889 0.930370 0.010554 0.008619
11 0.563325 0.942617 0.008502 0.006804
11 0.563618 0.930143 0.010847 0.007258
12 0.528291 0.942617 0.008795 0.006804
12 0.528731 0.929803 0.010847 0.007485
11 0.377602 0.942617 0.009381 0.006804
12 0.379068 0.929236 0.007036 0.004990
12 0.149370 0.942844 0.009675 0.007258
12 0.149370 0.931050 0.010847 0.008619
12 0.319701 0.936267 0.009088 0.005897
12 0.321020 0.922772 0.009968 0.007938
12 0.170478 0.930483 0.007329 0.006577
12 0.169305 0.942731 0.008502 0.005670
13 0.550425 0.855976 0.005570 0.004990
13 0.552770 0.834543 0.010261 0.007485
13 0.341542 0.851213 0.014658 0.006351
13 0.338464 0.834203 0.010847 0.007711
17 0.712108 0.850079 0.009381 0.004536
13 0.730138 0.846110 0.007329 0.004309
13 0.724274 0.823429 0.009675 0.007485
13 0.226327 0.846110 0.009381 0.005670
13 0.239079 0.826945 0.010261 0.006351
12 0.949868 0.843389 0.009381 0.006577
12 0.950601 0.832161 0.012020 0.007711
12 0.409997 0.839306 0.019056 0.003856
13 0.427880 0.819460 0.010261 0.006804
12 0.404280 0.822522 0.008795 0.007485
12 0.920551 0.839873 0.010554 0.006804
13 0.318528 0.837945 0.012020 0.007938
13 0.616095 0.837718 0.011434 0.007938
13 0.533275 0.837378 0.011140 0.007711
12 0.639842 0.834430 0.010847 0.006804
13 0.283788 0.834089 0.010554 0.007485
13 0.572413 0.831027 0.010847 0.007711
13 0.661536 0.831027 0.010847 0.008165
13 0.262533 0.830914 0.011434 0.007938
13 0.362210 0.830574 0.011434 0.007711
13 0.701114 0.828192 0.011434 0.007031
13 0.595427 0.827399 0.010554 0.006804
13 0.510554 0.827512 0.010261 0.007031
13 0.135884 0.827625 0.010261 0.007258
13 0.383319 0.827172 0.010261 0.006804
13 0.098798 0.822749 0.009381 0.007485
13 0.208883 0.822295 0.009675 0.007031
13 0.156113 0.822182 0.008502 0.006804
13 0.748021 0.820708 0.010261 0.007031
13 0.186602 0.819687 0.009675 0.008165
13 0.449868 0.816171 0.010847 0.007485
13 0.769129 0.812543 0.010261 0.007938
12 0.822193 0.810274 0.009675 0.007031
11 0.873351 0.810161 0.009968 0.007258
12 0.791117 0.809027 0.009675 0.007258
13 0.470976 0.808573 0.009675 0.007711
11 0.098358 0.761511 0.009675 0.006577
11 0.098651 0.737582 0.011434 0.007711
12 0.450748 0.754026 0.010847 0.007485
11 0.460862 0.733726 0.007622 0.006804
13 0.470683 0.750964 0.010847 0.007711
11 0.479332 0.732479 0.005277 0.004763
13 0.414395 0.750624 0.010847 0.007938
18 0.841835 0.746655 0.008502 0.003175
13 0.166667 0.747335 0.011434 0.006804
13 0.491205 0.747108 0.010847 0.007258
13 0.395778 0.746995 0.011140 0.007031
13 0.144972 0.744613 0.010261 0.007258
13 0.375989 0.744160 0.011434 0.007258
13 0.283348 0.744160 0.010261 0.007258
13 0.215479 0.744160 0.010554 0.007711
13 0.188654 0.744273 0.012020 0.007938
13 0.511727 0.744046 0.012020 0.007938
13 0.251099 0.740871 0.011434 0.007485
13 0.534447 0.740531 0.009381 0.007258
13 0.347112 0.740304 0.011140 0.007711
13 0.303870 0.740304 0.011434 0.007711
13 0.557608 0.737355 0.011140 0.008165
13 0.324831 0.737242 0.011140 0.007938
13 0.576517 0.733613 0.010261 0.007938
13 0.832747 0.731345 0.011434 0.007938
13 0.737614 0.730778 0.011140 0.007711
13 0.655086 0.730324 0.010261 0.008165
13 0.758868 0.727489 0.011434 0.006577
13 0.596453 0.727036 0.010261 0.005670
13 0.674729 0.726809 0.010847 0.007485
13 0.779244 0.724314 0.010554 0.007485
13 0.695837 0.723747 0.010847 0.007711
13 0.811052 0.721025 0.010847 0.007258
13 0.854881 0.720798 0.011140 0.007258
13 0.717532 0.720458 0.010847 0.006577
13 0.630900 0.720345 0.010554 0.007258
13 0.874230 0.716602 0.009968 0.007938
13 0.964087 0.714675 0.010261 0.008165
13 0.936529 0.714221 0.009088 0.007711
13 0.894313 0.712747 0.009088 0.007485
13 0.915714 0.710365 0.009675 0.007258
13 0.124743 0.672715 0.010261 0.007711
12 0.795808 0.669653 0.010847 0.007938
12 0.794782 0.645271 0.009968 0.006351
12 0.378628 0.668519 0.010261 0.007485
12 0.378042 0.644591 0.009088 0.006804
12 0.771475 0.666024 0.011434 0.007938
12 0.771768 0.641869 0.010847 0.007711
11 0.571094 0.665344 0.010554 0.007485
11 0.570361 0.641302 0.011434 0.007485
13 0.147464 0.665797 0.011140 0.008846
12 0.354002 0.664777 0.011434 0.008165
12 0.353855 0.641302 0.011140 0.007485
12 0.952360 0.663756 0.010847 0.007485
12 0.951481 0.639261 0.009088 0.006577
12 0.531076 0.661941 0.010261 0.007031
12 0.530636 0.637106 0.010554 0.005443
12 0.731310 0.661715 0.010847 0.007485
12 0.731164 0.637900 0.010554 0.006124
12 0.311785 0.661261 0.011434 0.007485
12 0.311052 0.637106 0.009968 0.006351
12 0.925682 0.659447 0.010261 0.007031
12 0.926854 0.635972 0.010261 0.007258
12 0.287746 0.657972 0.011434 0.006351
12 0.287892 0.634498 0.010554 0.007485
12 0.704632 0.658199 0.011434 0.007258
12 0.705218 0.634838 0.010261 0.007711
12 0.504984 0.657972 0.010847 0.007258
12 0.504984 0.634498 0.010847 0.007485
12 0.630460 0.657972 0.010847 0.007711
12 0.630753 0.634724 0.011434 0.007485
13 0.167253 0.657632 0.010847 0.007031
11 0.888303 0.655591 0.011727 0.007485
11 0.887863 0.632116 0.009675 0.006804
12 0.824538 0.655477 0.012020 0.007711
12 0.824099 0.631663 0.009968 0.006351
12 0.847405 0.655364 0.012020 0.007938
12 0.847552 0.632116 0.009968 0.006351
11 0.670918 0.654910 0.012020 0.007938
11 0.669452 0.631209 0.010261 0.005897
11 0.470683 0.654797 0.011434 0.007711
12 0.469217 0.631209 0.009675 0.007258
12 0.431692 0.654570 0.012020 0.007258
12 0.430959 0.630755 0.010554 0.006804
12 0.406332 0.654570 0.011727 0.007258
12 0.405453 0.630869 0.009968 0.006124
11 0.251686 0.654684 0.012020 0.007485
11 0.251099 0.630869 0.010847 0.006577
12 0.214746 0.654684 0.012020 0.007485
12 0.213574 0.630982 0.009675 0.006351
12 0.189534 0.654457 0.011434 0.007031
12 0.188068 0.631209 0.010261 0.006804
12 0.604222 0.648333 0.011140 0.007938
12 0.603635 0.624745 0.009968 0.007031
13 0.098945 0.641075 0.010261 0.007031
13 0.098945 0.648106 0.010261 0.007031
18 0.271621 0.584713 0.009088 0.004536
13 0.960862 0.565548 0.010847 0.007485
13 0.909264 0.565434 0.010847 0.007711
13 0.832014 0.564867 0.011140 0.007031
13 0.807095 0.564867 0.010554 0.007031
13 0.363237 0.564754 0.010554 0.006804
12 0.131193 0.564981 0.009675 0.007258
13 0.690560 0.564641 0.010847 0.007031
13 0.240399 0.564641 0.009968 0.007031
13 0.742304 0.564414 0.010554 0.007031
13 0.583700 0.564527 0.010554 0.007258
13 0.519349 0.564414 0.010847 0.007031
13 0.636470 0.564300 0.010554 0.007258
13 0.468631 0.564300 0.011434 0.007258
13 0.389329 0.564414 0.011140 0.007485
13 0.158458 0.564300 0.010261 0.007258
12 0.293462 0.564187 0.010554 0.007485
13 0.182498 0.555001 0.010847 0.005897
13 0.181618 0.547857 0.010847 0.007031
13 0.610525 0.550692 0.011434 0.006804
13 0.610525 0.557496 0.011434 0.006804
13 0.883026 0.549104 0.011140 0.005897
13 0.883465 0.541279 0.010847 0.007485
13 0.858546 0.548083 0.012606 0.007485
13 0.857813 0.537537 0.009968 0.007258
13 0.716652 0.548197 0.012606 0.007711
13 0.715479 0.537310 0.010261 0.007711
13 0.663295 0.548083 0.011434 0.007485
13 0.662709 0.537310 0.010261 0.007711
13 0.443272 0.548083 0.009968 0.007485
13 0.443418 0.539351 0.010261 0.006351
13 0.780416 0.548083 0.011140 0.007938
13 0.779390 0.537197 0.010261 0.007031
13 0.098358 0.547630 0.010847 0.007031
13 0.098358 0.554661 0.010847 0.007031
13 0.560246 0.547290 0.011727 0.007258
13 0.560246 0.554548 0.011727 0.007258
11 0.214453 0.544795 0.008502 0.005443
12 0.215333 0.526763 0.011434 0.007485
13 0.935649 0.544568 0.010847 0.006804
13 0.935649 0.551372 0.010847 0.006804
13 0.494430 0.543661 0.011434 0.006804
13 0.494430 0.550465 0.011434 0.006804
13 0.415567 0.543661 0.010847 0.007711
17 0.268690 0.540939 0.012606 0.008165
13 0.337584 0.537083 0.010847 0.006804
13 0.337584 0.543888 0.010847 0.006804
13 0.098945 0.480381 0.010261 0.007258
13 0.959836 0.472896 0.011140 0.007258
13 0.910144 0.472556 0.010847 0.007031
13 0.831574 0.472329 0.010847 0.007031
13 0.363383 0.472329 0.010261 0.007031
13 0.129727 0.472216 0.010847 0.006804
17 0.138229 0.435019 0.006157 0.005443
13 0.390208 0.472103 0.009968 0.007031
13 0.806362 0.472103 0.011434 0.007485
13 0.583260 0.471876 0.010261 0.007031
13 0.291557 0.471989 0.010847 0.007258
13 0.689241 0.471762 0.011140 0.007258
13 0.637057 0.471649 0.011140 0.007031
13 0.466432 0.471876 0.009968 0.007485
13 0.238786 0.471762 0.010847 0.007258
13 0.742451 0.471649 0.012020 0.007485
13 0.517297 0.471649 0.010847 0.007485
13 0.558634 0.462236 0.010261 0.007258
13 0.558927 0.454752 0.010847 0.007258
13 0.157432 0.462350 0.011140 0.007485
13 0.609645 0.458154 0.011434 0.006351
13 0.609645 0.464504 0.011434 0.006351
13 0.884785 0.456226 0.011727 0.006577
13 0.884052 0.448401 0.009088 0.006804
13 0.858399 0.455886 0.011727 0.007258
13 0.857666 0.444999 0.009088 0.006351
13 0.715479 0.455886 0.012020 0.007258
13 0.714600 0.445112 0.010261 0.007485
13 0.780563 0.455772 0.010847 0.007485
13 0.779390 0.445112 0.009675 0.007031
13 0.441513 0.455659 0.010554 0.007258
13 0.441659 0.447721 0.010847 0.007258
13 0.663588 0.455545 0.011434 0.007485
13 0.663588 0.444318 0.010261 0.006804
13 0.935943 0.452710 0.010847 0.006351
13 0.935943 0.459061 0.010847 0.006351
13 0.492378 0.451123 0.010261 0.006804
13 0.492378 0.457927 0.010261 0.006804
13 0.181911 0.448855 0.010847 0.007711
13 0.211815 0.445679 0.010847 0.006804
13 0.211815 0.452484 0.010847 0.006804
13 0.336118 0.444999 0.010847 0.006804
13 0.336118 0.451803 0.010847 0.006804
13 0.266931 0.445112 0.010847 0.007031
13 0.266931 0.452143 0.010847 0.007031
13 0.414688 0.444772 0.012020 0.006804
13 0.414688 0.451576 0.012020 0.006804
17 0.099531 0.375936 0.012020 0.007485
11 0.162562 0.375822 0.010261 0.007711
12 0.809000 0.372193 0.010847 0.007258
12 0.389182 0.371513 0.010847 0.007258
12 0.784960 0.368564 0.010847 0.008165
12 0.362943 0.367997 0.009968 0.007031
11 0.584140 0.367770 0.011434 0.007485
12 0.540751 0.365389 0.010261 0.007258
12 0.958223 0.365389 0.010261 0.007711
12 0.742451 0.364709 0.010261 0.007711
12 0.323805 0.364142 0.011434 0.007485
12 0.934477 0.360626 0.010847 0.007258
12 0.516124 0.359605 0.011434 0.007485
12 0.299472 0.359492 0.010847 0.007258
12 0.719584 0.359379 0.011434 0.007485
12 0.643653 0.359379 0.010847 0.007485
11 0.900176 0.356997 0.011434 0.008165
12 0.858839 0.356657 0.012020 0.007485
12 0.222955 0.356657 0.011434 0.007485
12 0.198476 0.356770 0.011727 0.007711
12 0.834799 0.356657 0.012020 0.007938
11 0.264878 0.356543 0.010847 0.007711
11 0.681911 0.356430 0.011140 0.007938
11 0.482556 0.356430 0.011140 0.007938
12 0.439900 0.356430 0.011434 0.007938
12 0.415274 0.356317 0.011434 0.007711
12 0.619906 0.349512 0.010261 0.007711
12 0.098651 0.286573 0.009675 0.006577
11 0.647171 0.286913 0.010261 0.007711
17 0.592348 0.286573 0.012020 0.007485
12 0.954119 0.283624 0.010847 0.007485
12 0.549839 0.282604 0.010261 0.007711
12 0.929933 0.278635 0.010554 0.007485
12 0.526678 0.278861 0.010847 0.008392
12 0.844914 0.276140 0.011140 0.007938
12 0.441659 0.275800 0.010847 0.007258
13 0.907652 0.275686 0.011140 0.007938
13 0.867927 0.275573 0.010847 0.007711
13 0.468924 0.275573 0.010261 0.007711
13 0.509088 0.275459 0.010847 0.007938
12 0.309293 0.271037 0.011140 0.007258
13 0.888742 0.270696 0.011434 0.007031
13 0.489739 0.270923 0.010847 0.007485
12 0.401202 0.270810 0.010847 0.007258
12 0.704485 0.270469 0.011140 0.007485
12 0.800205 0.270356 0.011434 0.007711
12 0.378042 0.267748 0.010261 0.007938
12 0.775286 0.267294 0.010847 0.007938
11 0.347992 0.264119 0.011140 0.007031
11 0.742744 0.263552 0.011434 0.006804
12 0.286573 0.260830 0.011434 0.007711
12 0.678540 0.260717 0.010847 0.007938
13 0.912929 0.188818 0.009968 0.007485
13 0.770742 0.188592 0.011140 0.007485
13 0.891088 0.185189 0.010847 0.008392
13 0.868660 0.181560 0.010554 0.007485
17 0.883465 0.160581 0.016711 0.009072
13 0.792143 0.184849 0.011140 0.008165
17 0.804163 0.161034 0.015245 0.005897
18 0.788039 0.155137 0.010554 0.003175
13 0.824538 0.182354 0.012606 0.007711
13 0.688948 0.181901 0.011727 0.007258
12 0.847992 0.177251 0.010261 0.007031
11 0.856787 0.158653 0.006743 0.006124
13 0.711082 0.177024 0.010847 0.007485
13 0.745969 0.173622 0.011434 0.007485
13 0.616828 0.169766 0.011140 0.006577
13 0.638376 0.166931 0.010847 0.008165
13 0.546028 0.163416 0.011434 0.007031
13 0.659777 0.163189 0.011434 0.007031
13 0.567136 0.160240 0.011434 0.007938
13 0.596159 0.156952 0.010847 0.006804
13 0.465113 0.156725 0.010261 0.007711
13 0.486221 0.153663 0.011434 0.007938
13 0.505570 0.150034 0.010261 0.007485
13 0.387570 0.146859 0.011727 0.007938
13 0.409411 0.143457 0.012020 0.007485
13 0.292729 0.138240 0.009675 0.007485
13 0.431692 0.137673 0.009675 0.007711
13 0.331721 0.135632 0.010261 0.008619
13 0.226473 0.130755 0.010847 0.007485
13 0.362797 0.130755 0.010261 0.007938
13 0.248754 0.127920 0.009675 0.007258
13 0.271328 0.124291 0.011434 0.007711
18 0.139549 0.121116 0.009968 0.006804
18 0.172823 0.118054 0.010261 0.007485
18 0.194957 0.114312 0.010554 0.007258
18 0.109645 0.114312 0.010554 0.007711
13 0.591469 0.091404 0.010261 0.007258
13 0.672090 0.090724 0.010847 0.008165
13 0.227206 0.090043 0.009968 0.007711
17 0.241132 0.062486 0.015538 0.006124
13 0.152155 0.089930 0.009968 0.007485
13 0.615802 0.086641 0.010847 0.007711
13 0.173410 0.086074 0.011434 0.007938
13 0.172237 0.066228 0.011434 0.005443
13 0.696717 0.083239 0.010847 0.007711
13 0.649223 0.083125 0.010847 0.007485
13 0.250513 0.082445 0.010847 0.007938
13 0.203899 0.082218 0.011434 0.007485
13 0.283201 0.077909 0.010554 0.007485
13 0.281003 0.056929 0.012020 0.006351
13 0.718411 0.075641 0.011434 0.007938
13 0.322046 0.074847 0.010847 0.007711
13 0.762533 0.071672 0.007622 0.006804
13 0.786719 0.065208 0.010261 0.005670
13 0.346673 0.064641 0.010847 0.006351
13 0.816036 0.058857 0.010261 0.007485
13 0.379214 0.058176 0.010261 0.007485
12 0.400176 0.051486 0.011727 0.007711
13 0.846379 0.048650 0.009968 0.008392
13 0.869686 0.040939 0.009088 0.007485
13 0.425828 0.040826 0.010261 0.008165
13 0.898710 0.034929 0.010847 0.008165
13 0.458956 0.033341 0.009675 0.007711
13 0.481237 0.025743 0.010261 0.007938
13 0.931838 0.024722 0.009088 0.007711
12 0.959689 0.019506 0.009675 0.007711
18 0.512899 0.018598 0.010847 0.007711
18 0.552477 0.016217 0.010261 0.007485
12 0.111551 0.015310 0.010261 0.007485
4 0.500293 0.019506 0.010261 0.021320
4 0.947669 0.021207 0.010261 0.021547
3 0.367927 0.058176 0.008209 0.020640
1 0.032835 0.061919 0.025799 0.050805
3 0.804749 0.058857 0.008209 0.021093
3 0.921577 0.025062 0.007329 0.021093
4 0.271328 0.077795 0.011434 0.021774
3 0.888156 0.035722 0.008502 0.021547
3 0.446936 0.033227 0.007916 0.022000
3 0.813105 0.182014 0.007329 0.021547
3 0.161976 0.117827 0.007329 0.021547
3 0.431105 0.275459 0.008502 0.021093
4 0.061712 0.534702 0.011434 0.021093
3 0.637496 0.084259 0.007329 0.021547
3 0.584140 0.156611 0.007916 0.020640
3 0.677367 0.181560 0.007916 0.021093
3 0.352389 0.131436 0.008209 0.022000
3 0.215773 0.131889 0.008209 0.021547
3 0.836118 0.048650 0.008795 0.020640
1 0.031516 0.254706 0.024333 0.051712
3 0.192759 0.082899 0.007916 0.021547
1 0.032982 0.548424 0.025506 0.051259
1 0.031809 0.156725 0.025506 0.044455
4 0.127089 0.121456 0.010261 0.022000
4 0.062592 0.723633 0.010847 0.021547
4 0.061712 0.441937 0.010847 0.021547
4 0.061712 0.627920 0.010847 0.021547
1 0.030636 0.343842 0.025506 0.051259
1 0.033568 0.738263 0.025506 0.051712
4 0.271328 0.744160 0.010847 0.021774
1 0.032688 0.455659 0.025506 0.050805
1 0.034008 0.953051 0.025799 0.050352
4 0.204779 0.744273 0.010261 0.021547
1 0.033861 0.844863 0.025506 0.050805
3 0.417619 0.938875 0.007916 0.021547
4 0.123864 0.827966 0.010847 0.021547
3 0.246848 0.939102 0.007622 0.021093
1 0.032688 0.641642 0.025506 0.050805
3 0.454559 0.156838 0.007916 0.020640
4 0.061419 0.330347 0.010847 0.021547
4 0.061419 0.240758 0.011434 0.021093
3 0.938581 0.835223 0.007916 0.017464
4 0.062592 0.938648 0.010847 0.020640
3 0.174289 0.820934 0.007329 0.020640
5 0.951774 0.710479 0.009088 0.017464
3 0.365729 0.744273 0.007329 0.022000
4 0.062298 0.830687 0.010847 0.021547
4 0.863237 0.973804 0.008502 0.014289
3 0.947816 0.157632 0.007622 0.019959
4 0.958077 0.147312 0.010554 0.021547
4 0.070947 0.156498 0.010554 0.020866
4 0.060539 0.146518 0.010261 0.020866
4 0.071826 0.057836 0.010554 0.020413
4 0.062005 0.047630 0.010261 0.020866
3 0.753005 0.071785 0.008502 0.021547
3 0.833920 0.275346 0.008502 0.021320
3 0.605541 0.939329 0.008502 0.021547