10 0.328601 0.929640 0.007904 0.006571
9 0.686329 0.929640 0.005562 0.031498
7 0.928132 0.930093 0.017272 0.024700
10 0.928718 0.862565 0.007319 0.003852
10 0.838261 0.855994 0.007904 0.005665
10 0.302693 0.836053 0.007611 0.003399
10 0.377781 0.761047 0.010831 0.005212
10 0.522687 0.759914 0.024297 0.006571
10 0.185158 0.757761 0.007319 0.005438
10 0.119584 0.756968 0.008489 0.004759
9 0.543179 0.776683 0.016101 0.030138
10 0.337383 0.755382 0.009660 0.005212
10 0.801376 0.748584 0.020785 0.003399
9 0.681060 0.760367 0.014344 0.032857
7 0.717945 0.747677 0.016686 0.014729
9 0.253952 0.752889 0.012588 0.034217
9 0.330357 0.746998 0.008489 0.030138
9 0.350849 0.750850 0.013173 0.030138
9 0.303132 0.746998 0.010246 0.030138
10 0.879537 0.688081 0.007904 0.003399
9 0.201552 0.685135 0.013759 0.014729
10 0.777664 0.673125 0.010246 0.005665
9 0.716774 0.682642 0.014930 0.034217
9 0.789959 0.685135 0.009075 0.039656
10 0.551083 0.668593 0.009075 0.006118
9 0.542301 0.683549 0.012588 0.043281
7 0.866657 0.671312 0.017272 0.025153
9 0.188671 0.670406 0.009075 0.035123
9 0.904567 0.673805 0.008782 0.042375
10 0.330504 0.652731 0.008197 0.003852
10 0.733167 0.611262 0.010831 0.004759
8 0.723653 0.596986 0.005855 0.023340
10 0.126025 0.588375 0.009075 0.004759
9 0.457260 0.597893 0.009368 0.032857
10 0.529420 0.582937 0.014930 0.004305
8 0.753367 0.590868 0.007319 0.023340
10 0.869877 0.581804 0.008489 0.003852
10 0.784397 0.575685 0.008489 0.004759
9 0.842945 0.574552 0.010831 0.031951
10 0.239900 0.520394 0.007904 0.003399
10 0.599385 0.501360 0.010246 0.005665
10 0.484631 0.497961 0.010246 0.002493
10 0.222922 0.497054 0.007904 0.004759
10 0.299327 0.496374 0.007319 0.003852
10 0.875146 0.495695 0.007904 0.002946
10 0.520931 0.495921 0.007904 0.005212
10 0.598214 0.495241 0.017272 0.005212
9 0.236973 0.504079 0.011417 0.035123
10 0.238437 0.489576 0.009660 0.004305
9 0.470872 0.488217 0.014344 0.037390
10 0.476142 0.407772 0.007319 0.006118
10 0.923156 0.388285 0.007904 0.003399
10 0.349093 0.381033 0.010831 0.002946
10 0.447160 0.377408 0.013759 0.006118
9 0.543179 0.386245 0.009075 0.027872
10 0.351434 0.312599 0.010246 0.005665
10 0.157641 0.295377 0.009075 0.003399
9 0.472043 0.306254 0.011417 0.033311
9 0.262881 0.300023 0.013466 0.026739
10 0.573331 0.236007 0.013173 0.005665
9 0.834163 0.239633 0.007904 0.031951
9 0.454479 0.228756 0.010831 0.037843
10 0.287763 0.226037 0.009953 0.006118
10 0.338700 0.224111 0.008782 0.003172
10 0.918472 0.223771 0.008489 0.003399
10 0.475263 0.225130 0.007319 0.006118
9 0.381733 0.232722 0.010539 0.036257
9 0.506733 0.221165 0.012295 0.048040
9 0.607582 0.217539 0.010246 0.040789
9 0.564988 0.214253 0.011710 0.050986
10 0.734046 0.130184 0.007904 0.004305
10 0.406177 0.120213 0.009075 0.003399
10 0.234631 0.049966 0.007319 0.003399
10 0.724093 0.048833 0.007319 0.004759
10 0.811768 0.045774 0.009368 0.002719
6 0.140076 0.026399 0.012002 0.024700
13 0.481118 0.968389 0.010831 0.007478
13 0.507465 0.965670 0.009660 0.007931
12 0.935744 0.962044 0.010246 0.007478
13 0.536153 0.961817 0.010831 0.007478
12 0.232728 0.960458 0.009953 0.007478
13 0.583138 0.957738 0.009953 0.007931
13 0.314549 0.957852 0.010246 0.008158
13 0.283372 0.957059 0.009953 0.008384
13 0.552254 0.956379 0.010246 0.008384
13 0.603484 0.954793 0.011417 0.007478
13 0.333285 0.954339 0.010831 0.007478
13 0.372804 0.953660 0.010246 0.007478
13 0.632026 0.951394 0.009953 0.007025
13 0.395053 0.951167 0.011417 0.007025
13 0.355533 0.951167 0.010831 0.007025
12 0.785714 0.950827 0.009368 0.007705
13 0.415544 0.947768 0.011417 0.007478
13 0.648712 0.947768 0.009953 0.007931
13 0.443648 0.943576 0.010246 0.005892
13 0.887441 0.941083 0.010246 0.007705
13 0.184865 0.940743 0.010246 0.007478
12 0.906470 0.938251 0.010831 0.007025
13 0.858899 0.937797 0.010539 0.006571
12 0.118706 0.937911 0.010246 0.007251
12 0.831528 0.937797 0.010831 0.007478
12 0.204772 0.937571 0.010246 0.007025
13 0.153835 0.937571 0.011417 0.007478
13 0.734338 0.924201 0.009660 0.007025
12 0.690720 0.921369 0.010246 0.007251
17 0.758050 0.921255 0.011417 0.007478
13 0.716042 0.921029 0.011124 0.007478
12 0.367242 0.875255 0.011417 0.007478
13 0.416130 0.871743 0.009660 0.007705
13 0.442769 0.871289 0.009075 0.008158
11 0.451844 0.848856 0.006148 0.007251
13 0.505416 0.867777 0.010246 0.007931
13 0.463847 0.867437 0.010246 0.007705
11 0.927547 0.865284 0.009075 0.007025
12 0.218530 0.864718 0.009075 0.007251
13 0.524151 0.864265 0.010246 0.007251
13 0.483753 0.864265 0.010246 0.007705
13 0.552840 0.860866 0.010246 0.007705
13 0.578015 0.857353 0.010246 0.006118
13 0.621048 0.857127 0.010831 0.006118
13 0.319233 0.854634 0.011417 0.007478
13 0.647395 0.854181 0.009660 0.007478
13 0.291130 0.851575 0.010246 0.006798
12 0.264491 0.851235 0.010831 0.006571
12 0.339432 0.851235 0.010831 0.007025
13 0.675937 0.850668 0.010539 0.006345
13 0.692769 0.847609 0.010246 0.007478
13 0.720580 0.843984 0.010831 0.007478
13 0.739315 0.840811 0.010831 0.007931
13 0.758636 0.837639 0.010831 0.007025
13 0.171985 0.837752 0.009660 0.007251
13 0.873975 0.837865 0.010831 0.007931
17 0.899883 0.835033 0.009953 0.007251
12 0.125000 0.834693 0.011710 0.007478
13 0.854947 0.834466 0.009660 0.007478
17 0.194087 0.834693 0.011710 0.007931
13 0.153689 0.834466 0.010539 0.007931
12 0.825381 0.834240 0.011417 0.007931
13 0.786153 0.827555 0.010246 0.007705
12 0.501025 0.789599 0.010246 0.007931
12 0.446868 0.782688 0.010831 0.007705
13 0.605972 0.781781 0.010539 0.007705
13 0.532348 0.781668 0.011417 0.007931
17 0.544643 0.757308 0.010246 0.003626
12 0.397395 0.779062 0.010246 0.007251
13 0.697892 0.778835 0.010539 0.007251
13 0.551961 0.778722 0.010246 0.007478
13 0.637295 0.778495 0.009953 0.007478
13 0.588115 0.775323 0.011124 0.007478
11 0.474239 0.775436 0.010539 0.007705
12 0.473068 0.757761 0.008197 0.004079
13 0.655445 0.775096 0.011124 0.007931
13 0.678571 0.771471 0.010539 0.006571
13 0.809280 0.768751 0.010246 0.007931
13 0.728776 0.768412 0.010831 0.007705
13 0.142418 0.765806 0.010246 0.006571
13 0.827430 0.765806 0.010246 0.007025
13 0.746048 0.765466 0.010246 0.006798
13 0.845433 0.762407 0.011124 0.007478
13 0.782055 0.762180 0.010831 0.007478
13 0.163349 0.762180 0.011124 0.007478
13 0.118999 0.759121 0.010246 0.005892
13 0.874561 0.759007 0.009660 0.007025
13 0.182084 0.758554 0.009953 0.006571
13 0.900615 0.756288 0.010831 0.007478
13 0.203601 0.755608 0.010831 0.007478
13 0.919204 0.752776 0.008197 0.006798
13 0.223946 0.751983 0.009953 0.006571
13 0.244731 0.748924 0.011710 0.007705
13 0.938232 0.742805 0.009368 0.007705
13 0.351288 0.741559 0.009368 0.007478
13 0.263027 0.741672 0.010246 0.007705
12 0.373975 0.738953 0.010831 0.007705
13 0.333577 0.738160 0.009660 0.008384
12 0.304596 0.737820 0.010246 0.007705
12 0.757758 0.701903 0.010831 0.007478
13 0.520931 0.701677 0.010246 0.007478
11 0.529859 0.668479 0.008197 0.006345
12 0.670228 0.698504 0.010246 0.007478
13 0.537617 0.698504 0.009660 0.007478
13 0.845287 0.695445 0.011417 0.007705
13 0.782348 0.695105 0.010831 0.007478
12 0.705943 0.694879 0.010246 0.007478
13 0.628367 0.694765 0.010831 0.007705
13 0.554742 0.694426 0.011124 0.007478
13 0.798448 0.691820 0.010246 0.007251
12 0.587676 0.691820 0.010246 0.007251
13 0.436915 0.691706 0.010831 0.007025
12 0.646516 0.691366 0.009660 0.007251
13 0.610217 0.691593 0.010831 0.007705
13 0.861680 0.688760 0.011417 0.007025
13 0.914081 0.688874 0.010831 0.007705
13 0.453015 0.688421 0.010246 0.007705
13 0.828015 0.688307 0.009660 0.007931
12 0.731118 0.688081 0.010246 0.007478
13 0.879245 0.685248 0.010246 0.007251
13 0.468823 0.684568 0.010246 0.006345
13 0.897102 0.682416 0.010831 0.007478
13 0.495463 0.681622 0.010831 0.007705
13 0.336505 0.681622 0.010246 0.007705
13 0.929742 0.678790 0.010539 0.006571
13 0.354655 0.678337 0.010246 0.006118
13 0.381001 0.677884 0.009075 0.006118
13 0.946575 0.675844 0.011417 0.007931
12 0.284397 0.675391 0.011417 0.007931
13 0.412324 0.675164 0.010831 0.007931
13 0.310451 0.672105 0.009660 0.006798
12 0.219116 0.668706 0.010831 0.007705
12 0.260100 0.665420 0.009660 0.007478
13 0.170814 0.661795 0.011417 0.007931
12 0.192184 0.658736 0.010831 0.007705
12 0.119877 0.658509 0.011417 0.007705
13 0.153249 0.658396 0.011417 0.008384
13 0.136856 0.619533 0.009660 0.008611
13 0.112559 0.615794 0.010246 0.007478
12 0.497219 0.615454 0.010246 0.007705
13 0.209748 0.615114 0.010246 0.007478
13 0.178718 0.614661 0.011417 0.007931
13 0.150615 0.614661 0.010831 0.007931
12 0.408665 0.612735 0.009953 0.007251
13 0.225263 0.611149 0.009660 0.007705
13 0.195989 0.610582 0.009660 0.008384
12 0.449502 0.608996 0.009660 0.007478
13 0.578308 0.608770 0.010831 0.007478
13 0.518882 0.608430 0.010246 0.007705
13 0.370170 0.608090 0.010246 0.007931
13 0.250000 0.607863 0.009953 0.007478
13 0.352752 0.605484 0.009953 0.007705
12 0.329040 0.605144 0.009953 0.007025
13 0.535275 0.605144 0.010246 0.007478
12 0.387734 0.605144 0.010246 0.007478
12 0.474093 0.601745 0.010831 0.007478
13 0.593823 0.601292 0.010246 0.007478
13 0.563378 0.601292 0.011417 0.007931
13 0.643589 0.601065 0.010246 0.007931
13 0.610802 0.597893 0.010246 0.007025
13 0.628220 0.594494 0.009953 0.008384
13 0.721458 0.591321 0.010246 0.007025
13 0.659543 0.590868 0.010539 0.006571
13 0.676961 0.588035 0.010831 0.007705
13 0.736973 0.587695 0.010246 0.007931
13 0.752196 0.584636 0.009075 0.006798
13 0.706528 0.584410 0.010246 0.006798
13 0.769760 0.581464 0.011417 0.007705
13 0.783958 0.577952 0.009368 0.007025
12 0.935451 0.575119 0.010246 0.007705
13 0.800059 0.574552 0.009368 0.007478
13 0.895638 0.568547 0.011417 0.008158
13 0.816891 0.568094 0.010831 0.007705
12 0.911739 0.564695 0.009660 0.006798
13 0.868121 0.564355 0.010246 0.007478
12 0.844701 0.564242 0.010246 0.007251
13 0.944819 0.522547 0.010831 0.007705
13 0.330796 0.517335 0.006440 0.005438
13 0.332553 0.481872 0.008197 0.007025
13 0.917886 0.515636 0.010831 0.007478
18 0.922863 0.489236 0.005562 0.004532
13 0.114022 0.515749 0.010831 0.007705
13 0.904713 0.508951 0.011417 0.007705
13 0.183109 0.508838 0.010831 0.007478
13 0.132026 0.506005 0.010539 0.007251
13 0.890662 0.505325 0.010246 0.006345
13 0.205943 0.506005 0.009660 0.007705
13 0.261856 0.502493 0.009075 0.007025
13 0.222336 0.499320 0.009660 0.007025
13 0.298156 0.499207 0.009075 0.007251
13 0.157348 0.498754 0.009660 0.006345
13 0.873975 0.498980 0.008489 0.007251
13 0.353191 0.495695 0.011417 0.007931
13 0.237998 0.492182 0.009368 0.006345
13 0.847336 0.492182 0.010246 0.007251
13 0.371487 0.492409 0.009368 0.007705
13 0.315427 0.492295 0.009660 0.007931
13 0.442623 0.485497 0.009953 0.007931
13 0.828601 0.485044 0.010246 0.007478
13 0.470872 0.482552 0.010246 0.007478
13 0.390222 0.482212 0.009368 0.007251
13 0.812061 0.481192 0.008782 0.007478
13 0.539959 0.478359 0.010246 0.007705
13 0.417301 0.475640 0.010831 0.007705
13 0.496633 0.475300 0.010246 0.007478
13 0.559573 0.475300 0.010831 0.007931
13 0.783811 0.475074 0.010831 0.007931
13 0.618267 0.472581 0.009368 0.007478
13 0.757611 0.468729 0.011124 0.007931
13 0.646956 0.468729 0.009953 0.007931
13 0.575966 0.468502 0.009660 0.007931
13 0.515808 0.468502 0.009368 0.007931
18 0.740340 0.461817 0.009953 0.007705
12 0.662471 0.458645 0.009368 0.007251
12 0.591774 0.458532 0.009075 0.007478
12 0.724824 0.457852 0.010539 0.007478
12 0.708577 0.454793 0.009660 0.007705
18 0.693062 0.451620 0.010246 0.007705
13 0.751464 0.413211 0.009953 0.007478
12 0.557231 0.412984 0.010246 0.007931
12 0.451844 0.413211 0.010246 0.008384
13 0.676083 0.412305 0.009075 0.007931
12 0.333285 0.412078 0.009660 0.008384
12 0.201844 0.411738 0.009075 0.008158
13 0.787178 0.409132 0.009953 0.007478
13 0.597043 0.409245 0.009660 0.007705
13 0.696429 0.409019 0.009953 0.007705
12 0.477020 0.408566 0.010831 0.007251
12 0.113876 0.408566 0.011124 0.007251
12 0.246194 0.408452 0.009953 0.007478
12 0.357728 0.407999 0.010539 0.007478
13 0.867389 0.405733 0.009368 0.008384
13 0.885392 0.402334 0.010246 0.007931
13 0.819526 0.402334 0.010831 0.007931
13 0.714286 0.402107 0.011710 0.007478
13 0.626903 0.401881 0.010831 0.007478
12 0.278396 0.401994 0.011124 0.007705
12 0.511563 0.401768 0.010831 0.007705
12 0.151932 0.401768 0.011124 0.008158
12 0.381879 0.400974 0.010246 0.007025
13 0.947453 0.399162 0.010246 0.007478
13 0.902664 0.395763 0.010831 0.007931
13 0.837676 0.395423 0.010831 0.007705
12 0.425644 0.395309 0.011124 0.007931
12 0.301669 0.395196 0.011417 0.007705
12 0.174327 0.395083 0.010831 0.007478
13 0.734924 0.395083 0.011417 0.007931
12 0.536153 0.395083 0.010831 0.007931
13 0.645931 0.394743 0.011417 0.007705
13 0.921985 0.385905 0.010831 0.006345
12 0.936329 0.332200 0.009660 0.007705
12 0.856996 0.327895 0.010246 0.007705
12 0.696575 0.327895 0.010246 0.007705
12 0.601727 0.327668 0.010246 0.007705
12 0.762149 0.326988 0.010246 0.007251
17 0.804303 0.324156 0.011417 0.007931
17 0.643735 0.324269 0.011124 0.008158
12 0.885978 0.321550 0.010831 0.007705
12 0.560451 0.321097 0.009660 0.007705
12 0.723507 0.320757 0.011417 0.007931
12 0.510685 0.317131 0.007319 0.006118
12 0.390808 0.317811 0.009953 0.007478
12 0.481265 0.317584 0.009368 0.007478
12 0.532494 0.317358 0.009953 0.007478
11 0.520345 0.313959 0.006733 0.005212
12 0.909543 0.314299 0.010539 0.008158
12 0.581821 0.314185 0.010246 0.007931
12 0.463847 0.314185 0.010831 0.007931
12 0.742096 0.313732 0.011124 0.007931
11 0.434133 0.311126 0.009953 0.007251
12 0.352898 0.310673 0.010246 0.006798
12 0.303718 0.308294 0.006733 0.005212
12 0.188671 0.307954 0.010831 0.007705
12 0.274737 0.307840 0.010831 0.007931
12 0.323624 0.307387 0.011417 0.007931
13 0.312207 0.304555 0.006148 0.004985
12 0.372804 0.304102 0.010246 0.006345
12 0.258050 0.304328 0.010246 0.006798
11 0.228191 0.301156 0.011417 0.007705
12 0.157787 0.297983 0.008782 0.007251
11 0.110070 0.295037 0.007026 0.004985
12 0.133636 0.294584 0.009660 0.007705
12 0.118999 0.291185 0.006733 0.005438
12 0.174327 0.291298 0.009075 0.007478
17 0.254245 0.259007 0.012588 0.004079
12 0.269028 0.223884 0.010539 0.007705
12 0.249561 0.240313 0.009075 0.006571
12 0.148419 0.247111 0.010539 0.007025
12 0.109924 0.244052 0.007319 0.005438
12 0.132172 0.243938 0.009660 0.007931
12 0.119438 0.240653 0.006440 0.005892
11 0.207406 0.237367 0.006733 0.005212
12 0.231704 0.237140 0.010831 0.007478
11 0.217359 0.234081 0.006733 0.005892
12 0.180474 0.234081 0.010246 0.006345
12 0.165984 0.230909 0.010539 0.007251
12 0.364900 0.230455 0.011417 0.007705
12 0.939842 0.229776 0.011417 0.007705
12 0.841042 0.229549 0.011710 0.007705
12 0.315720 0.227850 0.006733 0.005665
12 0.337529 0.227056 0.009368 0.006798
12 0.325234 0.223771 0.006440 0.004759
12 0.287617 0.227170 0.010246 0.007025
12 0.917594 0.226717 0.009075 0.007025
12 0.474239 0.226603 0.009953 0.006798
11 0.431792 0.223884 0.007026 0.004985
12 0.404420 0.223657 0.010246 0.007705
12 0.456528 0.223431 0.010246 0.007705
13 0.801815 0.222864 0.009953 0.007478
11 0.880708 0.222751 0.010831 0.007705
12 0.442037 0.220938 0.007026 0.005438
12 0.750439 0.220258 0.006733 0.005892
12 0.384514 0.220258 0.010246 0.007251
12 0.775322 0.219692 0.010831 0.007478
12 0.636270 0.219918 0.011417 0.007931
12 0.724385 0.219352 0.010831 0.008158
12 0.760978 0.216293 0.007904 0.005212
12 0.824502 0.215953 0.010831 0.007705
12 0.705064 0.215953 0.010831 0.007705
11 0.675644 0.212894 0.010539 0.007931
12 0.593091 0.209948 0.010539 0.007931
12 0.542008 0.207795 0.006733 0.005892
12 0.565720 0.206322 0.008489 0.006571
12 0.515222 0.206322 0.009953 0.007478
12 0.552840 0.203036 0.007319 0.005438
12 0.615486 0.203150 0.010831 0.007931
12 0.496633 0.203150 0.010831 0.007931
12 0.808548 0.152617 0.009953 0.007478
13 0.153249 0.152844 0.010831 0.007931
12 0.828893 0.152617 0.010831 0.007931
12 0.414666 0.152277 0.010246 0.008158
12 0.621633 0.151711 0.009660 0.007478
12 0.601142 0.151484 0.010831 0.007931
12 0.760100 0.149332 0.006733 0.005438
12 0.109631 0.148538 0.006733 0.006118
12 0.557084 0.148199 0.007026 0.006345
12 0.849824 0.148652 0.009953 0.007705
12 0.435744 0.148765 0.009075 0.007931
12 0.784251 0.148425 0.010539 0.008158
13 0.138027 0.148425 0.009660 0.008158
12 0.646516 0.147972 0.010246 0.008158
12 0.582992 0.148199 0.009660 0.008611
12 0.770345 0.145479 0.007904 0.004985
12 0.120609 0.145479 0.007611 0.004985
12 0.568940 0.144573 0.007319 0.005438
11 0.681499 0.145366 0.009953 0.007931
11 0.472922 0.145139 0.009660 0.007931
11 0.887734 0.144573 0.010246 0.008158
13 0.167740 0.142420 0.009368 0.007025
12 0.394174 0.142080 0.010246 0.007705
12 0.342652 0.138794 0.006733 0.005212
12 0.367242 0.138908 0.010246 0.007705
13 0.182523 0.138794 0.010831 0.007931
12 0.352605 0.135395 0.006733 0.006118
12 0.198478 0.135509 0.009953 0.006345
12 0.312207 0.135056 0.010246 0.005892
12 0.294789 0.132336 0.010539 0.007705
12 0.220580 0.132223 0.010831 0.007931
12 0.937500 0.128711 0.010246 0.005892
11 0.260246 0.128484 0.010539 0.005892
12 0.732875 0.128031 0.009660 0.006798
12 0.525468 0.127691 0.010539 0.006118
12 0.919350 0.125651 0.011417 0.007931
12 0.713261 0.124972 0.011417 0.007931
12 0.504977 0.125085 0.010539 0.008158
12 0.799327 0.071153 0.010831 0.007705
12 0.820111 0.071040 0.010246 0.007931
12 0.609338 0.070700 0.010831 0.007705
12 0.585626 0.070360 0.010831 0.007931
12 0.153249 0.069341 0.007904 0.005892
12 0.842067 0.067868 0.009660 0.007478
12 0.751903 0.067301 0.007319 0.006345
12 0.138466 0.066961 0.007611 0.006571
12 0.110217 0.066621 0.007319 0.005892
12 0.542155 0.066621 0.007026 0.006345
12 0.632319 0.066961 0.010539 0.008384
12 0.776786 0.066508 0.009075 0.008384
12 0.412910 0.066508 0.009660 0.008384
12 0.565135 0.065942 0.009660 0.008611
12 0.552547 0.063789 0.007904 0.005212
12 0.762149 0.063676 0.007904 0.005438
12 0.127342 0.063562 0.007611 0.005212
11 0.882758 0.063676 0.010246 0.007705
11 0.454186 0.063109 0.010246 0.007931
11 0.667886 0.062882 0.010831 0.007931
12 0.371048 0.060390 0.010246 0.007478
17 0.384807 0.038296 0.012588 0.004079
12 0.389783 0.070360 0.010246 0.007478
12 0.319233 0.057104 0.007319 0.004985
12 0.341774 0.056991 0.010246 0.007478
17 0.352752 0.036936 0.008782 0.003172
12 0.329625 0.053705 0.007026 0.006345
12 0.169643 0.053818 0.010246 0.006571
12 0.286153 0.053705 0.010246 0.006798
12 0.193648 0.050872 0.010246 0.007478
12 0.267125 0.050759 0.010831 0.007705
11 0.233753 0.047587 0.010831 0.006345
12 0.933841 0.046907 0.010539 0.006345
12 0.510392 0.046794 0.010246 0.006571
12 0.722629 0.046340 0.010831 0.006571
12 0.914666 0.043961 0.010831 0.007705
12 0.703454 0.043734 0.011124 0.007705
12 0.491071 0.043508 0.011417 0.007705
1 0.052547 0.041128 0.024297 0.043281
4 0.357875 0.060163 0.010831 0.020621
4 0.080064 0.030931 0.010831 0.021981
1 0.051376 0.126105 0.023712 0.050986
4 0.580064 0.210174 0.010246 0.021981
4 0.146516 0.297870 0.009660 0.021527
4 0.076698 0.287673 0.010539 0.021527
4 0.077722 0.112055 0.010831 0.021074
4 0.382465 0.141967 0.010246 0.020168
3 0.341774 0.310446 0.007904 0.021301
1 0.050205 0.237367 0.024883 0.051439
5 0.661153 0.209608 0.009660 0.018128
3 0.790691 0.222864 0.007611 0.021074
1 0.049912 0.302175 0.023712 0.051439
4 0.923156 0.331860 0.010246 0.020621
4 0.497658 0.402787 0.010539 0.021074
1 0.049912 0.382393 0.024297 0.051439
4 0.770931 0.475753 0.010831 0.021074
4 0.076405 0.223997 0.010539 0.021074
4 0.936329 0.399388 0.010246 0.020621
4 0.263759 0.401768 0.011124 0.021301
1 0.050205 0.844663 0.024883 0.045094
4 0.206528 0.668819 0.010246 0.021527
4 0.547278 0.320530 0.010246 0.021981
4 0.882758 0.568208 0.010246 0.020621
4 0.710626 0.320983 0.010246 0.021981
3 0.868413 0.222638 0.007319 0.021074
3 0.423448 0.310900 0.007319 0.020847
5 0.790837 0.320757 0.009075 0.017448
1 0.050790 0.502266 0.023712 0.050986
4 0.238144 0.607637 0.009660 0.021527
5 0.216481 0.297870 0.009075 0.017448
4 0.317916 0.410265 0.010539 0.021527
4 0.189988 0.410718 0.009953 0.020168
4 0.664081 0.412305 0.010831 0.021527
4 0.854508 0.405280 0.011124 0.021074
4 0.483314 0.476207 0.010539 0.020168
4 0.249854 0.501813 0.010831 0.021074
4 0.863144 0.498640 0.010246 0.021074
1 0.050790 0.933945 0.024297 0.050533
4 0.351874 0.230342 0.011124 0.021074
4 0.137734 0.401654 0.010246 0.021527
4 0.076844 0.489123 0.010246 0.021074
4 0.805328 0.402561 0.011124 0.021527
4 0.430474 0.485724 0.010246 0.021074
4 0.171985 0.508838 0.013173 0.021074
4 0.635978 0.853954 0.010246 0.021527
3 0.679011 0.921482 0.007904 0.021074
4 0.369877 0.678563 0.010246 0.021074
5 0.291130 0.734761 0.009075 0.017902
3 0.774737 0.951394 0.007319 0.019714
4 0.873390 0.320304 0.010246 0.021527
3 0.433109 0.944369 0.007904 0.020168
3 0.772980 0.827442 0.007319 0.021074
4 0.341189 0.495468 0.010831 0.021527
5 0.630416 0.320530 0.009075 0.016995
4 0.425498 0.692160 0.010246 0.021527
4 0.798009 0.768751 0.010539 0.021527
4 0.614022 0.402107 0.010831 0.021527
4 0.678132 0.452640 0.010831 0.021527
5 0.402957 0.868230 0.009075 0.016995
4 0.604508 0.472581 0.010539 0.021981
4 0.664081 0.850782 0.010246 0.021074
4 0.930767 0.523114 0.010831 0.021527
4 0.523126 0.961591 0.010539 0.022434
4 0.620463 0.951394 0.010246 0.020621
3 0.889783 0.755948 0.007319 0.021754
4 0.437939 0.412305 0.010539 0.021074
4 0.165837 0.614888 0.010246 0.021074
3 0.111827 0.834806 0.007611 0.021754
4 0.876025 0.941423 0.010831 0.022887
4 0.145931 0.498867 0.010246 0.021074
5 0.269174 0.954453 0.009075 0.017222
4 0.570550 0.957512 0.010539 0.020621
4 0.286446 0.498867 0.010246 0.021074
4 0.323624 0.681736 0.010246 0.021527
4 0.525907 0.478473 0.010246 0.020621
4 0.124854 0.617380 0.010246 0.021527
4 0.307816 0.855087 0.010831 0.021981
3 0.812793 0.834126 0.007904 0.021754
1 0.050498 0.762407 0.024297 0.050986
3 0.508929 0.701903 0.007319 0.021527
3 0.302400 0.957738 0.007611 0.020621
4 0.173741 0.940743 0.010246 0.021074
4 0.076552 0.368344 0.010831 0.021527
1 0.050498 0.674938 0.024883 0.050986
4 0.403689 0.475980 0.010539 0.021074
4 0.716042 0.768525 0.010539 0.021527
3 0.484338 0.681736 0.007319 0.021527
4 0.077430 0.574552 0.010831 0.021527
4 0.626464 0.778722 0.010539 0.021527
3 0.431352 0.871176 0.007319 0.020621
3 0.567769 0.857580 0.007319 0.020168
3 0.540252 0.859846 0.007319 0.019261
4 0.496194 0.964083 0.010539 0.021527
4 0.296253 0.584863 0.009953 0.021301
4 0.286593 0.574666 0.009368 0.019941
4 0.084602 0.759121 0.009953 0.020394
4 0.075527 0.748924 0.009368 0.020847
4 0.084309 0.671652 0.009953 0.020394
4 0.074941 0.661455 0.009953 0.020847
4 0.075673 0.834466 0.010246 0.021074
4 0.085187 0.844437 0.009953 0.021074
4 0.042886 0.589735 0.010246 0.021074
4 0.056206 0.573646 0.009953 0.021074
4 0.074795 0.921029 0.010246 0.021074
4 0.084309 0.930546 0.009953 0.021074