10 0.795568 0.938606 0.009099 0.004766
10 0.464485 0.962665 0.014969 0.002951
10 0.484444 0.961757 0.018491 0.003858
10 0.478574 0.932251 0.009099 0.005674
7 0.402994 0.931911 0.007631 0.021335
10 0.599501 0.960395 0.012621 0.003404
9 0.696507 0.917726 0.011741 0.031548
10 0.885677 0.934294 0.007338 0.002497
10 0.802612 0.834203 0.007338 0.002951
7 0.108453 0.834657 0.012621 0.015660
10 0.481509 0.858715 0.007338 0.004766
10 0.441591 0.858261 0.022601 0.005674
10 0.433959 0.828302 0.012034 0.004766
8 0.379072 0.826714 0.012621 0.030186
10 0.391987 0.814911 0.012621 0.004766
10 0.960522 0.729914 0.012621 0.002724
10 0.948488 0.731049 0.007338 0.004993
10 0.919137 0.729346 0.008512 0.002951
7 0.266070 0.730708 0.012621 0.016114
7 0.878045 0.730708 0.013208 0.016568
7 0.531993 0.730481 0.012621 0.016114
7 0.140446 0.730481 0.012621 0.016114
7 0.620047 0.730481 0.012621 0.016568
6 0.172146 0.728438 0.012621 0.024739
6 0.578662 0.727985 0.013208 0.025647
6 0.226152 0.727531 0.012621 0.025647
10 0.750367 0.693940 0.009099 0.003404
9 0.385823 0.709374 0.011447 0.045166
9 0.732756 0.712778 0.016143 0.051975
9 0.833138 0.700749 0.011447 0.049251
10 0.854858 0.641966 0.019665 0.005220
10 0.140886 0.641512 0.009979 0.005220
10 0.232609 0.627553 0.010860 0.003177
9 0.217053 0.619496 0.010273 0.022923
7 0.344438 0.614503 0.012621 0.016114
7 0.465659 0.614503 0.012034 0.016568
6 0.426035 0.613936 0.012621 0.029051
6 0.373202 0.611779 0.012621 0.025193
9 0.806868 0.610304 0.012328 0.054471
9 0.761520 0.611779 0.010860 0.059691
9 0.200910 0.607694 0.009686 0.064685
9 0.175961 0.606446 0.005577 0.062188
9 0.904755 0.601226 0.010860 0.057195
10 0.640299 0.580232 0.007925 0.004766
9 0.582771 0.604290 0.016143 0.043350
9 0.265189 0.603382 0.017317 0.054698
10 0.953772 0.633908 0.014969 0.004539
7 0.613590 0.585452 0.013208 0.027009
9 0.917376 0.545506 0.009099 0.010213
7 0.960816 0.545166 0.013795 0.010894
10 0.220282 0.540740 0.012034 0.005220
10 0.477399 0.524852 0.016730 0.005220
7 0.700763 0.510554 0.012621 0.015207
7 0.590255 0.510894 0.012915 0.015887
6 0.667009 0.508057 0.012034 0.024739
6 0.617699 0.508284 0.012034 0.025193
9 0.113736 0.499206 0.007338 0.044712
10 0.184180 0.475148 0.010860 0.005674
10 0.867772 0.473786 0.010273 0.004766
7 0.897417 0.407286 0.013208 0.016114
7 0.774141 0.406718 0.012034 0.015887
6 0.857793 0.404335 0.012621 0.025647
6 0.802025 0.404335 0.012621 0.025647
9 0.661432 0.406151 0.009686 0.037903
10 0.227326 0.388334 0.019665 0.004993
9 0.376724 0.411371 0.009686 0.040172
10 0.949369 0.382660 0.009099 0.005447
10 0.795274 0.329891 0.012621 0.004766
10 0.519959 0.322401 0.020839 0.005220
10 0.946140 0.319224 0.012621 0.005220
10 0.853977 0.333976 0.010273 0.003858
10 0.824332 0.333749 0.016730 0.004312
10 0.841943 0.333069 0.012034 0.005674
9 0.602730 0.309691 0.010273 0.032910
9 0.510860 0.306060 0.012034 0.040626
10 0.304520 0.239560 0.012621 0.005220
9 0.413854 0.229346 0.007631 0.023377
9 0.316994 0.223105 0.013502 0.023150
9 0.556795 0.220835 0.007631 0.029051
9 0.615498 0.215729 0.009979 0.024739
9 0.391987 0.221743 0.010860 0.037676
9 0.753889 0.214253 0.007338 0.027236
9 0.667596 0.211076 0.007338 0.033591
8 0.589228 0.215956 0.012034 0.024285
10 0.455679 0.151952 0.031406 0.002951
10 0.798503 0.144689 0.007925 0.002951
10 0.756824 0.143327 0.011447 0.006128
9 0.667596 0.136518 0.010273 0.032456
10 0.523188 0.155129 0.020839 0.004766
9 0.741268 0.126305 0.006164 0.025647
9 0.202084 0.126192 0.010273 0.036768
9 0.147197 0.119837 0.010860 0.037676
9 0.934106 0.122674 0.009099 0.043350
9 0.123716 0.119610 0.014382 0.038130
9 0.107279 0.122674 0.009686 0.048797
7 0.470649 0.055493 0.012621 0.016114
8 0.324773 0.058897 0.014382 0.022469
7 0.292780 0.055493 0.012621 0.015660
8 0.876284 0.058897 0.014969 0.022923
7 0.842824 0.055493 0.012621 0.016114
8 0.497652 0.058670 0.014969 0.022469
8 0.145729 0.058443 0.013208 0.022015
7 0.657910 0.055039 0.012621 0.015660
8 0.686674 0.058216 0.014969 0.022923
10 0.203845 0.047776 0.010860 0.005220
6 0.107866 0.053223 0.012621 0.025193
9 0.214412 0.030527 0.013208 0.036995
9 0.745671 0.037108 0.014382 0.039719
13 0.147197 0.965729 0.011447 0.007717
13 0.225565 0.965502 0.010860 0.007717
13 0.168036 0.961303 0.010860 0.007944
13 0.350895 0.957558 0.011447 0.007263
11 0.361168 0.923286 0.009686 0.007717
13 0.247285 0.957558 0.010860 0.007263
12 0.244497 0.935996 0.008805 0.007717
13 0.200029 0.957217 0.011447 0.007036
13 0.270179 0.953359 0.010860 0.007036
13 0.318902 0.950409 0.010860 0.007490
13 0.794687 0.940763 0.010273 0.006809
13 0.571617 0.940763 0.011447 0.006809
13 0.453331 0.940536 0.010860 0.007263
13 0.374963 0.940309 0.011447 0.007263
18 0.915762 0.935429 0.006457 0.003858
13 0.399912 0.937358 0.012034 0.007717
11 0.959055 0.935315 0.007925 0.004085
18 0.968741 0.895030 0.010273 0.007490
13 0.905342 0.934748 0.006164 0.004766
13 0.908571 0.904902 0.009686 0.006809
13 0.477986 0.934067 0.009686 0.007036
13 0.885970 0.931684 0.009686 0.003177
13 0.884649 0.908420 0.009979 0.007490
13 0.429263 0.933840 0.009686 0.007490
13 0.501174 0.930663 0.011447 0.007490
13 0.548136 0.927485 0.010273 0.007490
13 0.827267 0.924308 0.012034 0.007490
13 0.595685 0.916364 0.010860 0.007490
13 0.674053 0.916024 0.010273 0.007717
13 0.851923 0.915910 0.010273 0.007944
13 0.620634 0.912733 0.011447 0.008398
13 0.697388 0.907853 0.008805 0.007717
13 0.650279 0.907853 0.010860 0.007717
13 0.721896 0.904675 0.009686 0.008625
13 0.938509 0.901271 0.010860 0.007717
13 0.769445 0.901271 0.012034 0.007717
18 0.110508 0.889015 0.011447 0.007717
13 0.221309 0.862460 0.011154 0.007263
13 0.143675 0.862460 0.010860 0.007263
13 0.168330 0.858715 0.009686 0.007944
13 0.351776 0.855538 0.011447 0.007490
13 0.246698 0.854970 0.009099 0.007263
13 0.197534 0.854744 0.010566 0.007263
13 0.271500 0.850318 0.010566 0.007036
13 0.322131 0.847027 0.012034 0.007717
13 0.375844 0.837040 0.011447 0.006809
13 0.799384 0.837040 0.010860 0.007263
13 0.577488 0.836813 0.009686 0.006809
13 0.459055 0.836700 0.008805 0.006582
13 0.400646 0.833976 0.011741 0.007944
13 0.480481 0.830912 0.009979 0.005447
13 0.432932 0.830572 0.009979 0.007036
13 0.506017 0.827508 0.011741 0.007263
13 0.551658 0.823990 0.010860 0.007490
13 0.828441 0.820586 0.011447 0.007944
13 0.852069 0.811847 0.009979 0.007717
13 0.679190 0.811621 0.009979 0.007717
13 0.602436 0.811621 0.009099 0.007717
13 0.626945 0.807762 0.010566 0.007263
13 0.880100 0.805039 0.010273 0.007717
13 0.657617 0.804585 0.010273 0.007263
13 0.701644 0.803790 0.010273 0.007490
13 0.905342 0.802315 0.010273 0.007717
13 0.726299 0.801180 0.010273 0.007717
13 0.934547 0.798570 0.009392 0.007490
13 0.773995 0.797435 0.009979 0.007944
12 0.965659 0.791534 0.009979 0.008398
13 0.777957 0.763277 0.010860 0.006809
13 0.777077 0.736836 0.010273 0.007490
13 0.509686 0.763050 0.010860 0.006355
13 0.509099 0.737177 0.010860 0.007263
13 0.855004 0.762823 0.010566 0.006809
13 0.854564 0.737290 0.011447 0.007490
13 0.753449 0.763050 0.009979 0.007263
13 0.752421 0.743532 0.010273 0.007717
13 0.430144 0.762937 0.010273 0.007490
13 0.429850 0.736836 0.010860 0.007490
13 0.652333 0.762369 0.010860 0.006809
13 0.651746 0.743418 0.012034 0.007490
13 0.407250 0.761916 0.010273 0.007263
13 0.406956 0.743645 0.010860 0.007490
13 0.302466 0.762483 0.010860 0.008398
13 0.302759 0.743305 0.010273 0.007263
13 0.730701 0.726850 0.010273 0.006582
13 0.730114 0.712892 0.011447 0.006355
13 0.682272 0.726963 0.010860 0.007263
13 0.681832 0.713118 0.011154 0.006809
13 0.384356 0.727077 0.011447 0.007490
13 0.383475 0.713118 0.010860 0.006809
13 0.336807 0.726736 0.011447 0.006809
13 0.336807 0.712892 0.010273 0.006355
13 0.831083 0.719927 0.011447 0.007263
13 0.831083 0.700862 0.009686 0.007263
13 0.806721 0.719700 0.010860 0.006809
13 0.807015 0.700635 0.011447 0.007717
13 0.484150 0.720268 0.011447 0.007944
13 0.484004 0.700862 0.010566 0.007263
13 0.458321 0.720268 0.011447 0.007944
13 0.457734 0.700635 0.010273 0.007717
12 0.109334 0.712438 0.008512 0.007717
12 0.109627 0.693259 0.011447 0.007490
18 0.848254 0.686904 0.009979 0.006582
13 0.609774 0.638788 0.010860 0.006128
12 0.502348 0.638788 0.009686 0.007490
17 0.511594 0.589650 0.008218 0.007717
13 0.713531 0.627213 0.011741 0.007490
13 0.636484 0.627213 0.011447 0.007490
13 0.829175 0.620631 0.010566 0.007490
13 0.579542 0.620631 0.011447 0.007490
13 0.578515 0.603382 0.009392 0.007490
13 0.535222 0.620744 0.012034 0.007717
13 0.534635 0.603268 0.009686 0.007263
13 0.130613 0.620631 0.010566 0.007490
13 0.735251 0.620517 0.011154 0.007717
13 0.929704 0.614389 0.012034 0.007717
13 0.859260 0.614163 0.012034 0.007263
13 0.949956 0.614276 0.011447 0.007944
13 0.692545 0.613822 0.010860 0.007036
12 0.691371 0.596800 0.012034 0.007490
13 0.667303 0.614049 0.012034 0.007490
13 0.667303 0.596459 0.010860 0.007717
13 0.159231 0.613822 0.011447 0.007490
13 0.246991 0.613709 0.012034 0.007717
13 0.225859 0.613822 0.012034 0.007944
13 0.109334 0.606900 0.009099 0.007263
13 0.109627 0.588062 0.010860 0.007717
13 0.807602 0.604063 0.008512 0.007036
13 0.807455 0.588743 0.009979 0.007263
11 0.763575 0.603495 0.008512 0.007717
13 0.763575 0.588062 0.009686 0.006355
13 0.968741 0.597140 0.009099 0.006809
13 0.968154 0.579324 0.009099 0.007036
13 0.906222 0.597027 0.008512 0.007490
13 0.905929 0.578416 0.010273 0.007490
13 0.886117 0.596573 0.008218 0.007490
13 0.885677 0.578643 0.009686 0.007036
13 0.204726 0.596800 0.010860 0.007944
13 0.204285 0.580912 0.009979 0.007036
13 0.182125 0.596800 0.009099 0.007944
13 0.181538 0.581026 0.010273 0.007263
12 0.315674 0.596346 0.008512 0.007490
12 0.315380 0.577281 0.010273 0.006582
13 0.269005 0.596346 0.009099 0.008398
13 0.268271 0.581480 0.009979 0.006809
13 0.734957 0.534498 0.011154 0.008171
13 0.830203 0.534385 0.010273 0.008398
13 0.136043 0.533704 0.010860 0.007944
13 0.923540 0.527009 0.010273 0.007263
13 0.852069 0.526555 0.010566 0.007263
13 0.163193 0.526441 0.009979 0.007036
13 0.239213 0.526214 0.009392 0.007036
12 0.946434 0.517476 0.011447 0.007717
13 0.365277 0.517136 0.011447 0.007036
13 0.804080 0.516909 0.012034 0.007036
13 0.803786 0.503631 0.011447 0.007717
13 0.770326 0.517136 0.011447 0.007490
13 0.770179 0.503631 0.011741 0.007717
13 0.262841 0.516795 0.012034 0.007263
13 0.109627 0.516455 0.012034 0.007036
13 0.108453 0.503518 0.010860 0.006582
13 0.902554 0.510667 0.009392 0.007263
11 0.901820 0.494099 0.010860 0.006809
13 0.880100 0.510667 0.010860 0.007263
13 0.880100 0.492851 0.010860 0.006128
12 0.217640 0.510554 0.010860 0.007036
12 0.216760 0.493985 0.011447 0.007490
13 0.196947 0.510554 0.011741 0.007036
13 0.196360 0.493078 0.010566 0.005674
12 0.393455 0.510327 0.011447 0.007036
13 0.494130 0.510213 0.012034 0.007263
13 0.471823 0.510327 0.012034 0.007490
13 0.971823 0.504085 0.008805 0.007263
13 0.971089 0.486155 0.009686 0.007717
13 0.338861 0.503972 0.010273 0.007036
13 0.337540 0.485588 0.009979 0.007490
13 0.291752 0.503631 0.009392 0.007263
13 0.291312 0.485928 0.010273 0.007263
12 0.562225 0.497276 0.009099 0.006809
12 0.561638 0.479119 0.010273 0.007717
13 0.514089 0.493418 0.007925 0.007263
13 0.514382 0.479346 0.010860 0.008171
13 0.450103 0.493305 0.010273 0.007944
13 0.449809 0.478665 0.011447 0.007717
13 0.426035 0.493191 0.009099 0.007717
13 0.426328 0.478438 0.009686 0.007263
13 0.463164 0.433386 0.010566 0.007944
13 0.935574 0.431117 0.010273 0.007944
13 0.487672 0.429187 0.010273 0.008171
13 0.560170 0.426464 0.010860 0.007717
13 0.530232 0.426350 0.010860 0.007490
13 0.369093 0.426123 0.011447 0.007490
13 0.581890 0.423059 0.010860 0.007263
13 0.422219 0.422492 0.010860 0.007036
13 0.393455 0.422379 0.010860 0.007263
13 0.604197 0.419315 0.010860 0.007490
13 0.443352 0.419315 0.010860 0.007944
13 0.632081 0.415683 0.010273 0.006582
13 0.254623 0.415683 0.011447 0.007490
13 0.971969 0.413867 0.011447 0.007490
13 0.971236 0.400136 0.009979 0.007263
13 0.683299 0.412960 0.011741 0.007490
13 0.684913 0.393214 0.009099 0.004766
13 0.654682 0.412846 0.012034 0.007263
13 0.320663 0.412619 0.012034 0.007717
13 0.275756 0.412506 0.011447 0.007490
13 0.151600 0.409215 0.009686 0.006809
13 0.706780 0.408988 0.010566 0.006809
13 0.341796 0.409101 0.010860 0.007036
13 0.210596 0.406151 0.011447 0.007036
12 0.749340 0.406264 0.011154 0.007717
13 0.181244 0.405924 0.011447 0.007490
13 0.234077 0.402746 0.011447 0.007944
13 0.110214 0.399228 0.011447 0.007717
13 0.128999 0.395937 0.011447 0.007490
17 0.417816 0.328302 0.006751 0.003858
13 0.427502 0.301861 0.009099 0.007263
13 0.945113 0.320699 0.010566 0.006809
13 0.257118 0.319678 0.009979 0.007036
13 0.966393 0.317635 0.011447 0.007490
13 0.316994 0.316500 0.011741 0.007944
13 0.275169 0.316387 0.012034 0.007717
13 0.838861 0.313663 0.009979 0.007263
13 0.334752 0.313436 0.010273 0.007263
13 0.153067 0.313209 0.009686 0.007263
13 0.895950 0.310372 0.011447 0.007944
13 0.866305 0.310372 0.012034 0.007944
13 0.362049 0.310145 0.012034 0.007944
13 0.205313 0.309918 0.010860 0.007944
13 0.178603 0.309918 0.011447 0.007944
13 0.925594 0.307308 0.009686 0.007263
13 0.758585 0.307081 0.010273 0.007263
13 0.731582 0.306400 0.009099 0.006809
13 0.382008 0.306741 0.009686 0.007490
13 0.230261 0.306741 0.010273 0.007490
13 0.408864 0.306514 0.009979 0.007490
13 0.791165 0.301861 0.009686 0.007263
13 0.109334 0.302088 0.010273 0.007717
12 0.702231 0.301521 0.010273 0.007944
13 0.819930 0.299365 0.010860 0.007717
13 0.455679 0.298911 0.010273 0.006809
12 0.604197 0.299138 0.010273 0.007717
13 0.134282 0.298457 0.009686 0.008625
13 0.558996 0.295393 0.010273 0.007944
13 0.481509 0.295279 0.011447 0.007717
12 0.647490 0.294598 0.010566 0.007717
12 0.577928 0.292329 0.009392 0.007263
13 0.539037 0.291875 0.010273 0.007263
12 0.511154 0.291875 0.009686 0.008171
12 0.674640 0.287222 0.010273 0.007490
13 0.416495 0.223672 0.009392 0.007944
13 0.490461 0.220608 0.010566 0.007263
13 0.443058 0.220268 0.011447 0.007490
13 0.968007 0.217885 0.009392 0.006809
13 0.942618 0.218112 0.010860 0.007263
13 0.345025 0.217431 0.010273 0.006809
13 0.543440 0.217431 0.010273 0.007263
13 0.516143 0.217544 0.010860 0.007490
13 0.317435 0.217204 0.010273 0.007263
12 0.911799 0.213005 0.009686 0.007490
13 0.365864 0.212892 0.009686 0.007717
13 0.562812 0.212211 0.009686 0.007717
12 0.808483 0.210054 0.010860 0.007036
13 0.211623 0.210168 0.009392 0.007263
13 0.590402 0.209941 0.010273 0.007263
13 0.393455 0.210281 0.009686 0.007944
13 0.618433 0.209487 0.009979 0.008171
12 0.858086 0.206990 0.010273 0.007263
13 0.759613 0.206537 0.010566 0.007717
12 0.176108 0.206196 0.011741 0.007490
13 0.277223 0.206083 0.010860 0.007717
13 0.674347 0.205629 0.011447 0.007717
13 0.646463 0.205515 0.010860 0.007490
13 0.234370 0.205742 0.010860 0.007944
12 0.781186 0.203246 0.010273 0.007036
13 0.740681 0.202905 0.011447 0.007717
12 0.708101 0.202905 0.009686 0.007717
13 0.296302 0.202678 0.010273 0.007263
12 0.884356 0.200295 0.009392 0.007490
12 0.109334 0.199841 0.010860 0.007490
18 0.138392 0.191670 0.010273 0.007490
12 0.705166 0.144462 0.009686 0.004766
13 0.714558 0.119610 0.009686 0.007263
11 0.683152 0.145030 0.009686 0.008171
13 0.689316 0.123128 0.009686 0.007944
13 0.564279 0.134703 0.010860 0.006128
13 0.638538 0.130844 0.010273 0.007944
13 0.593190 0.130844 0.009979 0.007944
13 0.490608 0.128121 0.010273 0.007490
13 0.461697 0.127667 0.011741 0.007490
13 0.669210 0.127553 0.010566 0.007717
13 0.514676 0.123355 0.009686 0.007944
13 0.542853 0.120517 0.010273 0.007717
13 0.352950 0.120064 0.009686 0.007263
13 0.744937 0.119156 0.009392 0.006355
13 0.372909 0.116319 0.010860 0.007944
13 0.771500 0.116092 0.010860 0.007944
12 0.417523 0.116092 0.010860 0.007944
12 0.313913 0.115751 0.011447 0.007717
12 0.204139 0.113482 0.010273 0.007263
13 0.793807 0.113028 0.009686 0.007263
12 0.961109 0.112914 0.009686 0.007490
13 0.438802 0.112574 0.009392 0.007263
13 0.912680 0.109850 0.009099 0.007263
12 0.248312 0.109510 0.009392 0.007036
13 0.155122 0.109510 0.009686 0.007490
13 0.815674 0.108829 0.009979 0.007036
12 0.935574 0.107013 0.009099 0.007944
12 0.177282 0.106446 0.010566 0.006809
12 0.889786 0.106219 0.010273 0.007263
12 0.133549 0.106105 0.009979 0.007036
18 0.109627 0.105992 0.010273 0.006809
12 0.859114 0.106219 0.010566 0.008171
18 0.275169 0.102814 0.011447 0.007263
17 0.391694 0.053109 0.007925 0.003177
11 0.403287 0.024852 0.009979 0.008398
12 0.947168 0.052996 0.006457 0.003858
13 0.958174 0.020540 0.010273 0.007944
13 0.777370 0.024512 0.009099 0.007263
18 0.727473 0.051975 0.012034 0.004539
13 0.348841 0.031434 0.010273 0.007036
13 0.168917 0.031775 0.009686 0.008171
12 0.717053 0.031094 0.008805 0.007263
12 0.905342 0.028257 0.010273 0.007490
13 0.193279 0.027803 0.009099 0.007490
13 0.372909 0.027576 0.010273 0.007490
13 0.530819 0.027236 0.010273 0.007263
13 0.936161 0.024966 0.009686 0.007263
13 0.223217 0.024852 0.010273 0.007944
13 0.590842 0.024399 0.009979 0.007490
13 0.746258 0.024285 0.010273 0.008171
13 0.561931 0.024058 0.009099 0.008171
12 0.266657 0.020313 0.010273 0.007490
12 0.441297 0.019973 0.010860 0.007263
12 0.814059 0.019859 0.009686 0.007944
12 0.628852 0.019292 0.010273 0.007263
4 0.211183 0.024172 0.010860 0.021108
3 0.734517 0.024399 0.007925 0.021108
3 0.301291 0.117227 0.007338 0.021562
3 0.098180 0.106786 0.006164 0.019292
3 0.925594 0.025306 0.007338 0.021562
3 0.549604 0.023945 0.007925 0.021562
3 0.518491 0.028484 0.007925 0.021562
4 0.764749 0.024172 0.010860 0.021562
5 0.531406 0.117000 0.009686 0.017930
1 0.037423 0.055379 0.024949 0.050840
5 0.200029 0.206423 0.009099 0.017022
4 0.097300 0.398207 0.010273 0.020200
3 0.893308 0.030527 0.007338 0.021108
3 0.733343 0.120858 0.007338 0.021562
4 0.662313 0.207104 0.010860 0.021562
4 0.409891 0.422152 0.010860 0.020881
4 0.264896 0.207331 0.010860 0.021108
4 0.960082 0.218112 0.018198 0.020881
3 0.635897 0.206650 0.007338 0.021562
4 0.477986 0.128121 0.010860 0.021108
5 0.382008 0.205969 0.009099 0.017476
5 0.124303 0.294939 0.008512 0.017022
4 0.746551 0.307649 0.010860 0.019292
4 0.307749 0.412052 0.009686 0.020200
3 0.657910 0.127894 0.007925 0.022015
3 0.549604 0.476736 0.007338 0.016568
3 0.582477 0.131071 0.007338 0.021562
3 0.761520 0.117000 0.008512 0.022015
4 0.332110 0.217317 0.010273 0.021108
5 0.703698 0.116546 0.009099 0.017476
4 0.404902 0.117794 0.010273 0.021335
4 0.390226 0.024626 0.010860 0.021562
4 0.395509 0.306741 0.010860 0.021108
4 0.479014 0.220495 0.010566 0.021562
5 0.624156 0.623808 0.009099 0.017930
1 0.035368 0.144916 0.024949 0.050613
1 0.035075 0.234453 0.024949 0.051294
5 0.339742 0.117000 0.009099 0.017476
3 0.185647 0.855992 0.007925 0.020654
5 0.579249 0.207104 0.009099 0.017476
5 0.958761 0.482978 0.009686 0.017703
4 0.245230 0.319678 0.010860 0.020654
4 0.626504 0.130617 0.010860 0.022015
3 0.164514 0.207558 0.007338 0.021108
4 0.578662 0.023945 0.010860 0.021562
5 0.807602 0.295393 0.008512 0.015207
3 0.607573 0.210508 0.008218 0.021108
3 0.549457 0.497617 0.008218 0.019292
4 0.546962 0.428393 0.010273 0.018838
3 0.325653 0.726396 0.007925 0.021562
5 0.761227 0.795166 0.009686 0.017476
5 0.873936 0.575465 0.008512 0.017022
3 0.432345 0.220495 0.007631 0.021562
5 0.489434 0.635384 0.009686 0.017022
4 0.304227 0.316500 0.010273 0.021562
4 0.883328 0.310145 0.010860 0.022015
3 0.639712 0.908874 0.008512 0.021562
3 0.519078 0.426804 0.007338 0.020200
4 0.950837 0.792783 0.010860 0.021788
3 0.097887 0.694167 0.006751 0.020200
3 0.219108 0.306968 0.007925 0.021108
5 0.309216 0.844190 0.009686 0.018384
1 0.035368 0.510213 0.025536 0.050840
3 0.815527 0.924308 0.007338 0.021108
5 0.817288 0.531888 0.009099 0.017930
5 0.655562 0.610418 0.009686 0.017476
5 0.146316 0.610645 0.009099 0.016568
5 0.277517 0.482410 0.009099 0.017476
3 0.816701 0.820586 0.007925 0.021562
1 0.035368 0.406491 0.024949 0.051294
5 0.381567 0.507149 0.009392 0.017022
5 0.846639 0.610872 0.009099 0.017022
5 0.152187 0.523718 0.009099 0.017022
3 0.868066 0.805379 0.007338 0.021108
3 0.915028 0.307649 0.007338 0.021562
5 0.924127 0.427258 0.008512 0.017476
4 0.670238 0.412506 0.010273 0.021108
5 0.722483 0.530527 0.009686 0.017476
5 0.750660 0.585225 0.008512 0.017022
3 0.621515 0.416137 0.007925 0.020200
5 0.566628 0.599523 0.009099 0.017930
3 0.719548 0.726850 0.007925 0.021562
3 0.372028 0.726396 0.007925 0.021562
5 0.302466 0.575011 0.009099 0.016568
3 0.351189 0.309464 0.006751 0.022015
1 0.033314 0.834657 0.024949 0.051067
1 0.034194 0.730254 0.024949 0.051067
3 0.189169 0.958352 0.007338 0.021108
1 0.035662 0.323309 0.024949 0.050613
5 0.097300 0.585225 0.008512 0.017476
1 0.034488 0.613822 0.023775 0.051521
3 0.873055 0.908874 0.007925 0.022015
3 0.169797 0.406151 0.007338 0.020654
1 0.037423 0.934635 0.025536 0.044485
3 0.340035 0.957898 0.007338 0.021562
3 0.794100 0.702565 0.007925 0.020654
3 0.340035 0.855765 0.007925 0.021562
3 0.670825 0.726623 0.007925 0.021108
3 0.446287 0.702338 0.007338 0.021108
3 0.418697 0.933386 0.007338 0.021108
5 0.596419 0.635724 0.009979 0.018157
3 0.419871 0.830572 0.007925 0.021562
3 0.644702 0.805606 0.007925 0.021108
5 0.305988 0.946777 0.009686 0.017476
5 0.353537 0.513958 0.009099 0.017022
5 0.926181 0.898888 0.008512 0.017476
4 0.198855 0.405470 0.010273 0.019292
4 0.954946 0.895143 0.010860 0.021335
5 0.124596 0.530073 0.009099 0.017022
5 0.539037 0.820359 0.009099 0.017476
5 0.922366 0.795620 0.009099 0.017930
5 0.736572 0.402973 0.009099 0.017476
3 0.855151 0.310372 0.007338 0.021562
5 0.537129 0.923627 0.009979 0.017022
5 0.868653 0.507149 0.009686 0.017476
5 0.757411 0.897980 0.009099 0.017930
3 0.167596 0.309578 0.006457 0.020427
4 0.192838 0.309351 0.009979 0.020881
5 0.180657 0.506809 0.008512 0.016341
5 0.183152 0.490921 0.007631 0.015433
3 0.505283 0.217431 0.007338 0.019519
4 0.530232 0.217431 0.010273 0.020427
5 0.791899 0.599864 0.008218 0.017249
5 0.794247 0.586246 0.008218 0.016341
4 0.073672 0.726282 0.010566 0.020427
4 0.063986 0.715842 0.009979 0.020427
3 0.444086 0.299818 0.006457 0.020881
4 0.468447 0.296414 0.009392 0.020427
5 0.323892 0.500454 0.008512 0.016795
5 0.324332 0.482070 0.008218 0.016341
5 0.093631 0.513391 0.008805 0.015887
4 0.072498 0.230141 0.009979 0.020427
4 0.062372 0.220495 0.010273 0.020200
4 0.074552 0.933046 0.009979 0.020881
4 0.064426 0.923286 0.010273 0.020427
4 0.073085 0.830685 0.009979 0.020427
4 0.063105 0.820472 0.009979 0.020881
4 0.073672 0.051521 0.009979 0.019973
4 0.063986 0.041534 0.010566 0.019065
3 0.755503 0.517022 0.007044 0.019973
3 0.757998 0.501362 0.007925 0.020427
4 0.073378 0.402179 0.009979 0.020427
4 0.063986 0.391512 0.009979 0.021788
4 0.071617 0.610077 0.009392 0.020427
4 0.061344 0.599410 0.009979 0.020881
5 0.956267 0.410236 0.008805 0.017022
5 0.959495 0.398320 0.008218 0.013164
4 0.073085 0.320018 0.009979 0.019519
4 0.063692 0.309578 0.009979 0.020427
4 0.072791 0.141171 0.009979 0.020427
4 0.063105 0.131185 0.010566 0.020427
4 0.072645 0.506355 0.010860 0.020881
4 0.063252 0.495915 0.009686 0.019065
5 0.521573 0.597935 0.008805 0.020654
5 0.411652 0.476963 0.009099 0.020654
4 0.411652 0.487857 0.009099 0.020654