10 0.285441 0.877159 0.007353 0.003409
10 0.109853 0.856023 0.009118 0.005682
7 0.697500 0.848523 0.005588 0.020682
9 0.688676 0.766932 0.012647 0.031136
9 0.406029 0.766705 0.014412 0.037955
10 0.031324 0.750341 0.007353 0.004318
7 0.791618 0.759659 0.012647 0.026591
9 0.495441 0.760795 0.014412 0.031591
6 0.222206 0.756023 0.010294 0.025682
9 0.303971 0.751932 0.013824 0.029318
10 0.030441 0.685568 0.009118 0.005682
10 0.482500 0.681023 0.014412 0.006591
10 0.400147 0.681023 0.014412 0.006591
10 0.323971 0.681023 0.013824 0.006591
9 0.265441 0.680795 0.014412 0.008864
7 0.140735 0.665341 0.012059 0.017045
10 0.801029 0.659886 0.012647 0.006136
6 0.543382 0.665341 0.010294 0.025227
7 0.491618 0.658977 0.009118 0.016136
6 0.763382 0.665114 0.010294 0.025682
6 0.162500 0.665341 0.010882 0.025227
6 0.501912 0.662614 0.006176 0.024318
7 0.695735 0.665341 0.006765 0.029773
6 0.782206 0.664886 0.005588 0.029773
9 0.270441 0.658523 0.006765 0.021591
9 0.622794 0.658068 0.013824 0.030682
9 0.911618 0.657614 0.013824 0.030682
6 0.800441 0.642841 0.006765 0.016591
9 0.123676 0.642386 0.014412 0.053864
10 0.818382 0.543523 0.007353 0.003409
10 0.919559 0.542841 0.012059 0.002955
8 0.198382 0.548068 0.014412 0.023409
7 0.744265 0.528068 0.010882 0.024318
9 0.893382 0.521932 0.016176 0.046591
10 0.170147 0.564886 0.007353 0.002500
10 0.848676 0.444432 0.007941 0.004318
9 0.038382 0.444659 0.014412 0.054773
10 0.134265 0.457159 0.015588 0.004318
10 0.172500 0.456023 0.015588 0.005682
10 0.153676 0.454659 0.015588 0.005682
10 0.247500 0.455568 0.015000 0.006591
10 0.228971 0.455568 0.015588 0.006591
10 0.628676 0.452614 0.009118 0.004318
10 0.605147 0.448977 0.012647 0.003409
10 0.579559 0.446023 0.016765 0.004773
10 0.321765 0.457159 0.015882 0.003409
10 0.303676 0.457386 0.015588 0.003864
10 0.341029 0.457159 0.013824 0.004318
10 0.509265 0.443295 0.012647 0.002955
10 0.485441 0.442614 0.022647 0.002500
7 0.376324 0.423750 0.010294 0.023864
10 0.773088 0.442159 0.014412 0.003409
10 0.397500 0.443977 0.016176 0.004318
10 0.378676 0.443977 0.015000 0.004318
10 0.957794 0.444205 0.014412 0.003864
10 0.939559 0.443523 0.014412 0.004318
10 0.924853 0.443750 0.008529 0.004773
7 0.167794 0.350795 0.015588 0.030682
10 0.385147 0.340114 0.009118 0.002955
10 0.267206 0.330114 0.012059 0.003864
10 0.953676 0.356932 0.009706 0.002955
10 0.579853 0.322841 0.010294 0.004773
10 0.876618 0.327159 0.010882 0.004318
10 0.791912 0.323295 0.008529 0.003864
10 0.655441 0.323068 0.014412 0.004318
10 0.638676 0.323068 0.011471 0.004318
10 0.623971 0.322386 0.010294 0.005682
9 0.145735 0.340568 0.013824 0.057500
10 0.711618 0.318068 0.007941 0.002500
10 0.726618 0.318068 0.008529 0.004318
10 0.742500 0.316477 0.007353 0.004773
10 0.613676 0.241023 0.010882 0.004773
10 0.765735 0.228977 0.007941 0.002500
10 0.255147 0.227614 0.009118 0.003409
9 0.042206 0.235795 0.013824 0.050682
7 0.601912 0.221477 0.014412 0.013864
10 0.033971 0.161250 0.007941 0.006136
10 0.716324 0.138523 0.011471 0.005227
9 0.042206 0.141477 0.015000 0.053864
7 0.841324 0.122614 0.010882 0.011591
7 0.964559 0.117386 0.012647 0.012955
10 0.330441 0.037386 0.011471 0.003864
10 0.348971 0.036477 0.008529 0.004773
10 0.700441 0.035795 0.011471 0.004318
6 0.125147 0.040114 0.009118 0.025682
12 0.877353 0.971477 0.010588 0.006591
12 0.890147 0.941591 0.012647 0.003636
11 0.672353 0.971136 0.010000 0.007273
13 0.638824 0.971250 0.011176 0.007500
13 0.898235 0.971023 0.010000 0.007955
12 0.617941 0.970795 0.010588 0.007500
12 0.835294 0.967727 0.010588 0.006818
12 0.693088 0.967500 0.010294 0.006818
11 0.957647 0.967386 0.010000 0.007045
11 0.935882 0.971250 0.010000 0.006136
12 0.950588 0.941364 0.018824 0.005455
13 0.916324 0.967500 0.010882 0.007273
13 0.655735 0.967500 0.009706 0.007273
12 0.567206 0.967500 0.010294 0.007273
12 0.499265 0.964886 0.012059 0.007045
12 0.813676 0.964659 0.010294 0.007045
13 0.767647 0.964091 0.010000 0.005909
12 0.478235 0.964432 0.011765 0.007500
12 0.745735 0.963523 0.010882 0.007045
11 0.546176 0.963636 0.011765 0.007727
12 0.384853 0.961250 0.010294 0.006591
17 0.398529 0.934545 0.015294 0.004091
12 0.407647 0.957727 0.011176 0.006818
13 0.796765 0.960341 0.011765 0.007500
13 0.529118 0.960682 0.010588 0.008182
11 0.145882 0.959545 0.010000 0.006818
17 0.161176 0.933636 0.015882 0.004091
11 0.124265 0.956250 0.010294 0.007500
17 0.139559 0.934545 0.018529 0.004091
12 0.168676 0.956932 0.010882 0.007045
12 0.363382 0.957386 0.010882 0.007045
17 0.375735 0.935455 0.013235 0.004091
12 0.426029 0.954659 0.011471 0.007955
12 0.303088 0.954091 0.011471 0.006818
12 0.189853 0.953636 0.012059 0.007727
11 0.281912 0.950114 0.011471 0.006136
17 0.295147 0.933295 0.014412 0.004318
12 0.255735 0.950000 0.007353 0.005909
11 0.262941 0.935227 0.007647 0.005455
11 0.237206 0.946932 0.011471 0.007045
18 0.514412 0.941591 0.013529 0.003636
18 0.036618 0.942159 0.012647 0.004773
12 0.806029 0.868523 0.010294 0.006591
12 0.373676 0.867841 0.009706 0.007045
12 0.354706 0.864886 0.011176 0.006591
12 0.329706 0.864659 0.007059 0.006136
12 0.824853 0.864773 0.011471 0.007273
12 0.787206 0.864545 0.011471 0.006818
12 0.961912 0.861591 0.010294 0.007273
12 0.843529 0.861477 0.010588 0.007045
12 0.729559 0.861591 0.010294 0.007273
11 0.622059 0.861818 0.011176 0.007727
11 0.516029 0.861818 0.011471 0.007727
12 0.412794 0.861818 0.010882 0.007727
11 0.295735 0.861591 0.012059 0.007273
12 0.292500 0.840341 0.012647 0.003409
12 0.185441 0.861250 0.011471 0.006591
12 0.472206 0.858523 0.007353 0.005682
12 0.601029 0.858295 0.010882 0.006136
12 0.497647 0.858750 0.011176 0.007045
12 0.938676 0.857955 0.010882 0.006364
12 0.711618 0.858068 0.010882 0.006591
12 0.685882 0.857841 0.007059 0.006136
12 0.277500 0.857955 0.010882 0.007273
12 0.166912 0.857273 0.010882 0.005909
11 0.561029 0.855455 0.010882 0.006818
11 0.671471 0.854886 0.011176 0.006591
11 0.459118 0.855227 0.011765 0.007273
11 0.896765 0.854773 0.010588 0.007273
11 0.237206 0.854432 0.011471 0.007500
11 0.124559 0.854545 0.010882 0.007727
12 0.027206 0.846932 0.007941 0.006136
17 0.028971 0.868750 0.006765 0.007045
18 0.389853 0.841932 0.010882 0.004318
12 0.393235 0.865455 0.011765 0.007727
17 0.407647 0.783636 0.010588 0.004091
11 0.406324 0.754205 0.010882 0.007955
11 0.851029 0.774318 0.010882 0.006364
12 0.848971 0.750909 0.011471 0.004091
12 0.965000 0.771364 0.010588 0.006818
12 0.867647 0.770795 0.011176 0.007500
12 0.822059 0.770795 0.011176 0.007500
11 0.948971 0.767159 0.010294 0.005682
12 0.806324 0.767045 0.012059 0.006364
12 0.777206 0.767045 0.006765 0.006364
11 0.913529 0.763864 0.012353 0.006364
12 0.751765 0.764091 0.011176 0.006818
12 0.652794 0.764091 0.010882 0.006818
12 0.606176 0.764091 0.011765 0.006818
12 0.449559 0.761591 0.011471 0.006818
12 0.724265 0.761023 0.011471 0.006136
12 0.589118 0.760682 0.011765 0.007273
11 0.037647 0.758409 0.011176 0.004545
12 0.546912 0.757841 0.010882 0.007045
12 0.466029 0.757955 0.011471 0.007273
11 0.689706 0.757500 0.011176 0.007727
12 0.421765 0.757273 0.011176 0.007727
12 0.530588 0.754318 0.011176 0.007273
12 0.141618 0.753182 0.012059 0.006818
11 0.495441 0.751136 0.010294 0.008182
12 0.361912 0.750682 0.009706 0.007273
12 0.124118 0.750000 0.011176 0.007727
12 0.343676 0.747727 0.010294 0.007727
12 0.273382 0.747273 0.012059 0.007727
12 0.246912 0.746818 0.012059 0.007727
12 0.635147 0.767045 0.012059 0.006364
11 0.304118 0.743409 0.011176 0.007273
18 0.482647 0.681136 0.011176 0.004545
11 0.400147 0.681136 0.010294 0.004545
18 0.324559 0.681136 0.012059 0.004545
11 0.882941 0.651705 0.009412 0.007500
11 0.590588 0.652159 0.010588 0.007500
12 0.473676 0.668409 0.007941 0.005455
12 0.726029 0.658295 0.010882 0.007045
12 0.745000 0.662159 0.011765 0.007500
12 0.968235 0.655455 0.011176 0.006818
12 0.570588 0.655568 0.011765 0.007045
12 0.390882 0.655000 0.007647 0.005909
12 0.863382 0.655000 0.012059 0.006818
12 0.353088 0.652500 0.007941 0.005455
12 0.949265 0.651818 0.009706 0.006818
11 0.661324 0.651818 0.010882 0.007727
11 0.665882 0.672955 0.012941 0.005455
11 0.678382 0.655682 0.010882 0.007273
12 0.340735 0.648409 0.007941 0.005455
11 0.911912 0.648409 0.011471 0.007273
11 0.623529 0.648523 0.011765 0.007500
11 0.310735 0.645341 0.007941 0.005682
12 0.711471 0.644091 0.008235 0.005909
18 0.123676 0.621250 0.010882 0.007045
13 0.249706 0.571364 0.011765 0.006818
18 0.335882 0.565682 0.009412 0.007273
12 0.341176 0.545227 0.010588 0.008182
11 0.351912 0.566477 0.013235 0.004773
12 0.363529 0.532273 0.010588 0.006818
18 0.030294 0.564773 0.007059 0.006364
13 0.147941 0.559773 0.011176 0.005000
13 0.147206 0.524773 0.011471 0.007273
11 0.394559 0.535682 0.010882 0.007273
12 0.415147 0.532273 0.009706 0.007727
13 0.693824 0.552159 0.014706 0.004773
12 0.691029 0.528295 0.010882 0.006136
18 0.491618 0.551818 0.010294 0.004091
13 0.488971 0.528864 0.011471 0.007273
18 0.713971 0.550455 0.008529 0.005000
11 0.705588 0.547500 0.007059 0.008182
12 0.711176 0.524205 0.008824 0.007045
13 0.300147 0.551591 0.010294 0.007273
13 0.303088 0.571364 0.012059 0.004091
18 0.319559 0.569091 0.010294 0.005909
13 0.319265 0.548864 0.010882 0.006364
18 0.531029 0.549318 0.022647 0.005455
13 0.552059 0.528864 0.010588 0.007273
12 0.531912 0.521818 0.011471 0.007727
13 0.215441 0.547955 0.011471 0.006364
12 0.604706 0.521477 0.011176 0.007955
13 0.232206 0.547841 0.012059 0.007045
13 0.181324 0.547727 0.011471 0.006818
12 0.761618 0.507841 0.010882 0.007955
13 0.510147 0.525114 0.010294 0.007045
17 0.925735 0.544545 0.026176 0.004091
11 0.938088 0.507955 0.010882 0.009091
11 0.898971 0.544545 0.022059 0.004091
13 0.916471 0.512386 0.010000 0.007955
12 0.634853 0.544432 0.019706 0.004318
12 0.634706 0.521591 0.010588 0.007273
17 0.805000 0.545000 0.015294 0.005909
13 0.816765 0.508636 0.011765 0.007727
17 0.824559 0.543523 0.010882 0.004773
18 0.835294 0.504318 0.010588 0.007273
11 0.733971 0.545000 0.014412 0.009545
12 0.742059 0.521932 0.010588 0.007955
12 0.851324 0.540568 0.007941 0.007045
12 0.857647 0.501136 0.010588 0.008182
12 0.435147 0.529205 0.011471 0.007955
11 0.440000 0.552500 0.019412 0.005455
12 0.456618 0.524773 0.009706 0.006364
12 0.583971 0.524659 0.009706 0.007955
11 0.164706 0.524432 0.011176 0.007500
13 0.656765 0.517955 0.009412 0.007273
12 0.795735 0.511023 0.009706 0.007955
18 0.957500 0.505000 0.009706 0.006818
18 0.893088 0.504432 0.010294 0.007500
18 0.125735 0.501136 0.012059 0.008182
17 0.842500 0.469205 0.007941 0.008864
18 0.844853 0.444091 0.010882 0.006364
13 0.674853 0.436364 0.011471 0.006818
13 0.219118 0.457045 0.012353 0.004545
12 0.225294 0.435455 0.012353 0.007727
18 0.331618 0.455341 0.011471 0.007955
12 0.337794 0.425455 0.010294 0.007727
12 0.342500 0.455341 0.011471 0.007955
13 0.355882 0.422159 0.010588 0.008409
11 0.179265 0.454773 0.009118 0.009091
12 0.187794 0.428864 0.011471 0.007273
17 0.684412 0.453182 0.008824 0.013636
11 0.693235 0.453182 0.008824 0.013636
12 0.693088 0.432500 0.010882 0.007273
11 0.702059 0.453182 0.008824 0.013636
12 0.710882 0.453182 0.008824 0.013636
12 0.713088 0.429318 0.011471 0.007273
11 0.719706 0.453182 0.008824 0.013636
12 0.731471 0.424886 0.010588 0.008409
12 0.573676 0.422273 0.011471 0.007727
12 0.769559 0.418977 0.010294 0.007500
13 0.393088 0.414545 0.011471 0.007727
12 0.607353 0.449091 0.010000 0.013182
17 0.597353 0.449091 0.010000 0.013182
12 0.602500 0.426136 0.011471 0.007273
17 0.617353 0.449091 0.010000 0.013182
12 0.621029 0.429773 0.010882 0.007273
17 0.625441 0.447841 0.016176 0.004773
11 0.627353 0.449091 0.010000 0.013182
12 0.640735 0.432500 0.010294 0.007273
18 0.920735 0.443523 0.011471 0.007955
12 0.932794 0.443523 0.011471 0.007955
12 0.936029 0.411591 0.009118 0.007273
18 0.583529 0.441591 0.011765 0.004545
17 0.587353 0.449091 0.010000 0.013182
17 0.028971 0.442727 0.007941 0.006818
13 0.955588 0.439886 0.014706 0.004318
13 0.953971 0.408750 0.010882 0.007955
11 0.953235 0.445114 0.024118 0.004773
12 0.971471 0.405455 0.009412 0.007727
13 0.879853 0.407727 0.010882 0.008636
18 0.536324 0.439091 0.015588 0.004091
13 0.318824 0.435455 0.011176 0.007727
13 0.149706 0.435682 0.011765 0.008182
11 0.154559 0.452500 0.014412 0.003636
17 0.161029 0.454773 0.009118 0.009091
12 0.168824 0.432159 0.010000 0.007500
18 0.170147 0.454773 0.009118 0.009091
13 0.243824 0.432045 0.011176 0.008182
13 0.262794 0.428864 0.012059 0.007273
13 0.506765 0.425455 0.010588 0.007727
13 0.204853 0.425341 0.010294 0.007500
13 0.126324 0.425455 0.010882 0.007727
13 0.299118 0.425227 0.010000 0.008182
13 0.750882 0.421818 0.010588 0.007727
13 0.476912 0.421932 0.010882 0.007955
13 0.525147 0.421705 0.012059 0.008409
13 0.412059 0.419659 0.010588 0.007955
13 0.554412 0.418977 0.011176 0.007500
13 0.442647 0.418864 0.011176 0.007273
13 0.374412 0.417727 0.010588 0.007727
13 0.787941 0.414659 0.011765 0.007955
12 0.860882 0.411591 0.010000 0.007273
18 0.855735 0.444091 0.010882 0.006364
13 0.807941 0.408409 0.011765 0.008182
12 0.898824 0.404545 0.010000 0.007727
18 0.842059 0.401591 0.011765 0.008182
18 0.917794 0.400909 0.011471 0.007727
18 0.185441 0.365227 0.010294 0.007273
12 0.366324 0.369545 0.010882 0.005909
13 0.273088 0.369545 0.011471 0.006818
17 0.147206 0.318068 0.011471 0.007500
13 0.303529 0.368636 0.011176 0.006818
13 0.348971 0.364773 0.011471 0.007273
12 0.387206 0.364318 0.010882 0.007273
13 0.408235 0.362273 0.011176 0.005909
13 0.563676 0.357955 0.010294 0.007273
12 0.577206 0.322386 0.011471 0.007955
11 0.549706 0.341477 0.011765 0.007045
12 0.568088 0.322386 0.011471 0.007955
17 0.581176 0.351818 0.011176 0.007727
17 0.592500 0.321364 0.015588 0.008636
17 0.597647 0.347955 0.010000 0.006364
12 0.448382 0.357955 0.010294 0.007273
13 0.930735 0.356705 0.009118 0.007500
12 0.929706 0.338182 0.009412 0.007727
12 0.943676 0.355795 0.012059 0.007955
13 0.943971 0.335227 0.010882 0.007273
18 0.953971 0.354432 0.011471 0.007955
13 0.247206 0.351364 0.010294 0.006818
12 0.227059 0.368068 0.011176 0.007500
12 0.241765 0.331364 0.018824 0.004091
12 0.863971 0.351477 0.010882 0.007955
17 0.875588 0.327614 0.012353 0.010227
12 0.879853 0.347727 0.010882 0.006818
17 0.888529 0.324318 0.010000 0.014545
12 0.828235 0.348409 0.010000 0.006364
13 0.830147 0.325568 0.010882 0.012045
13 0.487941 0.348182 0.011765 0.005909
13 0.626618 0.344886 0.010294 0.006591
13 0.508824 0.345227 0.011765 0.007273
11 0.894559 0.344545 0.010882 0.006364
12 0.898529 0.324318 0.010000 0.014545
12 0.812500 0.344318 0.011471 0.007273
12 0.819265 0.325568 0.010882 0.012045
13 0.797794 0.341591 0.011471 0.007273
17 0.808382 0.325568 0.010882 0.012045
13 0.470588 0.341591 0.011176 0.006364
11 0.910147 0.341364 0.011471 0.006818
12 0.908529 0.324318 0.010000 0.014545
13 0.669706 0.341364 0.010588 0.006818
13 0.641029 0.341364 0.010882 0.006818
13 0.611912 0.341364 0.010294 0.006818
11 0.167794 0.341591 0.012647 0.007273
12 0.124118 0.341591 0.012353 0.007273
13 0.773235 0.338068 0.010588 0.007500
12 0.700147 0.337955 0.011471 0.007273
17 0.712206 0.321477 0.009706 0.004773
13 0.727206 0.341591 0.010294 0.007273
12 0.722500 0.314886 0.016176 0.004773
12 0.738529 0.316477 0.011176 0.009318
13 0.742500 0.337955 0.010294 0.007273
13 0.757353 0.334318 0.010588 0.007273
13 0.958382 0.331364 0.010294 0.006818
17 0.961912 0.353295 0.011471 0.007955
12 0.973971 0.324886 0.009706 0.007500
13 0.856765 0.268068 0.011765 0.007045
13 0.801471 0.268523 0.010588 0.008409
12 0.731618 0.268068 0.010882 0.007955
13 0.772206 0.267727 0.010882 0.008636
11 0.873382 0.265455 0.010882 0.007727
13 0.688971 0.265455 0.011471 0.007727
13 0.837500 0.264773 0.010882 0.007273
12 0.438971 0.261364 0.011471 0.007727
13 0.891029 0.260682 0.010882 0.007273
12 0.671324 0.261023 0.011471 0.008864
12 0.041912 0.228409 0.008529 0.007273
17 0.032059 0.235114 0.008235 0.007045
11 0.419853 0.257386 0.010882 0.007045
12 0.209265 0.257614 0.010882 0.007500
17 0.221765 0.233409 0.013529 0.010909
12 0.225147 0.251023 0.012059 0.007045
17 0.235882 0.229091 0.009412 0.012273
11 0.239118 0.247386 0.010588 0.006136
12 0.245294 0.229091 0.009412 0.012273
11 0.656618 0.257159 0.010294 0.007500
13 0.641324 0.257273 0.010882 0.007727
13 0.636029 0.242159 0.016176 0.004773
17 0.654853 0.240000 0.014412 0.009545
13 0.920147 0.256364 0.010294 0.007727
12 0.930000 0.220227 0.008824 0.006364
11 0.601618 0.256591 0.010882 0.008182
17 0.613088 0.237159 0.012647 0.003864
13 0.615441 0.257273 0.010294 0.007727
12 0.563824 0.254091 0.011176 0.006818
12 0.377059 0.254318 0.011765 0.007273
12 0.174559 0.253977 0.012059 0.006591
11 0.358971 0.251023 0.010294 0.007045
12 0.544853 0.250909 0.011471 0.007727
13 0.750000 0.250455 0.011765 0.007727
12 0.293676 0.250341 0.011471 0.007500
12 0.153676 0.250455 0.012647 0.007727
13 0.952794 0.247955 0.010882 0.004545
11 0.331471 0.247727 0.010588 0.005909
11 0.518088 0.247614 0.012059 0.006591
12 0.478824 0.247727 0.011176 0.006818
12 0.459853 0.247841 0.012059 0.007045
11 0.125294 0.247045 0.012353 0.006364
12 0.971912 0.244318 0.010294 0.007273
11 0.256324 0.244318 0.012059 0.007273
12 0.254706 0.229091 0.009412 0.012273
12 0.937647 0.240455 0.010000 0.006818
13 0.938824 0.220227 0.008824 0.006364
11 0.947647 0.220227 0.008824 0.006364
12 0.275294 0.240455 0.011176 0.006818
12 0.143676 0.166250 0.010294 0.006136
17 0.813971 0.168636 0.008529 0.011364
11 0.818382 0.150455 0.011471 0.006818
12 0.923382 0.165227 0.010294 0.007273
12 0.511324 0.164432 0.011471 0.007500
11 0.492794 0.161023 0.008529 0.007045
17 0.505882 0.129091 0.015294 0.004091
11 0.125441 0.162614 0.011471 0.007500
12 0.903676 0.161364 0.010294 0.006818
11 0.317206 0.161591 0.011471 0.007273
13 0.685147 0.161364 0.010882 0.007727
13 0.718971 0.157614 0.010294 0.006591
13 0.703382 0.161136 0.010882 0.007273
17 0.715294 0.140909 0.012353 0.004091
12 0.451618 0.157727 0.010882 0.006818
12 0.862794 0.157386 0.010882 0.007045
12 0.645147 0.157273 0.011471 0.006818
12 0.276618 0.157727 0.011471 0.007727
11 0.431324 0.154773 0.011471 0.007273
12 0.365588 0.154545 0.011176 0.007727
12 0.254706 0.154545 0.011176 0.007727
12 0.843088 0.153864 0.011471 0.007273
11 0.853088 0.134205 0.010294 0.004318
13 0.735147 0.154205 0.010882 0.007955
12 0.626176 0.153977 0.011765 0.007500
12 0.164559 0.152045 0.012059 0.006364
12 0.177059 0.128864 0.013529 0.003636
12 0.753676 0.151136 0.010294 0.005455
11 0.226912 0.151818 0.012059 0.006818
12 0.551765 0.150909 0.011176 0.005909
12 0.184412 0.151591 0.010588 0.007273
12 0.964118 0.151023 0.011176 0.006591
11 0.597794 0.150795 0.011471 0.006136
12 0.532500 0.150795 0.011471 0.006136
12 0.528529 0.128864 0.013529 0.003636
12 0.942941 0.150682 0.011176 0.006364
11 0.405588 0.150682 0.011176 0.006364
12 0.777647 0.150455 0.010588 0.006818
12 0.344265 0.144318 0.012647 0.007273
12 0.031618 0.139886 0.009118 0.007955
11 0.479265 0.065909 0.009706 0.006818
17 0.431324 0.066477 0.012647 0.007955
17 0.784118 0.065568 0.012353 0.007955
11 0.834265 0.064659 0.010294 0.007045
12 0.739265 0.061591 0.010882 0.008182
12 0.720588 0.058068 0.010588 0.007500
17 0.733676 0.038750 0.013824 0.003864
11 0.366324 0.058636 0.009706 0.006818
17 0.379853 0.039318 0.015588 0.005000
11 0.384853 0.062273 0.011471 0.007727
12 0.317059 0.056364 0.011176 0.007727
12 0.297794 0.056477 0.011471 0.007955
17 0.312353 0.032727 0.015882 0.004091
11 0.963235 0.055682 0.010588 0.007273
11 0.945882 0.052045 0.010588 0.006364
17 0.958382 0.032614 0.013824 0.005227
13 0.703088 0.055341 0.010882 0.007500
13 0.672941 0.055341 0.011176 0.007500
11 0.655441 0.055227 0.010294 0.007273
12 0.174853 0.053409 0.011471 0.007273
13 0.688676 0.052273 0.011471 0.006818
12 0.613824 0.052500 0.011765 0.007273
12 0.525441 0.052500 0.010882 0.007273
13 0.333235 0.052614 0.012353 0.007500
17 0.346176 0.032614 0.014706 0.003864
13 0.349853 0.056364 0.011471 0.007727
12 0.259559 0.052955 0.011471 0.008182
12 0.238971 0.049659 0.011471 0.007045
11 0.916029 0.049318 0.011471 0.007273
12 0.880147 0.049091 0.010882 0.006818
12 0.861029 0.048864 0.010882 0.007273
12 0.591324 0.048750 0.011471 0.007045
11 0.216471 0.046591 0.012353 0.008182
11 0.565147 0.045682 0.010882 0.007273
13 0.041471 0.042614 0.011765 0.004773
12 0.153824 0.042955 0.011765 0.007273
11 0.507794 0.042500 0.011471 0.007273
3 0.785441 0.340568 0.007941 0.017955
2 0.040147 0.028523 0.023235 0.027500
3 0.760147 0.267841 0.007941 0.021591
3 0.883088 0.853750 0.007941 0.018864
4 0.540735 0.418977 0.011471 0.022045
4 0.213382 0.367841 0.010882 0.021591
4 0.492206 0.425568 0.010882 0.021591
5 0.787794 0.763068 0.007941 0.012955
3 0.588971 0.425114 0.007941 0.021591
4 0.788676 0.267386 0.010882 0.021591
3 0.628088 0.257614 0.007353 0.021136
4 0.620735 0.521705 0.010294 0.020227
3 0.260735 0.368295 0.007941 0.021591
4 0.602206 0.970568 0.010882 0.021591
3 0.514853 0.961250 0.007941 0.022045
3 0.320735 0.864432 0.005588 0.013864
3 0.445441 0.854205 0.007941 0.018864
3 0.738676 0.764205 0.007353 0.021591
4 0.717206 0.268295 0.011471 0.021591
4 0.836618 0.776023 0.010294 0.017045
5 0.109853 0.850114 0.007353 0.011591
3 0.900147 0.764659 0.007941 0.021591
3 0.316029 0.746477 0.005588 0.014318
5 0.462794 0.961023 0.009706 0.017955
5 0.732500 0.960795 0.009118 0.017500
3 0.783382 0.960341 0.007353 0.022045
3 0.428676 0.419205 0.007353 0.021591
4 0.288676 0.368068 0.010882 0.022045
4 0.436618 0.761705 0.011471 0.021136
4 0.259853 0.746932 0.010882 0.020682
3 0.222206 0.945341 0.007353 0.019318
4 0.075882 0.037727 0.010588 0.020909
4 0.065588 0.027273 0.010000 0.020909
4 0.087647 0.023864 0.010588 0.020455
4 0.074706 0.335227 0.010588 0.020455
4 0.063235 0.324545 0.010000 0.020909
4 0.071176 0.753864 0.010588 0.021364
4 0.060588 0.742955 0.010588 0.021364
4 0.080588 0.739773 0.010588 0.020455
4 0.074412 0.442727 0.011176 0.020000
4 0.062353 0.432045 0.010588 0.020455
4 0.084118 0.428409 0.010588 0.020455
4 0.075000 0.139091 0.010000 0.020909
4 0.064706 0.128182 0.010588 0.020909
4 0.085882 0.125000 0.010588 0.020000
4 0.070588 0.844545 0.010588 0.020000
4 0.061176 0.834773 0.010588 0.021364
4 0.080294 0.831364 0.011176 0.020909
4 0.073235 0.541591 0.010000 0.019545
4 0.061471 0.531364 0.010000 0.020909
4 0.082941 0.528182 0.010588 0.020000
4 0.070882 0.662273 0.011176 0.020000
4 0.060588 0.652273 0.010588 0.020909
4 0.082059 0.649091 0.011176 0.020909
4 0.070294 0.936818 0.010000 0.020000
4 0.060882 0.926136 0.010000 0.021364
4 0.080000 0.922955 0.010588 0.020455
3 0.047941 0.126705 0.007647 0.021136
4 0.062794 0.224659 0.007941 0.021136
3 0.069559 0.229886 0.007941 0.021136
4 0.076176 0.234432 0.007647 0.021136
5 0.026029 0.843523 0.007941 0.021136
3 0.033971 0.838977 0.007941 0.021136
3 0.042059 0.833068 0.007647 0.021136
5 0.026029 0.935341 0.007941 0.021136
4 0.033971 0.927159 0.007941 0.021136
3 0.042059 0.924432 0.007647 0.021136
3 0.035441 0.656477 0.007941 0.021136
3 0.043235 0.649886 0.007647 0.021136
3 0.043824 0.529432 0.007647 0.021136
4 0.037206 0.742614 0.007941 0.021136
3 0.043824 0.741250 0.007647 0.021136