10 0.148046 0.929331 0.010210 0.006558
10 0.871791 0.927295 0.022462 0.005201
7 0.717182 0.927295 0.011960 0.016508
10 0.939761 0.922773 0.014877 0.007010
10 0.113331 0.921642 0.008460 0.005654
6 0.742853 0.927069 0.013127 0.025102
6 0.773775 0.926843 0.013127 0.025102
10 0.661173 0.913161 0.008460 0.004975
10 0.407964 0.846563 0.007293 0.004749
10 0.954930 0.845432 0.009043 0.003392
10 0.939761 0.845432 0.009043 0.003392
10 0.892649 0.838648 0.007585 0.004749
10 0.351809 0.839326 0.008751 0.006106
10 0.557905 0.829150 0.007876 0.003844
10 0.548571 0.829602 0.007876 0.004749
10 0.793903 0.825758 0.010793 0.004749
9 0.372375 0.832768 0.013711 0.029172
9 0.340140 0.827114 0.008751 0.032338
10 0.113915 0.818295 0.009043 0.006106
9 0.540403 0.816712 0.006709 0.029625
9 0.688886 0.798281 0.010210 0.039349
10 0.720974 0.821687 0.013127 0.003392
10 0.640169 0.781660 0.007293 0.006558
9 0.606768 0.801900 0.012252 0.056536
10 0.712806 0.718340 0.012544 0.003844
10 0.958431 0.696630 0.010210 0.003392
9 0.191657 0.705676 0.008168 0.030981
9 0.111289 0.705337 0.010210 0.031660
10 0.769107 0.690751 0.007876 0.005201
9 0.245041 0.702171 0.012835 0.030303
7 0.570741 0.692221 0.009043 0.023519
10 0.625875 0.623134 0.018961 0.005201
10 0.676925 0.617933 0.009043 0.004297
10 0.656214 0.611827 0.020128 0.005201
10 0.915257 0.603234 0.007293 0.005201
9 0.640169 0.598146 0.011377 0.040253
7 0.675467 0.600294 0.009627 0.026911
10 0.966599 0.592605 0.010793 0.005201
10 0.388127 0.591474 0.007876 0.002940
10 0.618436 0.615785 0.014002 0.003618
7 0.731768 0.594188 0.010793 0.024197
10 0.632585 0.585142 0.008460 0.003392
10 0.935968 0.498191 0.010793 0.005427
10 0.563156 0.487223 0.007293 0.003844
6 0.314761 0.492424 0.005834 0.030077
10 0.294924 0.481117 0.010502 0.005654
10 0.192970 0.510289 0.013711 0.003844
10 0.174300 0.509837 0.016044 0.004749
10 0.620041 0.468001 0.008460 0.005201
10 0.685093 0.464156 0.019545 0.006106
9 0.959306 0.394618 0.009043 0.026232
7 0.573950 0.393600 0.011960 0.016961
6 0.597287 0.393374 0.011960 0.025554
9 0.174008 0.390208 0.014877 0.032338
9 0.367999 0.382745 0.012544 0.031886
10 0.254230 0.370986 0.007876 0.006558
10 0.114498 0.363749 0.007293 0.006106
10 0.150379 0.286635 0.009043 0.005654
10 0.931301 0.285957 0.008460 0.006558
10 0.943845 0.284147 0.011377 0.007010
10 0.802071 0.275554 0.010210 0.003844
9 0.705805 0.284034 0.009043 0.024423
9 0.172695 0.279398 0.012835 0.027815
10 0.646295 0.265604 0.010793 0.006558
9 0.112748 0.266395 0.012544 0.032112
10 0.479142 0.189620 0.007876 0.007010
7 0.717182 0.168815 0.012544 0.016508
7 0.422258 0.168589 0.013127 0.016508
9 0.317824 0.168137 0.009627 0.030981
6 0.698366 0.168815 0.005834 0.029625
10 0.636085 0.157508 0.008460 0.005654
9 0.744020 0.167458 0.011377 0.028268
10 0.323075 0.156829 0.009043 0.006558
9 0.253063 0.163275 0.016044 0.033469
10 0.927800 0.075645 0.010793 0.005654
10 0.146295 0.064564 0.019545 0.004749
6 0.620333 0.063433 0.005543 0.030077
9 0.182468 0.051221 0.005543 0.030077
9 0.391774 0.054726 0.009335 0.035730
10 0.951721 0.043080 0.013711 0.006106
9 0.457555 0.054726 0.010210 0.043419
9 0.206972 0.046359 0.007876 0.039801
9 0.161756 0.046359 0.011960 0.040253
10 0.338827 0.033808 0.009627 0.007010
12 0.359539 0.958729 0.010793 0.008367
13 0.323512 0.954998 0.011085 0.007689
13 0.305863 0.951719 0.010793 0.007463
18 0.310239 0.928991 0.015461 0.009046
12 0.384918 0.951153 0.011377 0.008141
13 0.233518 0.947987 0.010793 0.008141
13 0.289090 0.944143 0.010502 0.007237
13 0.251604 0.944030 0.011377 0.007915
13 0.271149 0.940977 0.010793 0.008141
12 0.410589 0.940751 0.010793 0.008141
13 0.190782 0.937133 0.010502 0.007689
12 0.435385 0.933967 0.011377 0.007689
13 0.209014 0.933514 0.012544 0.008141
12 0.461056 0.930801 0.011377 0.005880
13 0.148629 0.930348 0.010793 0.006332
12 0.647170 0.928087 0.006709 0.004975
12 0.484393 0.927521 0.011960 0.007915
13 0.164965 0.927069 0.010793 0.008367
12 0.664673 0.923903 0.006709 0.005201
17 0.608372 0.924921 0.011960 0.007237
17 0.539090 0.924808 0.012252 0.007463
13 0.111873 0.923338 0.009627 0.006784
12 0.696179 0.921076 0.011377 0.006784
13 0.129667 0.920285 0.010210 0.007915
12 0.435968 0.830280 0.011960 0.008367
12 0.248687 0.830167 0.010793 0.008141
12 0.403296 0.827227 0.010793 0.007237
12 0.217765 0.826436 0.010793 0.006558
12 0.373104 0.823948 0.010502 0.007463
13 0.934510 0.823835 0.011377 0.007689
12 0.187719 0.823383 0.011377 0.008141
13 0.964557 0.820782 0.009627 0.007010
11 0.298571 0.820104 0.010210 0.006558
11 0.112602 0.819765 0.010502 0.006784
12 0.343349 0.817164 0.010502 0.007463
12 0.153734 0.816712 0.011669 0.007915
13 0.844516 0.810267 0.011085 0.007689
12 0.547258 0.806875 0.011085 0.006784
13 0.866832 0.806875 0.011377 0.007237
12 0.512544 0.802465 0.010502 0.007463
13 0.887398 0.801221 0.009918 0.006784
13 0.911173 0.799751 0.010793 0.007915
13 0.736289 0.799638 0.010502 0.007689
12 0.481768 0.799751 0.009627 0.008367
13 0.757585 0.796246 0.010502 0.007689
13 0.790403 0.795681 0.010793 0.007463
13 0.814469 0.792175 0.010502 0.007237
13 0.690636 0.786635 0.009627 0.008367
12 0.638127 0.783017 0.009627 0.007915
12 0.713827 0.782678 0.010502 0.008141
18 0.607789 0.779285 0.009627 0.007237
18 0.576867 0.775893 0.010793 0.007689
11 0.945012 0.725237 0.010793 0.003166
12 0.958431 0.699457 0.010793 0.006784
12 0.898629 0.705111 0.010210 0.005880
12 0.929405 0.702623 0.010502 0.007237
12 0.454930 0.703076 0.010793 0.008141
12 0.871208 0.702510 0.011377 0.007463
12 0.278442 0.696517 0.007293 0.004975
11 0.194720 0.696178 0.010210 0.007915
11 0.153734 0.696291 0.011085 0.008141
12 0.675321 0.696065 0.011669 0.008141
12 0.483810 0.696065 0.009627 0.008141
11 0.113477 0.695952 0.010502 0.007915
12 0.810823 0.695839 0.011377 0.008141
12 0.388273 0.692447 0.006418 0.005427
12 0.287777 0.692447 0.007293 0.005880
12 0.768232 0.692560 0.010210 0.006558
11 0.246062 0.692673 0.011377 0.007237
12 0.396879 0.689507 0.006126 0.004975
12 0.841161 0.689394 0.011377 0.007463
11 0.305572 0.689507 0.011377 0.007689
12 0.740519 0.689394 0.011960 0.007915
12 0.617999 0.689394 0.010793 0.007915
11 0.351663 0.689394 0.011377 0.007915
12 0.568991 0.686341 0.010793 0.007237
12 0.426634 0.685663 0.010793 0.006332
12 0.703034 0.685436 0.010502 0.006784
12 0.646295 0.681705 0.009043 0.007010
12 0.540986 0.681931 0.009627 0.007463
12 0.511669 0.678200 0.011669 0.007689
11 0.815490 0.614541 0.010210 0.007010
11 0.187427 0.614089 0.010793 0.007463
12 0.159131 0.614089 0.010210 0.007463
11 0.228851 0.613976 0.011960 0.007689
13 0.136669 0.610470 0.010793 0.007915
13 0.113040 0.607757 0.010210 0.006558
12 0.126021 0.587969 0.012252 0.004523
11 0.865665 0.604478 0.011377 0.007689
11 0.280484 0.604025 0.012544 0.008141
12 0.913798 0.601085 0.010793 0.006784
12 0.325992 0.600859 0.011377 0.006784
12 0.941511 0.597580 0.011377 0.007463
12 0.355747 0.597467 0.011377 0.007689
14 0.675467 0.594980 0.010210 0.006784
12 0.966015 0.594754 0.009043 0.007237
12 0.384772 0.594414 0.010502 0.007463
14 0.648775 0.591588 0.010502 0.007689
17 0.557905 0.591474 0.011960 0.007463
17 0.764148 0.591361 0.012544 0.007689
14 0.693553 0.591474 0.011377 0.007915
14 0.615082 0.591248 0.011960 0.007915
11 0.466744 0.591135 0.011085 0.007689
11 0.505688 0.591022 0.011377 0.007915
11 0.430134 0.590909 0.010793 0.008141
13 0.730893 0.588195 0.009627 0.006332
14 0.631564 0.588082 0.010502 0.007010
13 0.709452 0.584464 0.010502 0.007915
12 0.630980 0.509837 0.010502 0.007010
11 0.390461 0.509385 0.011377 0.006558
12 0.720828 0.509272 0.010502 0.006784
12 0.660735 0.509385 0.010502 0.007463
12 0.752480 0.500905 0.008460 0.004975
12 0.750729 0.486205 0.010793 0.008141
12 0.961348 0.499548 0.010793 0.007689
11 0.447637 0.499435 0.011377 0.007915
13 0.937135 0.495703 0.011377 0.006332
12 0.498833 0.496156 0.011085 0.007237
12 0.840869 0.495477 0.011377 0.006332
11 0.870770 0.495138 0.010502 0.006106
12 0.528734 0.492877 0.012544 0.007463
13 0.912048 0.492650 0.011377 0.007915
13 0.816949 0.492650 0.011377 0.007915
12 0.559072 0.489937 0.010210 0.007010
13 0.792445 0.489145 0.010210 0.005880
14 0.234539 0.489371 0.009918 0.006332
12 0.691803 0.486092 0.011960 0.007010
12 0.602246 0.486205 0.011377 0.007237
17 0.333576 0.486545 0.011960 0.007915
17 0.112602 0.486318 0.011669 0.007463
14 0.252480 0.486092 0.010793 0.007463
14 0.169049 0.486092 0.010793 0.007463
14 0.206680 0.486092 0.012544 0.007915
14 0.188156 0.482474 0.009918 0.006558
13 0.294778 0.482135 0.011377 0.006332
13 0.271441 0.479195 0.010793 0.008141
12 0.545945 0.410448 0.010793 0.007237
11 0.627042 0.409995 0.010793 0.007237
12 0.491394 0.403550 0.010793 0.006558
11 0.678676 0.400045 0.010793 0.007689
12 0.727830 0.397105 0.011085 0.006784
12 0.461785 0.397105 0.011085 0.006784
12 0.512690 0.396766 0.011377 0.006558
12 0.272316 0.396540 0.010210 0.006558
12 0.749708 0.393826 0.011669 0.007915
12 0.440636 0.393713 0.010793 0.008141
12 0.773629 0.390547 0.009918 0.006784
12 0.923279 0.387494 0.011669 0.007463
12 0.899650 0.387381 0.011085 0.007237
12 0.966307 0.387381 0.010793 0.007689
12 0.946033 0.387268 0.011669 0.007463
12 0.877625 0.387268 0.010793 0.007463
12 0.418757 0.387494 0.011377 0.007915
12 0.831972 0.387042 0.010502 0.007463
12 0.808781 0.387042 0.011960 0.007463
12 0.853705 0.387042 0.010793 0.007915
12 0.173862 0.383311 0.009918 0.007237
12 0.397900 0.380597 0.009918 0.007689
12 0.204492 0.380258 0.010502 0.007915
12 0.223600 0.376413 0.010793 0.006558
12 0.368436 0.372682 0.009335 0.007689
12 0.327305 0.372456 0.009918 0.007689
12 0.295216 0.372569 0.009335 0.007915
12 0.252188 0.372343 0.010210 0.007915
12 0.346704 0.368611 0.010210 0.007689
12 0.112456 0.365445 0.009627 0.007237
12 0.133460 0.362506 0.010793 0.007689
12 0.154317 0.359114 0.010502 0.007689
12 0.354580 0.312076 0.010210 0.007689
12 0.403588 0.307892 0.010210 0.007915
12 0.434072 0.305857 0.010502 0.006558
12 0.473162 0.305292 0.010502 0.008141
12 0.325554 0.304839 0.011085 0.007237
12 0.501313 0.301560 0.010210 0.007915
12 0.534277 0.297942 0.010793 0.007010
12 0.564177 0.294663 0.011085 0.007689
12 0.295362 0.294211 0.011377 0.007689
12 0.594516 0.291158 0.011085 0.007010
12 0.624708 0.287766 0.011960 0.007915
12 0.264877 0.287766 0.011085 0.007915
12 0.662194 0.284261 0.011085 0.005880
12 0.742270 0.281321 0.010210 0.007689
12 0.234685 0.281208 0.012544 0.007915
12 0.801779 0.277929 0.010210 0.006332
12 0.771733 0.277702 0.009627 0.006332
12 0.705222 0.277476 0.009627 0.005880
12 0.204638 0.277250 0.011960 0.006332
12 0.832410 0.274649 0.010793 0.007915
12 0.174300 0.271370 0.009627 0.004975
12 0.863623 0.271483 0.010210 0.007010
12 0.892795 0.268431 0.011960 0.007237
12 0.924883 0.265491 0.010793 0.006784
13 0.143232 0.264021 0.010502 0.007010
12 0.962806 0.261081 0.010793 0.007463
12 0.113331 0.255993 0.010793 0.007237
12 0.142940 0.199796 0.009918 0.007010
12 0.150379 0.157395 0.007293 0.007237
12 0.450263 0.196291 0.010210 0.007689
12 0.184072 0.192447 0.010502 0.007237
12 0.480747 0.188716 0.010502 0.008367
12 0.213827 0.185097 0.011085 0.007463
12 0.510939 0.178200 0.011377 0.006332
12 0.241978 0.174582 0.010210 0.006784
12 0.112165 0.174469 0.010793 0.007915
12 0.547404 0.171868 0.010793 0.006784
12 0.674592 0.168815 0.010793 0.007463
12 0.378501 0.168589 0.010210 0.007463
12 0.279755 0.168250 0.011085 0.007689
12 0.806155 0.165423 0.010210 0.006558
12 0.578180 0.165084 0.010502 0.006332
12 0.777130 0.162483 0.011669 0.007463
12 0.835035 0.162370 0.010793 0.007689
12 0.350350 0.161805 0.011085 0.007463
12 0.745770 0.158865 0.010210 0.007010
12 0.635793 0.158865 0.009627 0.007010
12 0.861289 0.158752 0.010210 0.007237
12 0.320158 0.158299 0.010793 0.007237
12 0.895274 0.155473 0.011085 0.007463
12 0.606622 0.155360 0.010793 0.007689
12 0.925467 0.152420 0.009043 0.006784
12 0.961639 0.148462 0.010210 0.007463
12 0.850496 0.084125 0.010793 0.007237
12 0.876313 0.080620 0.011085 0.007463
12 0.901254 0.077454 0.010793 0.007010
12 0.928676 0.073496 0.010793 0.006332
12 0.963098 0.073270 0.010793 0.006332
18 0.298279 0.068973 0.011377 0.003166
12 0.752042 0.063659 0.011085 0.007915
12 0.779609 0.060267 0.010210 0.006558
12 0.719807 0.060380 0.010210 0.007237
12 0.695303 0.057101 0.009627 0.008367
12 0.825700 0.053709 0.010793 0.005654
12 0.669487 0.053143 0.010502 0.005880
12 0.598600 0.053822 0.010502 0.007237
12 0.566949 0.053370 0.010210 0.007237
12 0.420508 0.050543 0.011377 0.007915
12 0.636377 0.050317 0.011377 0.007915
12 0.517503 0.046924 0.009918 0.007010
12 0.313011 0.046924 0.010502 0.007010
12 0.394545 0.042628 0.010793 0.007463
12 0.490519 0.042289 0.010210 0.007689
12 0.138127 0.042062 0.009043 0.007237
12 0.188011 0.042175 0.010793 0.007915
12 0.541424 0.039009 0.010502 0.007010
12 0.368728 0.039575 0.009918 0.008141
12 0.458868 0.039123 0.009918 0.008141
12 0.287777 0.038444 0.009627 0.007689
12 0.337952 0.035391 0.009627 0.007915
12 0.113331 0.034939 0.010793 0.007463
12 0.244166 0.034939 0.009918 0.007915
12 0.162631 0.032451 0.010210 0.007463
12 0.212806 0.032112 0.010210 0.007237
1 0.035443 0.063207 0.024796 0.051334
5 0.356622 0.035391 0.009627 0.017865
5 0.477392 0.039236 0.009627 0.017413
3 0.275525 0.040140 0.007293 0.021031
5 0.533839 0.169041 0.009918 0.017413
3 0.728267 0.281660 0.007876 0.021031
5 0.305863 0.154342 0.009043 0.017413
3 0.738769 0.064111 0.007876 0.021936
4 0.384627 0.380597 0.010793 0.022162
5 0.437719 0.192786 0.009627 0.017865
5 0.947345 0.145296 0.009627 0.017413
3 0.231476 0.036070 0.007876 0.021483
4 0.098746 0.036070 0.011960 0.021936
5 0.947929 0.257463 0.009043 0.017413
5 0.658256 0.049412 0.009627 0.016961
3 0.265169 0.168589 0.008168 0.021031
4 0.948804 0.074062 0.011377 0.021483
1 0.035735 0.168137 0.024796 0.051334
3 0.458722 0.304726 0.007876 0.021936
1 0.036610 0.277137 0.024796 0.045002
1 0.036610 0.488354 0.024796 0.044098
4 0.663215 0.595206 0.011377 0.021710
3 0.170945 0.192560 0.008168 0.022840
4 0.178384 0.937472 0.010793 0.021936
3 0.726809 0.689394 0.007876 0.021483
4 0.775817 0.795681 0.010793 0.021936
3 0.638127 0.927748 0.006126 0.013342
3 0.952013 0.820556 0.007876 0.021936
4 0.477684 0.403890 0.011377 0.021710
4 0.524650 0.924242 0.011377 0.020805
5 0.648337 0.280529 0.009043 0.017865
3 0.586931 0.053709 0.008168 0.020579
5 0.389440 0.305292 0.009335 0.018091
4 0.603413 0.689394 0.010793 0.021936
4 0.830951 0.810380 0.010793 0.021031
4 0.098454 0.607531 0.011377 0.021483
1 0.036610 0.823270 0.025379 0.050882
1 0.037194 0.926391 0.024796 0.050882
4 0.190053 0.380258 0.011377 0.021936
3 0.379959 0.692334 0.006126 0.014699
4 0.335327 0.689620 0.011377 0.021483
4 0.281943 0.820330 0.011960 0.021031
4 0.220245 0.947874 0.011669 0.022388
1 0.035443 0.702284 0.024796 0.051334
5 0.659860 0.165423 0.009918 0.017413
4 0.221266 0.489711 0.011377 0.020579
1 0.036027 0.392469 0.025379 0.051334
3 0.238915 0.373247 0.008168 0.021031
1 0.036610 0.592831 0.024212 0.043193
4 0.674592 0.786635 0.011377 0.022840
4 0.097870 0.819878 0.011377 0.021031
4 0.095828 0.923677 0.011377 0.020579
5 0.061989 0.698779 0.009043 0.017639
5 0.072929 0.688376 0.008751 0.017187
5 0.062865 0.489371 0.009627 0.017639
5 0.072345 0.478743 0.008751 0.016735
5 0.063594 0.819765 0.008751 0.017187
5 0.072783 0.809362 0.009043 0.016735
5 0.063740 0.277702 0.009043 0.016735
5 0.072491 0.266848 0.009043 0.017187
5 0.062573 0.059928 0.009043 0.017187
5 0.071470 0.049525 0.008168 0.016735
5 0.063448 0.593849 0.009043 0.017639
5 0.072054 0.583220 0.008751 0.016735
5 0.063011 0.164631 0.008751 0.016735
5 0.072345 0.154229 0.008168 0.017187
5 0.063594 0.390095 0.008751 0.017187
5 0.071908 0.379919 0.009627 0.017187
5 0.064469 0.923338 0.008751 0.017187
5 0.073658 0.913161 0.009043 0.017187