10 0.683016 0.989461 0.009078 0.003400
10 0.218887 0.985041 0.030747 0.004986
10 0.673060 0.967475 0.009078 0.004760
10 0.773499 0.983568 0.015520 0.004760
10 0.211859 0.965549 0.009663 0.004986
10 0.060908 0.950703 0.008199 0.005213
7 0.906881 0.954102 0.012299 0.017452
7 0.515813 0.952063 0.012592 0.016546
10 0.115813 0.946396 0.007906 0.004760
7 0.427672 0.951156 0.012006 0.016999
6 0.928697 0.952743 0.013177 0.025612
6 0.445827 0.950476 0.012592 0.024705
6 0.489751 0.950249 0.012592 0.024705
9 0.239385 0.951383 0.011420 0.054624
10 0.838507 0.971782 0.010835 0.004306
9 0.802635 0.942316 0.010542 0.051451
9 0.789312 0.950589 0.013763 0.067996
9 0.313470 0.945376 0.005564 0.062103
10 0.861640 0.872280 0.014934 0.006573
10 0.779356 0.871600 0.014348 0.006573
7 0.923426 0.871374 0.012006 0.018812
8 0.712592 0.855508 0.014348 0.022439
6 0.584627 0.855734 0.005564 0.003853
7 0.529868 0.855508 0.012006 0.016546
9 0.770278 0.851088 0.007906 0.026292
6 0.549195 0.853694 0.012006 0.025159
9 0.148316 0.839415 0.014934 0.041478
9 0.274817 0.851428 0.005564 0.065956
9 0.227086 0.838735 0.010835 0.039665
9 0.116691 0.838962 0.013763 0.040118
9 0.459297 0.853694 0.005564 0.070036
9 0.327526 0.850295 0.009078 0.064143
9 0.140703 0.839189 0.010249 0.041024
10 0.934261 0.756460 0.013763 0.006573
10 0.753294 0.755100 0.013763 0.006573
8 0.215373 0.762466 0.007321 0.024025
10 0.408346 0.756913 0.012592 0.004760
6 0.728697 0.759180 0.005564 0.030145
8 0.566471 0.748300 0.006735 0.023799
10 0.776135 0.673051 0.009663 0.004760
10 0.286823 0.671464 0.016105 0.003400
10 0.869839 0.664665 0.012006 0.004760
9 0.644070 0.676904 0.010249 0.050997
9 0.665154 0.671011 0.010249 0.043744
9 0.301464 0.662058 0.010249 0.029465
7 0.314641 0.658432 0.013177 0.036718
9 0.208346 0.649592 0.013763 0.032638
9 0.191362 0.645399 0.010249 0.039665
9 0.116105 0.645172 0.012006 0.036038
7 0.938653 0.585789 0.012006 0.017906
10 0.823280 0.579669 0.021376 0.004306
9 0.636457 0.567090 0.012006 0.024479
10 0.163250 0.581709 0.009663 0.004760
10 0.134261 0.581482 0.040703 0.005666
9 0.905271 0.568790 0.010249 0.041931
9 0.201611 0.563010 0.009663 0.031278
9 0.377013 0.565390 0.010249 0.036038
9 0.330307 0.565956 0.012299 0.035811
9 0.302928 0.565956 0.012006 0.034905
9 0.839385 0.496487 0.007321 0.022892
9 0.644510 0.497167 0.009370 0.035131
10 0.917277 0.481301 0.007906 0.004760
10 0.864861 0.481074 0.009663 0.004760
9 0.116691 0.486061 0.013763 0.032412
7 0.445242 0.497960 0.016105 0.030372
9 0.503221 0.483114 0.013763 0.035131
7 0.531040 0.480621 0.008492 0.033772
10 0.765300 0.464529 0.007321 0.004760
10 0.605417 0.463622 0.010835 0.002947
10 0.786384 0.463622 0.008492 0.004760
10 0.717862 0.413531 0.011420 0.003400
10 0.553880 0.410131 0.010249 0.003853
10 0.853148 0.406505 0.007906 0.002493
7 0.917277 0.409225 0.016691 0.013826
10 0.855490 0.400612 0.010249 0.003400
9 0.156223 0.414891 0.011420 0.041024
9 0.381113 0.410018 0.010249 0.032638
10 0.134261 0.397439 0.007321 0.004306
8 0.458419 0.406165 0.017277 0.033545
9 0.905271 0.394266 0.009078 0.035585
9 0.819473 0.391999 0.009663 0.032412
8 0.583455 0.394492 0.009663 0.030598
9 0.842020 0.387919 0.014934 0.026065
10 0.729283 0.318336 0.016105 0.005213
9 0.440849 0.307344 0.008492 0.034905
10 0.124012 0.251587 0.014934 0.002720
7 0.926647 0.234474 0.017277 0.013373
10 0.167057 0.225408 0.009078 0.004760
10 0.593411 0.224501 0.010249 0.003400
10 0.437042 0.217248 0.009078 0.003400
9 0.692387 0.213395 0.009078 0.038758
9 0.837628 0.209202 0.009078 0.043971
10 0.733089 0.156505 0.009078 0.004306
9 0.420644 0.155598 0.012006 0.028785
9 0.113177 0.146306 0.009663 0.031052
10 0.174085 0.137239 0.009663 0.003400
9 0.861933 0.121487 0.016105 0.035358
9 0.693558 0.133953 0.013177 0.047144
9 0.752709 0.132820 0.009663 0.051224
10 0.433236 0.074683 0.008492 0.004760
10 0.370278 0.061877 0.010249 0.005440
10 0.138067 0.060630 0.009663 0.006120
9 0.827086 0.049524 0.009078 0.037398
9 0.379795 0.053037 0.017570 0.024025
13 0.136603 0.978694 0.010835 0.007706
13 0.603953 0.977335 0.009663 0.007706
13 0.537921 0.977561 0.009956 0.008160
11 0.672621 0.969855 0.008785 0.007253
13 0.620205 0.969628 0.010542 0.007253
13 0.153587 0.968155 0.010835 0.007480
13 0.210102 0.967928 0.009078 0.007480
12 0.752709 0.963055 0.009663 0.006800
13 0.589019 0.962602 0.010249 0.006800
13 0.589019 0.945943 0.010835 0.007933
13 0.558272 0.962602 0.010835 0.006800
13 0.557980 0.945830 0.010835 0.007706
11 0.689165 0.962715 0.010249 0.007480
12 0.224451 0.961015 0.009663 0.006346
13 0.118009 0.961469 0.010542 0.007253
13 0.117277 0.944470 0.010249 0.007706
13 0.287408 0.960335 0.010249 0.006800
12 0.194290 0.954442 0.009078 0.006346
12 0.193997 0.938010 0.011420 0.007933
13 0.170425 0.954556 0.010542 0.006573
13 0.170278 0.937897 0.009663 0.007706
12 0.369400 0.954442 0.010249 0.007253
12 0.352123 0.954442 0.010835 0.007253
13 0.302782 0.954216 0.010542 0.006800
13 0.836896 0.953876 0.010542 0.007933
13 0.821816 0.953876 0.012006 0.007933
13 0.771010 0.953422 0.011127 0.007480
12 0.657394 0.952969 0.009956 0.007933
12 0.657101 0.939143 0.011127 0.008386
13 0.634114 0.952969 0.011420 0.007933
13 0.633821 0.939143 0.010249 0.007480
13 0.885505 0.947076 0.008785 0.007480
12 0.886530 0.923164 0.010835 0.007706
12 0.703367 0.946623 0.008785 0.007026
17 0.703953 0.928717 0.011127 0.007480
13 0.737189 0.946510 0.009663 0.008160
12 0.736896 0.928830 0.010249 0.008160
12 0.241142 0.944470 0.008492 0.007706
11 0.241288 0.930077 0.009956 0.007933
13 0.270717 0.944243 0.009078 0.008160
13 0.270571 0.929964 0.010542 0.007706
13 0.852269 0.940503 0.009078 0.007480
13 0.853001 0.922824 0.009956 0.007480
13 0.805417 0.939937 0.009078 0.007253
13 0.804978 0.922711 0.009370 0.007253
13 0.789898 0.939937 0.008492 0.007253
12 0.789898 0.922711 0.009663 0.007706
13 0.320059 0.937897 0.010542 0.007706
13 0.318741 0.920218 0.010249 0.007706
12 0.411274 0.937670 0.010249 0.007706
12 0.410542 0.920331 0.010542 0.007480
13 0.386091 0.937670 0.009078 0.007706
13 0.386091 0.920671 0.010249 0.008160
13 0.337189 0.937557 0.009663 0.007933
13 0.336603 0.920558 0.009663 0.007480
13 0.938507 0.885426 0.009956 0.007480
17 0.948463 0.833862 0.007028 0.006800
12 0.198682 0.872620 0.009663 0.006800
12 0.198682 0.855961 0.010835 0.007933
12 0.352709 0.872167 0.008492 0.006800
12 0.352562 0.855168 0.009956 0.007253
12 0.445827 0.872167 0.009663 0.007253
12 0.446120 0.855281 0.011420 0.007933
12 0.297804 0.871940 0.008785 0.006800
12 0.297950 0.855394 0.011420 0.007706
12 0.483748 0.871940 0.008199 0.007253
12 0.484187 0.855281 0.011420 0.007480
12 0.392533 0.871714 0.008492 0.007253
12 0.392240 0.855168 0.010249 0.007706
13 0.956955 0.867407 0.009370 0.007253
13 0.957247 0.850861 0.009370 0.007706
13 0.710981 0.852108 0.007028 0.006120
12 0.756808 0.849501 0.007321 0.005440
12 0.701757 0.849388 0.007321 0.005666
13 0.720937 0.849161 0.007028 0.005666
13 0.767057 0.845875 0.006735 0.005440
12 0.740849 0.845648 0.007028 0.005893
13 0.692679 0.845875 0.007906 0.006800
13 0.645242 0.845648 0.007906 0.006346
13 0.775842 0.842815 0.006735 0.005666
12 0.679649 0.842248 0.007613 0.005893
13 0.656955 0.842135 0.007906 0.005666
13 0.786530 0.840209 0.007028 0.005893
13 0.668082 0.839302 0.006735 0.005440
12 0.923426 0.836355 0.007906 0.005440
12 0.884480 0.835902 0.007321 0.005440
13 0.796925 0.835789 0.006735 0.005666
13 0.901464 0.833749 0.007321 0.005666
13 0.806442 0.833296 0.007028 0.006120
13 0.859883 0.829782 0.007321 0.005440
12 0.817277 0.829669 0.007613 0.005213
12 0.913763 0.827629 0.007321 0.006120
13 0.159004 0.828083 0.010542 0.007480
13 0.261640 0.827856 0.010249 0.007480
12 0.837189 0.826949 0.007613 0.006120
12 0.872474 0.826723 0.007321 0.006120
12 0.849341 0.826383 0.007321 0.005893
17 0.175842 0.825703 0.009663 0.007253
17 0.425329 0.825023 0.009663 0.007253
12 0.512006 0.825476 0.009663 0.008613
17 0.280088 0.824796 0.009663 0.007706
13 0.247877 0.825136 0.010249 0.008386
12 0.228843 0.825023 0.010835 0.008160
12 0.117130 0.824796 0.009956 0.007706
17 0.464568 0.824343 0.009663 0.007253
13 0.142899 0.824569 0.009956 0.007706
17 0.372182 0.824229 0.010542 0.007480
17 0.330307 0.824569 0.009956 0.008613
13 0.445827 0.791364 0.010249 0.007933
13 0.466911 0.783092 0.010249 0.008160
13 0.394436 0.783092 0.009956 0.008613
12 0.194436 0.778785 0.009956 0.003173
13 0.193704 0.752607 0.011420 0.007933
13 0.375842 0.779125 0.010835 0.007933
11 0.887262 0.777425 0.009370 0.006346
12 0.887408 0.760539 0.010249 0.007933
12 0.707321 0.775952 0.008492 0.007026
12 0.707906 0.759633 0.010835 0.007933
13 0.354466 0.775385 0.010249 0.007253
13 0.411859 0.775045 0.010249 0.007026
17 0.559736 0.772552 0.006735 0.007480
13 0.563836 0.741954 0.009078 0.006120
13 0.483163 0.772439 0.011127 0.007706
13 0.315520 0.772099 0.010835 0.007933
13 0.297511 0.768926 0.011127 0.007026
13 0.278917 0.765979 0.011420 0.007933
13 0.500293 0.765639 0.010249 0.007706
13 0.334846 0.765639 0.010835 0.007706
13 0.529283 0.759293 0.010835 0.007706
18 0.461347 0.757593 0.005564 0.004306
13 0.232064 0.759180 0.010249 0.007933
18 0.755198 0.755100 0.005857 0.004306
13 0.212299 0.756120 0.009956 0.007253
13 0.249634 0.752493 0.012006 0.008160
13 0.155930 0.749207 0.010835 0.007480
13 0.547145 0.748753 0.009663 0.007026
13 0.136896 0.745580 0.011420 0.007480
13 0.116545 0.742520 0.009370 0.007253
13 0.173206 0.742294 0.010249 0.008160
13 0.581698 0.736174 0.009663 0.008160
13 0.840703 0.733454 0.011127 0.007706
13 0.662811 0.732548 0.010249 0.007706
13 0.820644 0.730734 0.009663 0.007706
17 0.858712 0.730281 0.009663 0.007706
12 0.796925 0.729714 0.010249 0.007480
13 0.643485 0.729374 0.009078 0.007706
12 0.620351 0.729148 0.010835 0.007706
17 0.683748 0.728921 0.010542 0.007706
13 0.642020 0.696623 0.009663 0.008386
13 0.662518 0.687330 0.010249 0.008386
13 0.582284 0.687330 0.010249 0.008386
13 0.563543 0.683364 0.011420 0.007706
13 0.603660 0.679850 0.010835 0.007026
13 0.542606 0.679624 0.010542 0.007480
11 0.765593 0.676791 0.007906 0.006800
13 0.770278 0.646985 0.011420 0.007480
13 0.682138 0.677131 0.010835 0.007480
13 0.492240 0.676451 0.011713 0.007933
13 0.471010 0.672937 0.011420 0.007253
13 0.699707 0.670558 0.010835 0.007933
13 0.449488 0.669991 0.010542 0.007253
13 0.513470 0.669991 0.010835 0.007706
13 0.729868 0.663758 0.010249 0.007480
13 0.394876 0.663078 0.010249 0.007933
13 0.372914 0.659678 0.009663 0.007480
13 0.352709 0.656505 0.011420 0.007933
13 0.417130 0.656278 0.011420 0.007933
13 0.747731 0.653785 0.009663 0.007480
13 0.303807 0.653105 0.009663 0.007480
13 0.282138 0.649819 0.010835 0.007706
13 0.263982 0.646306 0.009663 0.007933
13 0.324597 0.645966 0.011420 0.007706
12 0.940410 0.641546 0.009663 0.007480
13 0.792826 0.639959 0.010835 0.007480
12 0.218594 0.639619 0.010249 0.008160
13 0.887116 0.637353 0.009663 0.007253
13 0.169107 0.635879 0.010249 0.007480
12 0.835432 0.634180 0.010542 0.007706
12 0.908492 0.633840 0.010249 0.007480
12 0.117277 0.633500 0.009078 0.007706
13 0.865300 0.633386 0.009956 0.008840
13 0.146999 0.632026 0.009956 0.007026
12 0.193119 0.631913 0.009663 0.007706
13 0.558565 0.597121 0.004392 0.006573
13 0.560908 0.562783 0.010835 0.007706
12 0.451977 0.586922 0.010249 0.006120
12 0.450805 0.557344 0.009663 0.007706
13 0.505857 0.586695 0.009078 0.006120
13 0.505564 0.563350 0.010249 0.007480
13 0.705271 0.574569 0.009663 0.007706
13 0.724305 0.570943 0.011420 0.007706
13 0.776428 0.568110 0.011420 0.007480
13 0.744802 0.567883 0.010249 0.007933
12 0.538946 0.567316 0.010835 0.007706
13 0.846266 0.565730 0.011127 0.007706
13 0.814641 0.565050 0.011127 0.008160
13 0.140117 0.563123 0.010249 0.007933
13 0.866032 0.562217 0.010835 0.007933
13 0.637628 0.561083 0.009663 0.007480
13 0.582138 0.561197 0.011127 0.008160
13 0.161201 0.560630 0.010249 0.007480
12 0.406735 0.560743 0.010542 0.008160
13 0.886237 0.558590 0.010249 0.007480
13 0.658712 0.557910 0.009663 0.007480
13 0.616984 0.557570 0.009370 0.007253
13 0.116545 0.557004 0.009370 0.007933
13 0.182284 0.556437 0.009078 0.007253
13 0.353734 0.556210 0.009956 0.007706
12 0.907028 0.555984 0.009663 0.007706
12 0.303953 0.554624 0.009370 0.008160
13 0.680381 0.554057 0.009663 0.007933
13 0.331332 0.553830 0.009663 0.007480
12 0.378917 0.553490 0.009956 0.007253
13 0.204246 0.553604 0.009663 0.008386
12 0.476574 0.550657 0.010835 0.007480
13 0.228258 0.550091 0.010835 0.007706
13 0.248755 0.546691 0.010835 0.008160
12 0.271010 0.539665 0.009663 0.007706
12 0.746852 0.520626 0.010249 0.006800
12 0.747438 0.505893 0.011420 0.007253
12 0.747145 0.495807 0.010249 0.007026
12 0.699561 0.520512 0.010542 0.007026
12 0.699707 0.505893 0.010835 0.007706
12 0.699122 0.489234 0.010249 0.007026
12 0.584334 0.515866 0.009663 0.008160
12 0.583602 0.502040 0.008199 0.006800
12 0.584480 0.485607 0.011127 0.007480
13 0.424158 0.505326 0.010249 0.007933
12 0.897657 0.500907 0.007321 0.003626
12 0.898682 0.476768 0.010542 0.007933
13 0.440556 0.501813 0.010249 0.006346
13 0.466911 0.498527 0.010835 0.007480
13 0.318741 0.498527 0.010835 0.007480
13 0.512299 0.495580 0.010249 0.007026
13 0.495608 0.495467 0.010835 0.006800
13 0.363543 0.495014 0.010249 0.005893
13 0.335725 0.495127 0.010249 0.007026
12 0.666032 0.492294 0.010835 0.007706
13 0.528111 0.492294 0.011420 0.007706
13 0.396633 0.492180 0.012006 0.007933
12 0.267496 0.492180 0.011420 0.007933
13 0.845827 0.490141 0.010835 0.007026
13 0.772914 0.489461 0.011420 0.007026
13 0.621523 0.489121 0.010835 0.007706
13 0.291508 0.488894 0.011420 0.007253
13 0.546413 0.488781 0.010542 0.007480
13 0.791654 0.486174 0.010835 0.008160
13 0.608931 0.485607 0.011420 0.007480
12 0.209810 0.485607 0.010835 0.007480
12 0.648023 0.485607 0.011713 0.007933
13 0.916398 0.483681 0.009078 0.007253
13 0.862518 0.483454 0.009078 0.007253
13 0.828551 0.483341 0.010249 0.007026
12 0.721376 0.482548 0.010249 0.006800
12 0.243777 0.482321 0.009663 0.007253
13 0.879795 0.479941 0.009663 0.007933
13 0.161201 0.479148 0.010835 0.007706
12 0.117716 0.475861 0.011127 0.007026
12 0.179649 0.475635 0.010249 0.007933
13 0.145388 0.475295 0.010835 0.008160
13 0.933675 0.473821 0.009663 0.007480
13 0.950952 0.470648 0.010249 0.008386
12 0.326940 0.431210 0.010249 0.007933
12 0.220351 0.427924 0.010249 0.008160
18 0.624451 0.424977 0.011420 0.004080
13 0.169985 0.425204 0.010249 0.007706
12 0.265739 0.424864 0.010835 0.007480
13 0.358126 0.424524 0.009956 0.007253
13 0.437335 0.424411 0.010835 0.007480
12 0.193997 0.421691 0.010249 0.007026
12 0.116398 0.421464 0.010835 0.007026
13 0.147877 0.421464 0.010542 0.007480
13 0.378770 0.421011 0.009663 0.007480
13 0.532064 0.417838 0.011713 0.007480
13 0.415373 0.417724 0.011420 0.007706
13 0.459590 0.417611 0.010835 0.007933
12 0.295022 0.417611 0.010835 0.007933
13 0.482723 0.414098 0.010249 0.006346
13 0.506149 0.411151 0.010249 0.007706
13 0.554905 0.407525 0.010542 0.006346
13 0.640849 0.407525 0.010249 0.006800
13 0.581113 0.404465 0.011420 0.007480
13 0.665886 0.404465 0.011127 0.007933
13 0.617716 0.401519 0.009663 0.007026
13 0.688580 0.401292 0.010249 0.007026
13 0.711859 0.398119 0.011127 0.007480
13 0.736018 0.394606 0.010835 0.006800
12 0.937628 0.392679 0.011127 0.007480
13 0.758272 0.391432 0.010835 0.007706
13 0.884334 0.385426 0.010542 0.007480
13 0.782870 0.384406 0.009663 0.007253
12 0.907906 0.382253 0.010249 0.007480
12 0.822401 0.381913 0.010249 0.008160
13 0.851977 0.381233 0.009663 0.008613
13 0.734846 0.348368 0.010249 0.008613
12 0.755051 0.345082 0.010835 0.007480
13 0.708492 0.344855 0.011420 0.007933
13 0.839678 0.342702 0.010249 0.008160
13 0.857833 0.342248 0.009078 0.007706
13 0.813324 0.341682 0.009078 0.008386
13 0.794290 0.341682 0.009663 0.008386
13 0.931479 0.340095 0.009956 0.007480
13 0.885359 0.339642 0.011420 0.007480
13 0.948316 0.339189 0.010835 0.007480
13 0.903807 0.339075 0.010835 0.007253
13 0.666032 0.338055 0.010835 0.007480
12 0.684187 0.334316 0.009663 0.007253
13 0.648609 0.334316 0.009956 0.007253
13 0.593997 0.324456 0.010835 0.007026
12 0.612445 0.321283 0.010249 0.007026
13 0.567643 0.321283 0.010835 0.007026
13 0.523572 0.314370 0.010542 0.007253
13 0.507174 0.311083 0.011713 0.007933
12 0.540849 0.310970 0.011127 0.008160
12 0.147438 0.304284 0.010835 0.007933
13 0.448463 0.301337 0.010835 0.007026
12 0.195461 0.300884 0.009663 0.007480
12 0.271596 0.300771 0.009663 0.007706
13 0.419473 0.297144 0.010249 0.007706
12 0.466618 0.296804 0.010835 0.007480
12 0.318741 0.296691 0.010249 0.007253
13 0.376281 0.290684 0.010542 0.007480
13 0.357101 0.287058 0.009663 0.007026
12 0.396925 0.286945 0.010835 0.008160
12 0.116252 0.280485 0.009370 0.007933
18 0.172328 0.277312 0.010249 0.007480
18 0.239678 0.276632 0.010249 0.007480
18 0.296633 0.273345 0.010542 0.007706
11 0.243485 0.244560 0.010835 0.007253
13 0.254319 0.210109 0.009663 0.007706
17 0.623572 0.242747 0.010835 0.006800
13 0.632943 0.209429 0.010249 0.007706
13 0.525769 0.230281 0.011420 0.007706
13 0.148609 0.230394 0.011420 0.007933
13 0.116252 0.227448 0.009956 0.007026
13 0.209517 0.227335 0.010249 0.007253
13 0.166911 0.227335 0.009370 0.007253
13 0.591654 0.227108 0.009663 0.007253
13 0.544949 0.226995 0.009956 0.007026
13 0.498536 0.227108 0.009663 0.007253
13 0.789019 0.223935 0.010835 0.007706
13 0.188873 0.223935 0.009956 0.007706
13 0.568228 0.223595 0.009663 0.007480
13 0.458126 0.223595 0.010835 0.007933
13 0.614495 0.220422 0.009663 0.007480
13 0.435871 0.220195 0.009663 0.007026
13 0.232504 0.220082 0.009370 0.007706
12 0.946852 0.218155 0.011420 0.007480
13 0.412445 0.213622 0.010835 0.007480
13 0.654026 0.203649 0.010249 0.007026
13 0.742753 0.203649 0.009663 0.007480
13 0.361201 0.203536 0.010249 0.007706
13 0.275403 0.203309 0.009663 0.007706
12 0.765739 0.200363 0.010542 0.007253
13 0.342020 0.200363 0.010542 0.007706
12 0.315666 0.200363 0.010542 0.007706
12 0.695022 0.200363 0.010249 0.008613
13 0.720059 0.199456 0.009370 0.007253
13 0.386091 0.199456 0.010835 0.008160
13 0.890922 0.197529 0.010835 0.007933
12 0.916398 0.194243 0.011420 0.007706
12 0.840264 0.194243 0.010249 0.008160
13 0.869107 0.193563 0.010542 0.007706
12 0.217423 0.160018 0.011420 0.007253
12 0.351391 0.149932 0.010542 0.007480
12 0.421962 0.146646 0.009370 0.006800
12 0.642020 0.143586 0.011420 0.007480
12 0.490337 0.143246 0.011420 0.007706
12 0.730161 0.140413 0.009663 0.007026
13 0.173792 0.140186 0.008492 0.007026
13 0.950805 0.138486 0.010542 0.007706
12 0.781259 0.137579 0.011127 0.007706
12 0.196925 0.136899 0.011420 0.007706
13 0.145388 0.136899 0.011420 0.007706
12 0.115813 0.136673 0.010835 0.007706
13 0.934993 0.134859 0.009370 0.006800
13 0.306589 0.129646 0.010542 0.007706
13 0.918155 0.127720 0.010835 0.007933
12 0.263982 0.126587 0.010835 0.007480
12 0.326940 0.126360 0.011420 0.007480
13 0.287994 0.126247 0.010835 0.008160
13 0.598389 0.123073 0.010835 0.007706
12 0.395754 0.122733 0.010835 0.007933
12 0.542313 0.119560 0.009956 0.007933
12 0.618155 0.118994 0.010542 0.007706
12 0.454319 0.118654 0.009663 0.007480
13 0.568521 0.118540 0.010835 0.007706
13 0.872767 0.117180 0.010249 0.007706
12 0.694729 0.116387 0.010249 0.007480
13 0.845242 0.113327 0.009078 0.006800
13 0.893119 0.113667 0.009370 0.007933
12 0.820351 0.113101 0.009663 0.007253
12 0.755344 0.113101 0.009663 0.007706
12 0.776867 0.083976 0.011127 0.007480
13 0.142460 0.079669 0.009663 0.008386
13 0.115813 0.079102 0.010249 0.008613
12 0.939092 0.077969 0.009956 0.007253
13 0.206149 0.076383 0.010542 0.007706
13 0.163543 0.075929 0.009663 0.007253
13 0.184187 0.073209 0.009956 0.007253
13 0.225037 0.072983 0.010835 0.007253
11 0.234846 0.053944 0.008785 0.004533
12 0.623865 0.072869 0.009663 0.007480
13 0.244656 0.069583 0.011420 0.007706
13 0.273499 0.066410 0.011127 0.006800
13 0.464422 0.064710 0.009956 0.003853
12 0.314788 0.065843 0.009956 0.006120
12 0.322694 0.037965 0.006442 0.003853
13 0.343631 0.063010 0.010249 0.007706
13 0.728551 0.063010 0.011713 0.008160
13 0.700000 0.059950 0.010835 0.007026
12 0.748609 0.059723 0.010835 0.007026
13 0.371010 0.059497 0.009370 0.006573
12 0.672328 0.059157 0.010542 0.006346
13 0.388141 0.056210 0.010249 0.007253
13 0.414641 0.053264 0.009956 0.006800
13 0.433236 0.049977 0.011420 0.007480
13 0.885066 0.046804 0.010249 0.007480
13 0.450952 0.046351 0.011127 0.007026
13 0.575549 0.046351 0.010835 0.007480
12 0.908492 0.044084 0.011420 0.007480
13 0.859151 0.043744 0.011127 0.007253
12 0.829722 0.043404 0.010835 0.007480
12 0.526354 0.042951 0.010835 0.007480
12 0.597365 0.042838 0.011127 0.007706
13 0.556515 0.042838 0.011420 0.007706
13 0.481259 0.036151 0.010835 0.007480
1 0.056369 0.947529 0.023133 0.043744
1 0.056808 0.057004 0.024597 0.050544
4 0.331625 0.062443 0.009663 0.021985
4 0.399854 0.214529 0.010249 0.021079
3 0.514202 0.042951 0.007613 0.021079
4 0.360029 0.059497 0.010249 0.021532
5 0.440996 0.115254 0.009370 0.017452
4 0.816837 0.043404 0.010835 0.021079
4 0.716105 0.063123 0.010249 0.021985
3 0.261347 0.066296 0.007321 0.021079
5 0.780820 0.337602 0.009663 0.016999
3 0.467204 0.035698 0.007321 0.021985
4 0.869253 0.385086 0.010249 0.021306
4 0.582284 0.323776 0.009663 0.020172
4 0.873499 0.047144 0.010542 0.020852
4 0.905564 0.128173 0.010249 0.021532
5 0.477160 0.139733 0.008492 0.016999
3 0.825622 0.193903 0.006735 0.021985
4 0.859297 0.117520 0.010249 0.021532
4 0.197218 0.485834 0.010249 0.021079
3 0.527965 0.120240 0.007613 0.021532
1 0.055783 0.230621 0.023719 0.051451
3 0.679649 0.115254 0.007613 0.021532
4 0.436018 0.302017 0.010542 0.021079
3 0.936018 0.218155 0.007321 0.021079
3 0.130747 0.079896 0.007321 0.019719
1 0.055783 0.663078 0.024305 0.051451
5 0.102343 0.075816 0.009078 0.017452
1 0.055783 0.855961 0.023719 0.051904
4 0.919327 0.339642 0.010249 0.021079
4 0.483602 0.495127 0.010249 0.021532
4 0.135725 0.230168 0.010249 0.021079
4 0.832211 0.564257 0.011127 0.021985
4 0.764129 0.569243 0.010249 0.021532
4 0.412152 0.505100 0.010835 0.021079
4 0.721962 0.347121 0.010249 0.022439
4 0.584919 0.122733 0.010835 0.021532
4 0.352269 0.495354 0.009956 0.021079
3 0.717570 0.140186 0.007906 0.021079
4 0.223865 0.277312 0.010249 0.021532
4 0.749195 0.849615 0.007321 0.013826
1 0.055198 0.404692 0.024305 0.051451
4 0.258712 0.302017 0.010835 0.021079
4 0.306296 0.498753 0.010542 0.021532
3 0.827965 0.341002 0.006735 0.020626
4 0.134407 0.304284 0.010542 0.021532
1 0.056369 0.759406 0.024305 0.050997
1 0.055783 0.583749 0.023719 0.051451
1 0.055051 0.491727 0.024597 0.051451
4 0.526208 0.567883 0.010542 0.021079
1 0.056662 0.317656 0.024305 0.050544
4 0.101464 0.281392 0.010249 0.021532
1 0.056076 0.139959 0.023719 0.045104
4 0.514056 0.229714 0.010249 0.021079
4 0.455344 0.498867 0.009956 0.021759
3 0.872182 0.338962 0.007321 0.021079
4 0.087262 0.488894 0.009956 0.019946
4 0.077892 0.478468 0.009956 0.020852
4 0.085798 0.139846 0.009956 0.020852
4 0.077013 0.129420 0.009956 0.020852
4 0.087848 0.580462 0.009956 0.020852
4 0.078770 0.570263 0.009370 0.020399
4 0.086384 0.052811 0.009370 0.020852
4 0.077306 0.042611 0.009370 0.020399
4 0.088141 0.755440 0.009956 0.020852
4 0.079063 0.745240 0.009956 0.020399
4 0.086384 0.226655 0.010542 0.020399
4 0.077599 0.216682 0.009370 0.020399
4 0.086676 0.314143 0.009956 0.021306
4 0.077892 0.303944 0.009370 0.020852
4 0.087555 0.401405 0.009956 0.019946
4 0.078770 0.390979 0.009956 0.020852
4 0.079795 0.937330 0.010249 0.021079
4 0.089898 0.947076 0.009956 0.021079
4 0.079209 0.649705 0.010249 0.021079
4 0.088141 0.659678 0.009956 0.021079
4 0.078331 0.841908 0.010249 0.021079
4 0.087262 0.851881 0.009956 0.021079