10 0.126912 0.980568 0.017353 0.002955
10 0.207206 0.979205 0.014412 0.005682
10 0.863088 0.977614 0.026176 0.006136
10 0.886912 0.976023 0.009118 0.004773
10 0.797206 0.976023 0.007353 0.004773
10 0.578676 0.976705 0.011471 0.006136
10 0.902206 0.975114 0.009118 0.004773
10 0.798971 0.970341 0.014412 0.005227
10 0.414265 0.968295 0.008529 0.003864
10 0.329559 0.951932 0.008529 0.002955
10 0.564853 0.938068 0.007353 0.003409
10 0.936324 0.964205 0.010294 0.005682
10 0.423382 0.975795 0.009118 0.003409
10 0.659559 0.875568 0.009706 0.005682
10 0.418088 0.866477 0.016176 0.002955
10 0.302500 0.866023 0.017941 0.004773
9 0.406029 0.863977 0.008529 0.009773
10 0.629265 0.860114 0.007941 0.003864
10 0.912500 0.859659 0.010882 0.004773
10 0.596324 0.855795 0.007941 0.003409
9 0.147794 0.846477 0.009706 0.023864
10 0.163382 0.863068 0.038529 0.005227
10 0.375441 0.863977 0.014412 0.003409
10 0.346324 0.863068 0.038529 0.005227
10 0.251618 0.751023 0.016176 0.005682
10 0.600441 0.740568 0.015000 0.004773
10 0.857206 0.738750 0.008529 0.004773
10 0.493382 0.738068 0.007941 0.003409
7 0.192500 0.736591 0.008529 0.027727
10 0.702794 0.730568 0.010294 0.004773
7 0.788971 0.723523 0.013235 0.017045
7 0.565441 0.723295 0.013235 0.017500
7 0.134559 0.723068 0.012647 0.017955
7 0.342206 0.722386 0.012647 0.017500
10 0.433088 0.711250 0.008529 0.006136
10 0.633382 0.728295 0.012647 0.006591
10 0.467794 0.637386 0.007353 0.002955
10 0.238971 0.636932 0.008529 0.004773
10 0.393382 0.631023 0.009118 0.005682
10 0.278088 0.629659 0.011471 0.005682
7 0.132500 0.625341 0.012059 0.016136
7 0.573088 0.624205 0.013235 0.017500
6 0.160147 0.623750 0.013235 0.025682
6 0.601618 0.622841 0.012647 0.025682
10 0.840441 0.612386 0.007941 0.004773
10 0.880147 0.606477 0.007353 0.006591
10 0.426029 0.605795 0.007353 0.005227
9 0.326029 0.613977 0.013235 0.046136
10 0.452794 0.523977 0.013824 0.002500
10 0.884559 0.520114 0.007941 0.002955
10 0.599853 0.513977 0.029118 0.005227
10 0.134559 0.505795 0.027941 0.003409
10 0.203382 0.496364 0.026765 0.002727
9 0.652206 0.494773 0.009118 0.038636
10 0.775147 0.435568 0.007941 0.003864
10 0.268088 0.422386 0.007941 0.005682
10 0.795147 0.417386 0.009118 0.005682
10 0.422206 0.409659 0.007941 0.002955
10 0.173382 0.404432 0.011471 0.006136
10 0.312794 0.400795 0.007941 0.002500
10 0.214559 0.402159 0.009118 0.005227
10 0.666324 0.395568 0.007941 0.002955
10 0.797500 0.393523 0.009118 0.004318
10 0.895735 0.385568 0.009118 0.002955
9 0.497500 0.390455 0.010294 0.025455
9 0.163382 0.389773 0.005588 0.043182
10 0.443971 0.371705 0.007941 0.005227
9 0.317500 0.382273 0.010294 0.052727
10 0.108088 0.338750 0.010294 0.003864
10 0.249559 0.332159 0.010882 0.005227
10 0.361912 0.329659 0.009706 0.006591
10 0.315735 0.327159 0.016176 0.006136
10 0.397500 0.323068 0.007941 0.003409
9 0.329853 0.315795 0.009118 0.037045
9 0.650147 0.309886 0.009706 0.024318
10 0.504853 0.322841 0.012059 0.006591
9 0.780147 0.298750 0.016765 0.047500
9 0.793088 0.296932 0.010882 0.049318
9 0.576324 0.297614 0.012647 0.047955
9 0.949853 0.298068 0.013824 0.048864
10 0.929853 0.237614 0.007941 0.005227
10 0.806029 0.235568 0.007353 0.002955
10 0.815147 0.236250 0.010294 0.006136
10 0.291029 0.235114 0.010294 0.004773
10 0.212500 0.234432 0.012059 0.004318
10 0.517206 0.223750 0.009706 0.005682
9 0.768382 0.227955 0.009706 0.030455
9 0.596324 0.225341 0.016176 0.037045
9 0.680735 0.225795 0.016765 0.037045
9 0.194853 0.229432 0.012059 0.032500
10 0.277206 0.216932 0.012059 0.006591
10 0.118971 0.213295 0.009706 0.006591
10 0.801029 0.209659 0.009118 0.004773
10 0.389265 0.208750 0.009118 0.002955
9 0.181912 0.206250 0.008529 0.013409
9 0.290735 0.206023 0.007353 0.012955
10 0.131618 0.203523 0.018529 0.005227
10 0.663971 0.201932 0.007941 0.005682
10 0.649559 0.201932 0.020294 0.005682
8 0.614853 0.215568 0.012059 0.037500
10 0.686912 0.199886 0.019706 0.002500
10 0.569265 0.200114 0.019706 0.002955
9 0.233676 0.209659 0.015588 0.042045
10 0.780441 0.148295 0.007941 0.006591
9 0.560735 0.151705 0.009706 0.028864
10 0.568971 0.140114 0.007353 0.002955
10 0.916912 0.138750 0.010294 0.005682
10 0.348676 0.133523 0.009118 0.003409
9 0.668382 0.140568 0.016765 0.030227
9 0.939265 0.140341 0.016176 0.030682
9 0.851912 0.138977 0.015588 0.034318
10 0.208676 0.128750 0.010294 0.006591
10 0.296912 0.126932 0.010294 0.003864
10 0.822206 0.121250 0.007941 0.002500
10 0.660441 0.121250 0.009118 0.003409
9 0.191912 0.121477 0.006176 0.013864
10 0.419559 0.121477 0.007353 0.006591
10 0.841912 0.120114 0.015588 0.005682
9 0.113382 0.137386 0.017353 0.046591
9 0.312794 0.117614 0.010294 0.012500
10 0.630441 0.114659 0.015000 0.005682
10 0.678088 0.112614 0.011471 0.002500
10 0.906912 0.112159 0.017353 0.003409
10 0.141912 0.061250 0.010882 0.004318
10 0.507206 0.061023 0.009706 0.005682
10 0.463676 0.060795 0.009706 0.005227
10 0.952500 0.055341 0.008529 0.005227
9 0.825735 0.056932 0.016176 0.029318
9 0.609265 0.056023 0.016176 0.030227
9 0.491029 0.056250 0.016176 0.030682
9 0.382500 0.056023 0.016765 0.030227
9 0.718088 0.056023 0.016176 0.030227
9 0.274853 0.055795 0.016765 0.030682
9 0.168676 0.055795 0.016176 0.030682
9 0.933382 0.045795 0.015000 0.037955
10 0.812794 0.037614 0.010294 0.003409
10 0.705147 0.037614 0.009118 0.003409
10 0.617794 0.036023 0.009706 0.004773
10 0.179265 0.031250 0.015000 0.005227
9 0.469853 0.048977 0.010294 0.029773
12 0.547353 0.964318 0.005294 0.005000
14 0.927500 0.965455 0.013235 0.008636
14 0.502647 0.964318 0.010000 0.006364
14 0.501912 0.926250 0.010294 0.008409
13 0.654559 0.964205 0.012059 0.007955
13 0.683676 0.961023 0.011471 0.007045
13 0.723676 0.958068 0.011471 0.007500
13 0.753676 0.954659 0.010294 0.007045
14 0.411912 0.954318 0.010294 0.006364
13 0.328971 0.954318 0.009118 0.006364
14 0.230000 0.954318 0.010000 0.006364
13 0.146324 0.953864 0.009706 0.006364
13 0.782206 0.951364 0.012059 0.007727
14 0.623971 0.951023 0.012059 0.007955
14 0.821618 0.944659 0.010882 0.007955
14 0.852500 0.941136 0.010294 0.007273
14 0.592941 0.941023 0.011176 0.007045
14 0.561912 0.940795 0.010294 0.007500
14 0.881912 0.938182 0.011471 0.007727
14 0.920735 0.934545 0.010294 0.007727
14 0.949559 0.931364 0.010294 0.007727
14 0.533382 0.929659 0.010882 0.007955
13 0.288088 0.917273 0.010882 0.007727
13 0.106029 0.916250 0.010294 0.007500
14 0.473529 0.915909 0.010000 0.007727
13 0.442941 0.912955 0.010000 0.007273
12 0.371029 0.913068 0.009706 0.007500
13 0.258971 0.913182 0.009118 0.007727
12 0.189118 0.912500 0.010000 0.007273
14 0.801324 0.854886 0.009118 0.003864
13 0.412941 0.854773 0.007059 0.003636
11 0.911912 0.852273 0.022059 0.005909
12 0.920441 0.821023 0.010882 0.007955
13 0.654559 0.850114 0.012059 0.007955
13 0.682500 0.846591 0.010294 0.007273
14 0.500441 0.843409 0.007353 0.006364
14 0.501912 0.812614 0.009118 0.008409
13 0.723676 0.843750 0.011471 0.007955
13 0.330441 0.840455 0.011471 0.006818
13 0.753676 0.840227 0.010294 0.007273
13 0.412794 0.840227 0.009706 0.007273
13 0.231765 0.840227 0.011176 0.007273
13 0.147647 0.840114 0.010000 0.007045
14 0.782794 0.837045 0.012059 0.008182
14 0.624706 0.836932 0.012353 0.007955
14 0.823088 0.830909 0.011471 0.007727
14 0.851618 0.827500 0.009706 0.006364
14 0.561618 0.826932 0.010882 0.007045
14 0.594412 0.826932 0.011765 0.007955
14 0.880735 0.824432 0.011471 0.007500
14 0.533971 0.816250 0.010882 0.007500
14 0.949706 0.813864 0.011176 0.008182
13 0.288235 0.802955 0.010588 0.007273
14 0.473971 0.801818 0.010882 0.007727
13 0.106176 0.801818 0.011176 0.007727
12 0.189706 0.798864 0.009412 0.006364
13 0.259559 0.798977 0.010294 0.007500
12 0.443529 0.798523 0.009412 0.007500
12 0.371029 0.798409 0.009706 0.008182
11 0.164559 0.740455 0.008529 0.007727
14 0.489706 0.737386 0.007647 0.007955
14 0.490000 0.692045 0.010000 0.008182
13 0.375147 0.736477 0.010882 0.007955
14 0.674706 0.733295 0.005882 0.004773
12 0.676618 0.698295 0.009118 0.008409
14 0.838971 0.735795 0.011471 0.007955
18 0.847500 0.734659 0.011471 0.007955
14 0.189559 0.733182 0.011471 0.006818
11 0.933529 0.732045 0.008824 0.005000
14 0.939412 0.696250 0.008824 0.007500
14 0.923088 0.731364 0.007941 0.006818
12 0.683529 0.730455 0.009412 0.007727
13 0.689118 0.722500 0.010588 0.008182
13 0.692353 0.692273 0.009412 0.006818
18 0.627206 0.729318 0.010882 0.007273
14 0.620441 0.709545 0.009706 0.007727
14 0.400882 0.729659 0.011176 0.007955
14 0.204853 0.726591 0.010294 0.007273
14 0.821912 0.720227 0.010294 0.007273
14 0.864559 0.717045 0.010882 0.008182
14 0.838382 0.716932 0.010294 0.007955
14 0.236176 0.716818 0.010588 0.007727
14 0.221029 0.716818 0.010882 0.007727
14 0.595147 0.716477 0.012059 0.007955
14 0.416618 0.716364 0.011471 0.007727
14 0.448088 0.713182 0.009706 0.007727
13 0.432500 0.712955 0.010294 0.007273
14 0.262794 0.709659 0.010882 0.007955
14 0.474559 0.706250 0.010882 0.007500
14 0.645441 0.706023 0.010294 0.007955
14 0.899559 0.702841 0.011471 0.007955
12 0.906912 0.739091 0.015588 0.006818
14 0.915147 0.698977 0.008529 0.007500
14 0.882206 0.702841 0.009706 0.007955
14 0.278529 0.702159 0.010588 0.007500
14 0.660735 0.698295 0.009118 0.007955
12 0.105588 0.695341 0.010000 0.007500
14 0.965147 0.692614 0.010882 0.008409
14 0.294853 0.691364 0.010294 0.007727
12 0.310735 0.691364 0.010294 0.008636
12 0.535882 0.688523 0.010588 0.007500
14 0.505147 0.687955 0.010882 0.008182
14 0.716618 0.684886 0.009118 0.008409
18 0.742794 0.681477 0.010882 0.007955
18 0.761029 0.681136 0.010882 0.008182
12 0.199853 0.645909 0.010882 0.007727
11 0.212500 0.611023 0.013824 0.009318
14 0.215735 0.638409 0.010882 0.008182
14 0.646618 0.645341 0.011471 0.008409
14 0.662794 0.637955 0.010882 0.008182
14 0.687941 0.634432 0.010588 0.006591
14 0.687206 0.611818 0.017353 0.006364
14 0.241324 0.634318 0.010294 0.006364
14 0.702794 0.631818 0.010882 0.007727
14 0.256029 0.631818 0.010294 0.007727
13 0.450441 0.627500 0.006176 0.004545
13 0.450441 0.607841 0.009706 0.007955
14 0.727206 0.627727 0.010294 0.006818
14 0.278529 0.627727 0.010588 0.006818
14 0.776029 0.625114 0.010294 0.007955
14 0.751324 0.625000 0.010294 0.007727
14 0.324265 0.625227 0.011471 0.008182
14 0.301765 0.625114 0.012353 0.007955
14 0.798971 0.621705 0.010294 0.007500
14 0.346618 0.621705 0.010294 0.007500
14 0.371912 0.618295 0.009118 0.007955
14 0.824265 0.618068 0.010294 0.008409
14 0.839265 0.614773 0.009706 0.007273
14 0.386618 0.614773 0.009118 0.007273
14 0.411324 0.611477 0.010294 0.007955
14 0.864118 0.611250 0.011176 0.008409
11 0.867794 0.641136 0.007353 0.004545
14 0.878382 0.607727 0.009118 0.007727
14 0.903676 0.607727 0.009118 0.007727
14 0.425735 0.607727 0.008529 0.007727
14 0.918088 0.603750 0.009706 0.007955
14 0.465441 0.603636 0.010294 0.007727
14 0.965294 0.600455 0.010588 0.007727
14 0.941176 0.600114 0.009412 0.007955
14 0.488529 0.600114 0.010000 0.007955
14 0.510735 0.599773 0.010294 0.008182
12 0.547206 0.596591 0.010294 0.007273
12 0.105147 0.572955 0.009706 0.007273
17 0.513088 0.534432 0.007941 0.004773
13 0.511912 0.495227 0.010294 0.008182
13 0.146324 0.530227 0.010882 0.007273
17 0.830882 0.527841 0.005882 0.007045
13 0.178382 0.526818 0.010294 0.007727
13 0.251471 0.523523 0.011176 0.007500
13 0.218824 0.523409 0.011176 0.007273
13 0.284559 0.520341 0.010882 0.007500
13 0.105441 0.520455 0.011471 0.007727
13 0.330441 0.506818 0.010882 0.007727
13 0.363382 0.506591 0.010882 0.008182
12 0.395147 0.503068 0.010294 0.007500
13 0.587647 0.498523 0.010588 0.007500
13 0.470147 0.498523 0.011471 0.007500
13 0.437059 0.498750 0.011176 0.007955
13 0.687206 0.495114 0.010294 0.007955
13 0.620441 0.495114 0.009706 0.007955
13 0.719559 0.482614 0.010294 0.007500
13 0.796029 0.481932 0.010294 0.007955
13 0.555147 0.481591 0.010882 0.007273
13 0.654412 0.481591 0.010588 0.008182
18 0.908824 0.475341 0.010000 0.007500
12 0.830735 0.475568 0.010294 0.007955
12 0.764265 0.474886 0.010294 0.007500
18 0.875000 0.472045 0.010000 0.007273
12 0.941618 0.471705 0.009706 0.007500
13 0.871618 0.433295 0.009706 0.007955
13 0.693088 0.428636 0.006765 0.004091
13 0.693676 0.395227 0.010294 0.008182
13 0.902500 0.429659 0.010294 0.007955
13 0.920588 0.425909 0.010588 0.007727
13 0.939559 0.418750 0.010294 0.006136
13 0.795441 0.418636 0.010294 0.006818
13 0.814559 0.412273 0.010882 0.006818
13 0.958382 0.409432 0.011471 0.007500
13 0.843382 0.409205 0.012059 0.007955
13 0.722059 0.409205 0.011765 0.007955
12 0.750147 0.405795 0.010294 0.007500
13 0.768971 0.402386 0.011471 0.007955
13 0.638088 0.402045 0.011471 0.008182
13 0.665147 0.398636 0.009706 0.007727
13 0.573382 0.395227 0.010882 0.008182
13 0.105147 0.392273 0.009706 0.007727
13 0.243971 0.387614 0.010882 0.008409
13 0.591176 0.386932 0.010588 0.007955
13 0.123088 0.384318 0.009118 0.007273
13 0.499118 0.383295 0.010000 0.007045
13 0.618676 0.383295 0.009706 0.007955
13 0.271912 0.381136 0.010294 0.007273
13 0.526912 0.380114 0.010294 0.007955
13 0.150441 0.377727 0.009706 0.007727
13 0.413235 0.376932 0.010000 0.007045
13 0.288971 0.377500 0.010294 0.008182
13 0.543088 0.377045 0.010294 0.008182
13 0.168382 0.374205 0.009118 0.007955
13 0.442794 0.373636 0.009706 0.007727
13 0.306471 0.373636 0.009412 0.007727
13 0.196029 0.370455 0.010294 0.007727
13 0.470735 0.370455 0.010294 0.008636
18 0.324559 0.367500 0.009706 0.007273
12 0.225441 0.366932 0.010294 0.007955
12 0.342500 0.363636 0.010294 0.007727
18 0.386618 0.360000 0.010294 0.007727
11 0.433824 0.325909 0.006471 0.004091
13 0.443088 0.288977 0.010294 0.008409
11 0.840882 0.325455 0.006471 0.004091
13 0.850147 0.296932 0.011471 0.007955
11 0.172353 0.327386 0.009412 0.007955
12 0.182794 0.311023 0.010882 0.007045
13 0.518824 0.324659 0.008235 0.004773
13 0.520441 0.296477 0.010882 0.007955
13 0.686618 0.319886 0.011471 0.007955
13 0.685588 0.300114 0.012353 0.007955
18 0.694559 0.319886 0.011471 0.007955
18 0.548676 0.315000 0.010882 0.003182
13 0.298529 0.314091 0.011765 0.007727
12 0.200735 0.314205 0.011471 0.007955
12 0.105000 0.314205 0.011176 0.007955
14 0.279265 0.311023 0.010882 0.007045
13 0.146029 0.310909 0.010294 0.006818
13 0.242500 0.310795 0.011471 0.007500
13 0.332500 0.307614 0.011471 0.007500
13 0.475735 0.307159 0.010882 0.007500
13 0.827647 0.303864 0.011176 0.007273
13 0.497206 0.303523 0.010294 0.006591
13 0.649559 0.303409 0.010294 0.007273
13 0.355000 0.300455 0.011176 0.007727
13 0.719853 0.296591 0.010882 0.008182
13 0.872500 0.292159 0.009118 0.007500
13 0.419559 0.292159 0.009118 0.007500
13 0.386765 0.292500 0.010000 0.008182
13 0.745147 0.288864 0.009706 0.008182
13 0.541324 0.288977 0.010294 0.008409
13 0.907353 0.285909 0.010588 0.007727
13 0.928088 0.282614 0.009706 0.007500
13 0.576912 0.282500 0.009706 0.008182
13 0.778088 0.281591 0.009706 0.007273
13 0.951471 0.279432 0.009412 0.007500
13 0.598382 0.278523 0.010294 0.007500
13 0.800735 0.278295 0.010294 0.007955
13 0.104706 0.239318 0.011176 0.008182
11 0.186765 0.235795 0.006471 0.003864
12 0.196029 0.218864 0.010294 0.007273
12 0.121912 0.232159 0.010294 0.006591
12 0.129265 0.209773 0.005000 0.005000
12 0.725882 0.232159 0.011176 0.007500
12 0.631618 0.231932 0.010882 0.007045
12 0.548529 0.232045 0.010588 0.007273
13 0.213382 0.231818 0.010882 0.006818
13 0.664559 0.228864 0.010882 0.007273
14 0.613382 0.228750 0.010882 0.007955
13 0.578382 0.228636 0.012059 0.007727
13 0.873824 0.225682 0.009412 0.007273
13 0.754853 0.225568 0.010294 0.007045
13 0.139706 0.225227 0.011176 0.006364
13 0.516912 0.225114 0.009706 0.007045
13 0.322941 0.224659 0.009412 0.006136
13 0.231324 0.224659 0.010294 0.006136
13 0.891029 0.222386 0.010882 0.007955
14 0.891618 0.207614 0.008529 0.004773
13 0.500735 0.222273 0.011471 0.007727
13 0.250000 0.222273 0.011176 0.007727
12 0.166912 0.222500 0.010882 0.008182
13 0.773088 0.218864 0.010294 0.007273
12 0.275294 0.218750 0.010000 0.007045
13 0.905441 0.215568 0.010294 0.007955
13 0.484559 0.215568 0.010882 0.007955
13 0.341324 0.215455 0.010294 0.007727
11 0.345147 0.238182 0.015588 0.005909
12 0.358676 0.212273 0.009706 0.006818
13 0.697353 0.213068 0.007059 0.003864
13 0.698382 0.228750 0.011471 0.007955
13 0.304853 0.215227 0.011471 0.008182
13 0.828824 0.212273 0.010588 0.007727
13 0.800735 0.212159 0.009118 0.007500
12 0.388382 0.212045 0.010294 0.007273
13 0.921029 0.208750 0.009706 0.007955
13 0.846618 0.208523 0.011471 0.008409
13 0.468382 0.208523 0.011471 0.008409
13 0.418382 0.208523 0.011471 0.008409
13 0.946618 0.200909 0.010294 0.007727
13 0.452206 0.200909 0.010882 0.007727
13 0.961912 0.196705 0.010294 0.007500
13 0.434559 0.196364 0.010882 0.007727
12 0.800147 0.157500 0.010294 0.008182
12 0.709853 0.154091 0.010882 0.007727
12 0.888382 0.153295 0.010294 0.007955
14 0.364412 0.151364 0.005294 0.005000
13 0.367206 0.126477 0.010294 0.007955
13 0.104853 0.150682 0.010294 0.007273
18 0.308235 0.146818 0.008235 0.003182
13 0.247647 0.148295 0.011176 0.009773
13 0.247353 0.136364 0.011176 0.006364
14 0.869853 0.147045 0.010882 0.008182
13 0.831912 0.146932 0.011471 0.007955
14 0.781324 0.146818 0.011471 0.007727
13 0.742206 0.146818 0.010882 0.007727
12 0.615735 0.146477 0.010882 0.007955
13 0.227794 0.143295 0.010294 0.006591
13 0.125588 0.143409 0.010588 0.007273
11 0.136912 0.121364 0.011471 0.007727
13 0.567500 0.142727 0.009706 0.006818
14 0.688971 0.140114 0.011471 0.007955
13 0.648382 0.140000 0.011471 0.007727
12 0.958676 0.136591 0.010882 0.006364
13 0.918382 0.136591 0.010294 0.006364
13 0.546471 0.136705 0.010000 0.007045
13 0.347794 0.136364 0.010294 0.006818
13 0.146324 0.136364 0.012059 0.006818
13 0.265588 0.133409 0.010588 0.008182
12 0.175441 0.133409 0.011471 0.008182
13 0.207941 0.129773 0.010588 0.006364
12 0.297206 0.129659 0.010294 0.007045
13 0.527500 0.126818 0.009706 0.007273
13 0.328676 0.126591 0.010882 0.008182
13 0.386324 0.123068 0.009706 0.006591
12 0.418088 0.122955 0.009706 0.007273
18 0.192353 0.118977 0.007647 0.003864
13 0.508088 0.120114 0.012059 0.007955
13 0.450441 0.120000 0.012059 0.007727
13 0.488088 0.112273 0.009706 0.007727
13 0.468824 0.108068 0.010000 0.007500
12 0.763382 0.073295 0.010882 0.007955
12 0.657059 0.070227 0.011176 0.007273
12 0.871912 0.070114 0.010294 0.007955
12 0.321176 0.070114 0.010000 0.007955
12 0.107059 0.070000 0.010000 0.007727
14 0.846324 0.063068 0.012059 0.007500
13 0.799412 0.062955 0.011176 0.007273
14 0.738235 0.062727 0.011765 0.007727
13 0.692941 0.062727 0.011176 0.007727
12 0.428971 0.062614 0.011471 0.007500
12 0.548971 0.062386 0.011471 0.007955
12 0.214265 0.062386 0.011471 0.007955
14 0.508971 0.058864 0.010294 0.006364
13 0.464559 0.058636 0.010882 0.005909
14 0.401618 0.058977 0.010882 0.006591
13 0.357941 0.058636 0.011176 0.005909
13 0.142353 0.058750 0.011176 0.006136
14 0.294559 0.058409 0.010882 0.006364
13 0.249853 0.058409 0.010882 0.006364
14 0.187206 0.058750 0.011471 0.007045
13 0.629559 0.056250 0.011471 0.007500
13 0.583088 0.056250 0.011471 0.007500
14 0.951324 0.053295 0.010294 0.007045
13 0.906471 0.052727 0.011176 0.005909
4 0.404559 0.123295 0.010882 0.021591
3 0.372500 0.292386 0.007941 0.021591
3 0.456029 0.369886 0.007941 0.022955
4 0.816029 0.212386 0.010294 0.022500
1 0.032794 0.049432 0.025000 0.051136
4 0.372794 0.211932 0.010882 0.021591
3 0.891029 0.285795 0.007353 0.021136
3 0.788088 0.212386 0.008529 0.021591
3 0.601912 0.146477 0.007941 0.021591
5 0.371912 0.357159 0.010294 0.017500
4 0.228088 0.310795 0.010882 0.021136
4 0.933088 0.200341 0.010294 0.022045
3 0.090735 0.573295 0.007941 0.021591
4 0.858971 0.225568 0.011471 0.020682
4 0.706029 0.297159 0.010294 0.021136
1 0.029265 0.409432 0.025000 0.052045
3 0.258382 0.382841 0.007941 0.017955
3 0.559559 0.395114 0.007941 0.022500
4 0.762794 0.282614 0.010882 0.022045
3 0.631324 0.645568 0.007941 0.021591
3 0.133088 0.311250 0.007941 0.021136
3 0.313088 0.624886 0.007941 0.022045
1 0.029853 0.133295 0.025000 0.051591
3 0.679853 0.394886 0.008529 0.022955
4 0.562794 0.282614 0.010882 0.020227
1 0.029265 0.218295 0.023824 0.043409
3 0.398971 0.378068 0.007941 0.021136
4 0.512794 0.379659 0.010882 0.023409
4 0.404265 0.292386 0.011471 0.021591
5 0.651029 0.394659 0.010882 0.017955
4 0.742206 0.225114 0.010882 0.020682
3 0.315441 0.506932 0.007941 0.021591
4 0.461618 0.306932 0.010882 0.021591
4 0.248971 0.709659 0.010294 0.021591
5 0.829265 0.405341 0.009706 0.018409
4 0.807500 0.830795 0.010882 0.021136
4 0.807794 0.944659 0.011471 0.021591
4 0.211029 0.367159 0.010882 0.022045
4 0.887500 0.430114 0.010882 0.022500
4 0.650441 0.228523 0.010882 0.022045
4 0.137794 0.377386 0.010294 0.021591
4 0.708676 0.843295 0.010882 0.021591
4 0.318088 0.307159 0.010882 0.021136
4 0.905147 0.935114 0.010882 0.021591
4 0.387206 0.729432 0.011471 0.022045
4 0.852206 0.716932 0.010882 0.021591
3 0.859265 0.471477 0.008529 0.022500
5 0.606029 0.379886 0.010294 0.017500
3 0.091029 0.695114 0.007353 0.021591
1 0.028676 0.837159 0.025000 0.051136
1 0.030735 0.519886 0.024412 0.051136
5 0.201324 0.519432 0.010294 0.017500
3 0.540147 0.482159 0.007941 0.022045
4 0.462206 0.706477 0.010882 0.021591
3 0.532206 0.596477 0.007353 0.021591
3 0.782500 0.418977 0.007941 0.021136
3 0.496029 0.495568 0.007941 0.022500
4 0.708676 0.958068 0.010882 0.021136
3 0.185441 0.646023 0.007941 0.021591
3 0.808382 0.720795 0.007941 0.022045
4 0.812206 0.618068 0.010882 0.022045
1 0.026324 0.950795 0.025000 0.051136
4 0.675441 0.634432 0.010294 0.021136
1 0.029265 0.625568 0.025000 0.051591
4 0.437500 0.608523 0.010882 0.022045
1 0.029853 0.723068 0.026176 0.052045
4 0.851324 0.611250 0.010294 0.022045
4 0.891029 0.608068 0.010882 0.021136
1 0.030441 0.313523 0.025000 0.052045
5 0.421324 0.495341 0.009118 0.017500
4 0.399265 0.611477 0.010882 0.021591
3 0.131029 0.529886 0.008529 0.021136
4 0.091618 0.392386 0.010882 0.021591
3 0.091618 0.520114 0.008529 0.021591
4 0.737206 0.405568 0.010294 0.021591
5 0.858088 0.430341 0.009706 0.017500
5 0.748971 0.472159 0.009118 0.017500
5 0.708088 0.405795 0.009706 0.017500
5 0.484853 0.380341 0.009118 0.017500
3 0.607941 0.709318 0.008824 0.020455
4 0.633235 0.705909 0.010000 0.020909
3 0.704412 0.685455 0.006471 0.020000
4 0.729118 0.681818 0.010000 0.021818
3 0.953235 0.600682 0.006471 0.022273
5 0.928824 0.595909 0.008235 0.016364
3 0.927941 0.695682 0.006471 0.021364
4 0.951765 0.691818 0.009412 0.020909
3 0.153529 0.740000 0.007059 0.020909
4 0.176765 0.733409 0.010000 0.020455
3 0.336471 0.621364 0.007059 0.020909
4 0.359706 0.617955 0.010000 0.021364
3 0.715882 0.627955 0.007059 0.020455
5 0.738529 0.620227 0.011176 0.019545
4 0.067941 0.517045 0.010000 0.020455
4 0.057647 0.506591 0.010588 0.021364
4 0.067647 0.219091 0.009412 0.020000
4 0.057941 0.208409 0.010000 0.021364
3 0.499412 0.600455 0.007059 0.021818
5 0.476471 0.596364 0.008235 0.016364
4 0.069412 0.046136 0.010588 0.020455
4 0.059706 0.035909 0.010000 0.020909
4 0.068235 0.719773 0.010588 0.020455
4 0.057353 0.709545 0.010000 0.020909
3 0.763529 0.625000 0.007059 0.020909
3 0.787059 0.621591 0.007059 0.020455
4 0.068529 0.130227 0.010000 0.020455
4 0.057647 0.119773 0.009412 0.020455
4 0.067941 0.621818 0.010000 0.020909
4 0.057941 0.611818 0.010000 0.020909
4 0.066471 0.947727 0.010588 0.020000
4 0.056471 0.937500 0.010588 0.021364
4 0.068529 0.311136 0.010000 0.020455
4 0.057353 0.300682 0.010000 0.021364
3 0.267647 0.627727 0.007059 0.020000
5 0.289706 0.621364 0.008824 0.017273
4 0.067353 0.406136 0.010000 0.020455
4 0.057647 0.395682 0.010588 0.021364
4 0.066765 0.833409 0.010000 0.020455
4 0.057647 0.823409 0.010588 0.020455