9 0.765103 0.956556 0.015836 0.038339
7 0.163783 0.952926 0.010264 0.030626
10 0.546774 0.946121 0.010264 0.002949
7 0.914223 0.947255 0.013196 0.017468
8 0.426246 0.948956 0.015543 0.023140
7 0.308065 0.945327 0.012610 0.017241
6 0.942962 0.946348 0.012023 0.025635
6 0.335484 0.944533 0.013490 0.025635
6 0.390176 0.944306 0.012610 0.026089
9 0.710704 0.942491 0.009677 0.024728
9 0.643842 0.942037 0.009677 0.024274
9 0.614076 0.937954 0.014663 0.046053
10 0.737683 0.865812 0.008504 0.004764
10 0.331525 0.860821 0.013783 0.005218
10 0.401613 0.859687 0.008504 0.003857
9 0.960264 0.848004 0.006745 0.037205
10 0.634751 0.841538 0.010850 0.004764
9 0.277859 0.850272 0.011437 0.024501
9 0.326833 0.849932 0.009677 0.024274
10 0.493109 0.839723 0.010264 0.005218
8 0.745894 0.844034 0.009091 0.024728
10 0.388416 0.834959 0.008504 0.006125
10 0.794868 0.762591 0.009677 0.005218
10 0.780499 0.758054 0.012610 0.007033
9 0.490469 0.760776 0.008504 0.026089
10 0.403812 0.753063 0.009384 0.004764
10 0.305425 0.742060 0.009677 0.006352
6 0.836070 0.747391 0.005865 0.029719
6 0.668328 0.746937 0.005865 0.029719
6 0.237830 0.746711 0.005865 0.029719
6 0.383284 0.746484 0.005865 0.029719
9 0.430059 0.736388 0.006745 0.024501
9 0.725660 0.729242 0.017302 0.030172
9 0.694282 0.732645 0.010850 0.032895
9 0.771408 0.739678 0.010264 0.045599
9 0.914516 0.738317 0.017889 0.056942
10 0.187390 0.654152 0.007625 0.003403
9 0.368768 0.656193 0.012610 0.036071
9 0.690909 0.644850 0.012903 0.036071
10 0.947361 0.637137 0.010850 0.006125
6 0.240176 0.648026 0.006452 0.030172
10 0.620674 0.636003 0.009677 0.006579
10 0.673754 0.556602 0.007918 0.003857
10 0.654106 0.553879 0.023754 0.003857
10 0.486950 0.547527 0.009091 0.002495
10 0.364956 0.537772 0.007918 0.006125
10 0.906891 0.537319 0.009091 0.007033
10 0.157038 0.536865 0.009677 0.007033
10 0.240909 0.462455 0.014370 0.002949
10 0.608651 0.452926 0.008504 0.004310
10 0.665396 0.449524 0.007625 0.004764
10 0.897214 0.444306 0.009091 0.006125
10 0.192815 0.444079 0.007918 0.006125
9 0.298680 0.444873 0.006158 0.034029
9 0.325660 0.443058 0.009091 0.028131
10 0.541496 0.437273 0.010850 0.005218
10 0.937390 0.436366 0.010850 0.003857
6 0.421701 0.448162 0.005865 0.030172
7 0.819501 0.442831 0.014370 0.027677
10 0.146774 0.434097 0.008504 0.004764
9 0.519062 0.442264 0.012317 0.028811
10 0.459677 0.428426 0.017302 0.002949
9 0.443255 0.442831 0.014956 0.027223
10 0.315396 0.374887 0.017302 0.002495
10 0.287830 0.372618 0.009091 0.003857
10 0.425367 0.356284 0.008504 0.004310
8 0.311584 0.359120 0.007331 0.024501
10 0.832845 0.347096 0.013490 0.005898
9 0.288416 0.359006 0.010850 0.036525
10 0.527713 0.341311 0.008504 0.004764
10 0.399853 0.336547 0.008504 0.004764
10 0.921848 0.336320 0.009677 0.003403
9 0.538270 0.336774 0.009677 0.031987
9 0.239883 0.341311 0.012903 0.033802
10 0.036070 0.250794 0.008798 0.006125
9 0.919648 0.264632 0.012903 0.039701
10 0.860704 0.243308 0.007625 0.004310
10 0.736364 0.247391 0.014076 0.006579
10 0.224780 0.241493 0.007331 0.005672
10 0.270821 0.238090 0.010264 0.006125
9 0.179765 0.244669 0.012317 0.034710
10 0.386364 0.227427 0.019648 0.005218
10 0.691789 0.144964 0.008211 0.006806
6 0.404399 0.149614 0.005865 0.030172
10 0.577859 0.134642 0.007918 0.004764
8 0.584457 0.139179 0.014076 0.031080
9 0.917155 0.137364 0.013196 0.035617
10 0.679326 0.057736 0.007918 0.002495
10 0.254106 0.056375 0.012610 0.003857
10 0.789883 0.054787 0.016716 0.003403
10 0.156305 0.054787 0.015249 0.003857
12 0.845748 0.963362 0.011144 0.007486
13 0.243548 0.962568 0.010264 0.007260
12 0.885777 0.960413 0.011437 0.007940
13 0.818475 0.960186 0.010557 0.007940
12 0.280792 0.959165 0.010850 0.007713
13 0.216862 0.959165 0.010850 0.007713
13 0.767889 0.949750 0.010264 0.007033
13 0.164223 0.948730 0.008798 0.006352
12 0.789589 0.946574 0.010850 0.007940
13 0.739736 0.946234 0.010850 0.008167
13 0.136804 0.946007 0.012023 0.008167
12 0.187390 0.945667 0.012317 0.007940
13 0.453666 0.940336 0.013490 0.006352
12 0.450293 0.920826 0.010264 0.008167
13 0.672727 0.939315 0.010557 0.007486
18 0.838563 0.936933 0.007331 0.003630
12 0.710117 0.936025 0.010264 0.006806
12 0.107771 0.936025 0.010264 0.007260
13 0.642669 0.935572 0.010264 0.007260
13 0.592229 0.923548 0.009091 0.007713
12 0.613490 0.921053 0.010557 0.007260
13 0.562610 0.920939 0.009677 0.007940
13 0.469355 0.916969 0.009677 0.007713
13 0.499120 0.913339 0.009971 0.007713
12 0.534311 0.909596 0.009384 0.007486
13 0.028006 0.871484 0.009677 0.003857
11 0.656158 0.865358 0.011437 0.006125
13 0.667595 0.865358 0.011437 0.006125
12 0.665249 0.847436 0.011437 0.007940
13 0.635924 0.865132 0.012023 0.006579
13 0.634604 0.843693 0.009971 0.006806
11 0.688856 0.864451 0.017595 0.007940
13 0.703959 0.840744 0.011437 0.007713
13 0.684018 0.843920 0.010264 0.006352
11 0.756012 0.861956 0.011730 0.007940
13 0.764516 0.860594 0.011730 0.007940
13 0.765836 0.825658 0.009677 0.007486
12 0.381965 0.860254 0.010850 0.007260
13 0.386950 0.836547 0.009677 0.007033
13 0.408504 0.854242 0.007038 0.007033
13 0.408065 0.825091 0.009677 0.007713
13 0.205865 0.852995 0.006452 0.004537
13 0.206598 0.830195 0.011437 0.007486
13 0.561877 0.853562 0.009971 0.007486
13 0.560264 0.829288 0.010264 0.007033
13 0.306012 0.846756 0.010850 0.008394
13 0.725073 0.843920 0.011437 0.006806
13 0.278592 0.843466 0.009971 0.006806
13 0.367302 0.843466 0.010264 0.007260
13 0.326246 0.843466 0.010264 0.007260
13 0.966422 0.842105 0.010850 0.007713
13 0.248094 0.840404 0.011730 0.007940
13 0.346481 0.840177 0.012023 0.007940
13 0.603959 0.839950 0.012023 0.008394
13 0.938856 0.838702 0.010850 0.007713
13 0.745015 0.837341 0.010264 0.007260
13 0.227126 0.836887 0.010264 0.007260
13 0.581818 0.836320 0.009971 0.007486
13 0.888123 0.826565 0.010850 0.007940
12 0.908944 0.823389 0.009677 0.007940
13 0.858651 0.822595 0.009384 0.007260
13 0.156745 0.818512 0.010264 0.007260
12 0.785777 0.818512 0.010850 0.007713
13 0.428446 0.817264 0.009971 0.007486
13 0.510997 0.817264 0.010264 0.007940
13 0.130938 0.814655 0.009091 0.006806
12 0.106598 0.814655 0.009677 0.007713
13 0.534164 0.813861 0.009677 0.007486
13 0.489589 0.813861 0.010850 0.007486
12 0.460557 0.813861 0.009091 0.007486
12 0.178739 0.814201 0.009677 0.008167
12 0.822434 0.811933 0.010264 0.007713
12 0.213636 0.767582 0.010264 0.007486
12 0.355425 0.763612 0.011144 0.007260
12 0.497507 0.753743 0.010850 0.007940
12 0.572874 0.749773 0.010264 0.005898
12 0.810264 0.747731 0.011144 0.007713
12 0.640909 0.747278 0.010264 0.007260
12 0.897654 0.745009 0.009971 0.007260
13 0.305425 0.743308 0.010264 0.006579
12 0.955279 0.741606 0.011437 0.008167
12 0.256305 0.740926 0.011730 0.007713
13 0.284897 0.740585 0.011437 0.007940
12 0.326833 0.740245 0.010850 0.007713
13 0.162317 0.737296 0.010264 0.007260
12 0.184897 0.733779 0.012023 0.007940
13 0.134604 0.733666 0.011730 0.008167
12 0.108358 0.733666 0.011437 0.008167
13 0.446481 0.733326 0.012023 0.007940
13 0.427419 0.729809 0.010264 0.006806
12 0.467302 0.729583 0.010264 0.006806
12 0.398680 0.729809 0.010264 0.007713
13 0.752346 0.725953 0.010264 0.007713
12 0.542815 0.726066 0.010557 0.007940
11 0.773167 0.722777 0.009677 0.007713
12 0.724047 0.721756 0.010557 0.006579
12 0.695748 0.722323 0.010850 0.007713
12 0.606598 0.722210 0.009677 0.007940
12 0.862023 0.718920 0.010264 0.007713
12 0.925073 0.715971 0.009677 0.008167
12 0.953519 0.676724 0.010264 0.007260
12 0.215103 0.676724 0.010264 0.007260
13 0.265396 0.672754 0.009971 0.007033
13 0.295748 0.673208 0.010850 0.008848
13 0.359971 0.669011 0.010264 0.007713
13 0.315543 0.668671 0.010557 0.007940
11 0.324194 0.648253 0.012023 0.006579
12 0.796334 0.665381 0.010264 0.007260
13 0.382551 0.664701 0.010850 0.007260
13 0.404545 0.661411 0.010264 0.007940
11 0.412757 0.640880 0.008504 0.007713
12 0.600587 0.660957 0.009384 0.009301
13 0.599853 0.640767 0.010850 0.007486
11 0.609971 0.660957 0.009384 0.009301
13 0.619355 0.660957 0.009384 0.009301
12 0.620528 0.637591 0.009971 0.007033
13 0.476979 0.657895 0.010850 0.006806
12 0.485777 0.638044 0.006745 0.005672
13 0.434457 0.658008 0.011437 0.007033
13 0.161730 0.655626 0.010264 0.007713
13 0.901320 0.655286 0.011437 0.007486
13 0.505132 0.654605 0.009677 0.007486
17 0.516129 0.635209 0.011144 0.005898
12 0.923021 0.651770 0.012023 0.006806
13 0.133578 0.651883 0.010850 0.007033
12 0.108211 0.651883 0.011144 0.007033
13 0.185924 0.651883 0.011730 0.007486
13 0.873607 0.651543 0.011730 0.007260
12 0.842082 0.651089 0.011437 0.006352
13 0.533578 0.650408 0.010850 0.006352
12 0.555132 0.647686 0.012317 0.008167
13 0.553812 0.630331 0.009091 0.006579
18 0.395601 0.644964 0.008798 0.004537
13 0.336804 0.642922 0.008504 0.003630
13 0.337977 0.664701 0.010850 0.007260
13 0.578006 0.644283 0.010557 0.007260
13 0.745601 0.638271 0.011437 0.007486
12 0.765836 0.634982 0.012023 0.007260
13 0.724194 0.634528 0.012023 0.008167
12 0.692522 0.634528 0.012023 0.008167
12 0.647507 0.626701 0.009384 0.007486
13 0.634457 0.583598 0.010850 0.007486
13 0.662610 0.580082 0.010850 0.008621
13 0.688856 0.576906 0.010557 0.007713
12 0.369062 0.575885 0.010264 0.007486
13 0.739443 0.572936 0.009677 0.008394
11 0.749267 0.550136 0.009384 0.005445
13 0.419795 0.572936 0.009677 0.008848
13 0.709824 0.572255 0.010264 0.007940
13 0.450587 0.572482 0.010264 0.008394
13 0.760850 0.569873 0.010264 0.007713
12 0.516129 0.568852 0.011144 0.007486
17 0.530938 0.548888 0.017889 0.008848
13 0.538270 0.564542 0.010850 0.007033
13 0.471408 0.568625 0.010850 0.007940
13 0.474487 0.547527 0.007625 0.006125
12 0.964076 0.566130 0.010850 0.007486
13 0.790909 0.565222 0.010557 0.007486
12 0.210704 0.565336 0.010264 0.007713
13 0.494575 0.564542 0.011437 0.007033
13 0.813343 0.561933 0.012023 0.008167
13 0.561730 0.561252 0.010850 0.008167
13 0.591935 0.557282 0.010264 0.006579
13 0.318328 0.554900 0.010850 0.007260
13 0.289589 0.551384 0.010850 0.007033
12 0.256745 0.551270 0.010850 0.006806
12 0.340762 0.551270 0.011144 0.007260
18 0.578446 0.540381 0.008504 0.006806
13 0.906012 0.538680 0.010264 0.006579
13 0.156598 0.537999 0.010557 0.007033
12 0.930059 0.535617 0.011437 0.007713
13 0.885630 0.535163 0.009971 0.007713
12 0.856745 0.534823 0.011437 0.007940
13 0.137097 0.534823 0.010264 0.007940
12 0.108358 0.534823 0.011437 0.007940
12 0.180205 0.534596 0.010850 0.007940
12 0.545601 0.475613 0.010850 0.007940
13 0.625806 0.473117 0.010557 0.007940
13 0.596628 0.472890 0.010850 0.007486
12 0.686950 0.469487 0.010264 0.007940
11 0.697214 0.445667 0.010850 0.008394
13 0.646188 0.469374 0.010264 0.007713
13 0.646041 0.449183 0.009384 0.005445
11 0.657331 0.443966 0.008504 0.004991
13 0.666716 0.465177 0.011437 0.007486
12 0.396334 0.465064 0.011437 0.007260
13 0.706305 0.464950 0.010850 0.007486
13 0.193695 0.463816 0.010850 0.007940
13 0.191935 0.445554 0.010264 0.006806
13 0.899413 0.463475 0.012317 0.008621
13 0.896628 0.445554 0.010850 0.006352
13 0.919355 0.460980 0.010557 0.005445
13 0.918328 0.443058 0.010850 0.007713
13 0.935191 0.461547 0.010557 0.007033
13 0.936657 0.439428 0.009971 0.007713
18 0.945748 0.461547 0.010557 0.007033
11 0.956305 0.461547 0.010557 0.007033
13 0.966422 0.428426 0.010850 0.007940
13 0.726100 0.461887 0.010557 0.007713
17 0.738563 0.441583 0.013783 0.007033
12 0.218768 0.458144 0.012903 0.004764
12 0.217449 0.442377 0.010850 0.007713
12 0.794282 0.458258 0.010850 0.005898
11 0.803226 0.439769 0.007038 0.005672
13 0.755279 0.458711 0.011437 0.006806
12 0.752053 0.439201 0.007918 0.008621
13 0.130792 0.456103 0.009971 0.007486
13 0.239296 0.456103 0.011730 0.007940
13 0.238563 0.438975 0.010850 0.007260
11 0.248387 0.456103 0.011730 0.007940
12 0.259384 0.427858 0.010264 0.007713
13 0.825220 0.455649 0.011730 0.007486
12 0.831672 0.437613 0.007038 0.004537
13 0.495455 0.455195 0.011437 0.007033
13 0.150293 0.452132 0.010850 0.005898
13 0.852933 0.451906 0.010264 0.006352
13 0.469941 0.451338 0.010850 0.006125
12 0.515103 0.451565 0.010850 0.007033
12 0.438563 0.451338 0.012023 0.006579
13 0.873314 0.449297 0.011144 0.007486
13 0.107478 0.449410 0.011437 0.007713
13 0.169648 0.449297 0.010264 0.007940
13 0.353226 0.438407 0.011437 0.007486
13 0.841789 0.434891 0.012023 0.005898
12 0.373167 0.435458 0.012610 0.007940
13 0.332405 0.435345 0.012023 0.007713
12 0.302933 0.435458 0.011730 0.007940
12 0.703666 0.377382 0.009677 0.007486
13 0.124780 0.371597 0.009677 0.007260
12 0.132991 0.339043 0.006745 0.007486
13 0.811437 0.370576 0.010557 0.007486
11 0.736510 0.370123 0.010850 0.007486
11 0.746481 0.349705 0.009091 0.006579
12 0.641349 0.370009 0.010557 0.007713
18 0.318622 0.367740 0.009091 0.003176
13 0.909531 0.366493 0.010850 0.006125
13 0.844868 0.365699 0.010557 0.007260
11 0.853666 0.345508 0.006452 0.005445
12 0.597801 0.365585 0.010264 0.007033
13 0.753812 0.365699 0.010264 0.007713
13 0.146481 0.363657 0.010850 0.007713
13 0.146481 0.338475 0.005572 0.006352
13 0.106598 0.363770 0.010850 0.007940
13 0.213636 0.363090 0.011437 0.007940
18 0.209971 0.338135 0.011730 0.007940
13 0.865543 0.362636 0.010850 0.007486
13 0.791056 0.362409 0.010850 0.007486
12 0.672581 0.362296 0.012023 0.007713
13 0.168475 0.359574 0.010264 0.005898
13 0.886804 0.359120 0.011144 0.006806
11 0.898827 0.339156 0.012317 0.008621
12 0.410117 0.357191 0.006745 0.006125
13 0.421848 0.335526 0.010850 0.007713
12 0.190469 0.356624 0.010850 0.007713
17 0.201173 0.338135 0.011730 0.007940
13 0.939296 0.356284 0.010557 0.007486
13 0.942375 0.336547 0.011437 0.005218
13 0.962317 0.352881 0.010850 0.007486
13 0.235044 0.352995 0.010850 0.007713
13 0.309971 0.352314 0.010557 0.006806
13 0.255718 0.349819 0.012317 0.007713
13 0.333431 0.349251 0.010557 0.007940
13 0.288856 0.346302 0.009971 0.007033
13 0.353959 0.345735 0.010557 0.007260
13 0.377273 0.342332 0.012023 0.007713
13 0.399413 0.338702 0.009384 0.006806
13 0.442229 0.327359 0.009384 0.007260
13 0.545161 0.326679 0.009971 0.007713
13 0.521994 0.324524 0.009971 0.007940
12 0.488270 0.323730 0.010557 0.007260
12 0.567742 0.324070 0.009971 0.008394
12 0.911584 0.279265 0.009677 0.007713
13 0.600440 0.277904 0.010264 0.007713
12 0.796921 0.274501 0.010264 0.006806
13 0.625367 0.274501 0.010850 0.008167
13 0.941349 0.272005 0.009384 0.007713
12 0.842669 0.270985 0.010264 0.007486
13 0.651173 0.270077 0.010850 0.007486
13 0.962610 0.267582 0.010850 0.007486
12 0.768475 0.266561 0.010850 0.007260
12 0.722727 0.266561 0.010850 0.007260
17 0.736510 0.250000 0.016129 0.004083
12 0.742962 0.270871 0.009091 0.007713
12 0.685777 0.266447 0.010850 0.007486
13 0.493988 0.266107 0.010850 0.007260
12 0.875220 0.263725 0.012023 0.007486
13 0.519795 0.262818 0.012023 0.007940
13 0.520088 0.236502 0.009677 0.005218
13 0.544135 0.259301 0.011437 0.006352
13 0.369355 0.256012 0.010264 0.007486
13 0.570088 0.256012 0.011730 0.008394
13 0.424487 0.252495 0.011437 0.006806
13 0.393988 0.252722 0.011437 0.007260
12 0.302639 0.249546 0.011144 0.008167
13 0.463196 0.249319 0.011437 0.008167
13 0.339736 0.246030 0.011437 0.007486
12 0.221261 0.243308 0.010264 0.007940
18 0.536804 0.239564 0.008504 0.004083
12 0.270381 0.239338 0.011144 0.007260
13 0.160264 0.236729 0.011437 0.007940
13 0.138270 0.233779 0.009677 0.007486
12 0.107771 0.233666 0.010850 0.007260
12 0.180938 0.233326 0.009971 0.007033
12 0.326686 0.178766 0.009971 0.007260
12 0.221261 0.175363 0.011437 0.007260
13 0.163490 0.172074 0.010850 0.007486
12 0.361144 0.171506 0.009677 0.007260
11 0.370528 0.152450 0.007331 0.005898
12 0.266716 0.171620 0.010850 0.007940
13 0.441789 0.171053 0.010264 0.007713
13 0.139296 0.168330 0.009971 0.007260
12 0.106305 0.168217 0.010264 0.007033
12 0.191056 0.167763 0.010850 0.007486
13 0.384311 0.166742 0.010264 0.006806
12 0.295015 0.164133 0.011144 0.007486
13 0.419795 0.163566 0.010850 0.007713
13 0.467155 0.163226 0.010557 0.007486
17 0.482551 0.136116 0.019062 0.004083
13 0.491056 0.159142 0.011437 0.006579
12 0.537977 0.162999 0.011437 0.007940
12 0.546188 0.136683 0.008504 0.005218
13 0.718035 0.159369 0.009091 0.006125
12 0.717889 0.142809 0.011730 0.008394
13 0.760704 0.156193 0.009971 0.007940
13 0.761730 0.136230 0.011437 0.007940
13 0.514370 0.156307 0.011144 0.008167
13 0.561290 0.152564 0.012317 0.006579
13 0.644721 0.152904 0.010264 0.007713
13 0.668035 0.149614 0.011144 0.007940
13 0.583871 0.149614 0.011730 0.007940
13 0.690616 0.146098 0.009971 0.006806
18 0.875806 0.144283 0.011437 0.003630
13 0.620088 0.146098 0.010850 0.007260
13 0.737243 0.139519 0.010557 0.007260
12 0.953519 0.137137 0.011437 0.007940
13 0.894575 0.128630 0.010850 0.007713
13 0.782845 0.127495 0.009677 0.007713
12 0.917742 0.125227 0.010264 0.006352
12 0.826246 0.125227 0.010264 0.008167
13 0.862903 0.123979 0.009677 0.006579
13 0.203959 0.083144 0.010264 0.007940
13 0.614516 0.082350 0.010264 0.007260
12 0.625073 0.052745 0.012610 0.006579
13 0.239736 0.082804 0.010264 0.008167
12 0.453519 0.081897 0.010850 0.007260
12 0.459824 0.052632 0.009384 0.006806
18 0.450440 0.052632 0.009384 0.006806
13 0.657771 0.082123 0.009971 0.008167
13 0.407771 0.082237 0.009677 0.008394
17 0.421554 0.051724 0.014956 0.003630
13 0.257038 0.079855 0.010850 0.007713
12 0.175513 0.079515 0.010850 0.007940
13 0.431232 0.079061 0.010850 0.007940
11 0.441056 0.052632 0.009384 0.006806
13 0.222727 0.079061 0.011437 0.007940
13 0.635630 0.078721 0.010264 0.007713
13 0.586364 0.078494 0.010264 0.007260
13 0.381525 0.078834 0.010557 0.007940
13 0.472581 0.078040 0.011437 0.007713
13 0.680205 0.077926 0.010264 0.007940
13 0.115543 0.077473 0.009384 0.007486
13 0.159677 0.076792 0.010850 0.008394
12 0.172874 0.055808 0.013196 0.004083
12 0.170528 0.050363 0.007918 0.004083
13 0.883431 0.075544 0.010850 0.007713
13 0.801906 0.075544 0.009677 0.008167
13 0.774047 0.075431 0.009091 0.007940
13 0.748827 0.075318 0.010264 0.007713
13 0.830059 0.075658 0.010850 0.008848
13 0.359677 0.075431 0.010850 0.008394
13 0.719062 0.075204 0.010557 0.008394
13 0.305572 0.075091 0.010557 0.008167
13 0.514516 0.074750 0.010850 0.007940
13 0.565396 0.074524 0.010557 0.008394
13 0.141496 0.072822 0.012023 0.007713
13 0.904839 0.072255 0.010264 0.007486
13 0.858798 0.071801 0.010850 0.007486
13 0.336364 0.071688 0.011144 0.008167
13 0.543255 0.071234 0.010850 0.007713
5 0.707185 0.071801 0.009091 0.017922
4 0.818328 0.074637 0.010850 0.023140
4 0.481085 0.265767 0.010850 0.021098
5 0.762610 0.071348 0.009677 0.017015
1 0.033431 0.350726 0.025806 0.051724
1 0.032698 0.148367 0.024927 0.044465
5 0.293402 0.073162 0.009677 0.017922
4 0.960264 0.047187 0.012023 0.021325
3 0.531232 0.071574 0.007918 0.022005
5 0.847214 0.451792 0.023460 0.021552
3 0.422874 0.658008 0.007625 0.022005
4 0.831525 0.365926 0.010850 0.021325
3 0.207038 0.442264 0.008798 0.022005
4 0.118328 0.455876 0.011437 0.021552
4 0.547947 0.829968 0.011437 0.021552
5 0.474633 0.320440 0.009677 0.017922
4 0.411584 0.252382 0.011437 0.022005
4 0.208211 0.243081 0.011144 0.022005
4 0.144428 0.819986 0.010264 0.022005
1 0.032991 0.052178 0.024927 0.051724
4 0.846774 0.072936 0.010264 0.021552
3 0.681085 0.635095 0.007918 0.020644
4 0.925953 0.356284 0.010850 0.022005
4 0.306158 0.555127 0.010557 0.023140
5 0.501026 0.071801 0.009677 0.017015
3 0.324194 0.072936 0.007918 0.022459
3 0.791056 0.074524 0.007918 0.022459
3 0.845601 0.534823 0.007918 0.021552
5 0.584311 0.469941 0.009677 0.017015
4 0.652346 0.846983 0.011437 0.021552
4 0.149707 0.737182 0.010850 0.021552
5 0.593695 0.718807 0.009677 0.018376
3 0.284604 0.672074 0.007331 0.021552
4 0.150147 0.655740 0.011144 0.022913
3 0.798094 0.748072 0.007918 0.021098
4 0.580499 0.923888 0.011437 0.022005
4 0.660850 0.939088 0.011437 0.021552
4 0.954399 0.841878 0.011437 0.021779
3 0.639150 0.627155 0.010850 0.022005
4 0.834164 0.963702 0.011437 0.022686
4 0.232405 0.962908 0.011437 0.022459
4 0.875513 0.827019 0.012023 0.022459
4 0.727126 0.571348 0.010850 0.020644
3 0.850880 0.719034 0.007918 0.021552
4 0.738856 0.725839 0.011437 0.022005
4 0.755865 0.949297 0.011437 0.020644
4 0.193988 0.830195 0.010850 0.021098
3 0.684018 0.723571 0.007331 0.022459
3 0.290762 0.435458 0.007331 0.022005
3 0.886217 0.744442 0.008211 0.021552
4 0.486950 0.914587 0.010850 0.022005
5 0.628886 0.743761 0.009677 0.017468
4 0.293988 0.846983 0.011437 0.022005
3 0.952933 0.566130 0.007331 0.021552
3 0.438856 0.571348 0.007918 0.021552
3 0.097214 0.534823 0.007918 0.022459
4 0.811877 0.455649 0.010850 0.021552
4 0.482551 0.454968 0.011437 0.022005
4 0.094575 0.733553 0.010850 0.022459
5 0.252053 0.670259 0.009091 0.017015
5 0.407478 0.569306 0.009677 0.017015
4 0.521408 0.650975 0.011144 0.021098
4 0.889150 0.654832 0.010557 0.022005
3 0.614516 0.472890 0.007918 0.022913
4 0.492522 0.654378 0.010850 0.021552
3 0.580059 0.557736 0.008211 0.021098
4 0.882258 0.129424 0.010850 0.022005
4 0.649560 0.578494 0.009971 0.021325
4 0.676540 0.576906 0.009971 0.020871
4 0.070821 0.048321 0.010264 0.019964
4 0.060411 0.037886 0.010557 0.020871
4 0.080938 0.034710 0.010557 0.020871
5 0.104399 0.073276 0.008798 0.017241
3 0.130205 0.073503 0.006452 0.021325
4 0.071261 0.148140 0.011144 0.020871
4 0.060704 0.137931 0.010557 0.021325
4 0.071701 0.544918 0.010264 0.020417
4 0.061877 0.534710 0.010557 0.021779
4 0.071701 0.445554 0.010850 0.020417
4 0.061584 0.435572 0.010557 0.021325
4 0.071994 0.645191 0.010264 0.020417
4 0.061290 0.635209 0.009971 0.021325
4 0.071994 0.346416 0.010850 0.020871
4 0.061584 0.336434 0.011144 0.020871
4 0.070674 0.743421 0.010557 0.020871
4 0.060704 0.733439 0.010557 0.021779
4 0.071554 0.843466 0.010557 0.021325
4 0.060997 0.833031 0.010557 0.021325
4 0.948387 0.037092 0.010557 0.020644
3 0.934164 0.034029 0.006745 0.020417
4 0.071848 0.942151 0.010557 0.020871
4 0.061877 0.932169 0.010557 0.020871
4 0.070528 0.247051 0.010850 0.020871
4 0.060704 0.236842 0.009971 0.021325
4 0.024340 0.650749 0.010557 0.021552
4 0.039296 0.634642 0.010557 0.021552
4 0.024633 0.252382 0.010557 0.021552
4 0.038710 0.236275 0.010557 0.021552
5 0.781818 0.560685 0.010557 0.021552
4 0.024927 0.451112 0.010557 0.021552
4 0.039296 0.435005 0.010557 0.021552
4 0.154252 0.953607 0.010557 0.021552
4 0.024633 0.550023 0.010557 0.021552
4 0.039589 0.533235 0.010557 0.021552
4 0.024047 0.748299 0.010557 0.021552
4 0.039003 0.732191 0.010557 0.021552
4 0.357185 0.256239 0.010557 0.021552
3 0.365103 0.255785 0.010557 0.021552
4 0.023754 0.848571 0.010557 0.021552
4 0.038123 0.832237 0.010557 0.021552
4 0.024633 0.946574 0.010557 0.021552
4 0.039003 0.931375 0.010557 0.021552