10 0.580735 0.985341 0.015588 0.006136
9 0.318382 0.963523 0.012059 0.043409
10 0.156912 0.943977 0.012647 0.002500
10 0.538971 0.937159 0.007353 0.006136
9 0.798676 0.957386 0.010294 0.060227
9 0.771618 0.954205 0.013824 0.039318
7 0.687500 0.928750 0.006765 0.032955
9 0.658676 0.933750 0.013824 0.047500
10 0.667500 0.893977 0.009118 0.005227
9 0.737500 0.898295 0.007941 0.029318
10 0.267206 0.872841 0.009706 0.005682
9 0.492500 0.873864 0.009706 0.030455
9 0.320441 0.877841 0.011471 0.052045
10 0.948382 0.851932 0.010882 0.005682
10 0.224853 0.842159 0.007353 0.003409
9 0.779559 0.857386 0.007353 0.047500
9 0.461912 0.858182 0.007353 0.061818
10 0.221912 0.802386 0.014412 0.004773
10 0.592794 0.806023 0.017353 0.002955
10 0.770147 0.786932 0.010882 0.004773
10 0.634559 0.783750 0.011471 0.005682
10 0.317500 0.768750 0.010294 0.004773
10 0.497794 0.767841 0.008529 0.004773
9 0.107794 0.786250 0.009706 0.059773
10 0.274265 0.799886 0.016765 0.003409
9 0.940735 0.776705 0.013235 0.047955
9 0.776029 0.766250 0.006176 0.047045
8 0.399853 0.748068 0.010294 0.025227
7 0.448676 0.746477 0.013824 0.026591
10 0.164559 0.686477 0.009118 0.002955
9 0.434853 0.684773 0.010882 0.029545
9 0.220735 0.691477 0.010882 0.043864
9 0.193676 0.689432 0.010882 0.048864
10 0.436618 0.672614 0.008529 0.003409
10 0.222500 0.672614 0.008529 0.003409
8 0.911912 0.652159 0.007353 0.033409
10 0.794559 0.607614 0.009118 0.005227
10 0.346912 0.600114 0.009118 0.004773
10 0.449559 0.595114 0.008529 0.004773
10 0.836618 0.583295 0.010882 0.006591
9 0.439853 0.579091 0.007941 0.020909
9 0.463382 0.577273 0.009118 0.024545
9 0.270735 0.587614 0.008529 0.037955
9 0.107500 0.588977 0.013824 0.066136
9 0.421324 0.576932 0.009706 0.043864
9 0.548676 0.586250 0.011471 0.071591
10 0.436618 0.522386 0.008529 0.004773
10 0.752794 0.508295 0.010294 0.005682
9 0.282794 0.505000 0.009118 0.026364
10 0.939265 0.501932 0.009118 0.002955
10 0.892794 0.498523 0.010294 0.003409
9 0.302206 0.504545 0.010294 0.027273
9 0.322206 0.502614 0.011471 0.030682
9 0.811912 0.492841 0.007353 0.023864
10 0.177500 0.476705 0.012647 0.005227
9 0.534559 0.468523 0.010294 0.027045
7 0.592794 0.479205 0.012647 0.039318
10 0.131618 0.432159 0.007941 0.003409
10 0.112794 0.430568 0.010294 0.004773
10 0.883971 0.426705 0.009118 0.003409
7 0.549853 0.423977 0.011471 0.018864
10 0.846912 0.419659 0.007941 0.004773
9 0.248088 0.430114 0.010294 0.003409
10 0.750441 0.407614 0.015000 0.005227
10 0.172500 0.399659 0.007353 0.003864
10 0.921029 0.418750 0.016176 0.003864
9 0.673971 0.390795 0.010294 0.034318
10 0.848088 0.348068 0.007941 0.002500
10 0.471324 0.345795 0.007353 0.003409
10 0.239853 0.338977 0.007941 0.002500
10 0.717500 0.338523 0.007941 0.002500
9 0.146324 0.324432 0.011471 0.028864
10 0.915735 0.314432 0.007941 0.003409
10 0.496029 0.343523 0.021471 0.003409
7 0.628382 0.280000 0.009706 0.011818
10 0.734853 0.248068 0.012059 0.004318
10 0.141912 0.244886 0.012059 0.005227
10 0.168382 0.244205 0.007353 0.004773
10 0.823382 0.231023 0.010294 0.005682
10 0.702794 0.245114 0.010294 0.005682
10 0.343382 0.227614 0.007941 0.005227
9 0.751912 0.229432 0.013235 0.041591
9 0.810147 0.224091 0.010882 0.030000
10 0.788676 0.216477 0.009118 0.005682
10 0.293382 0.215341 0.007941 0.004318
10 0.162500 0.214659 0.009706 0.003864
9 0.885147 0.215114 0.012647 0.031136
9 0.207500 0.217841 0.011471 0.045682
9 0.677794 0.220795 0.013235 0.043409
9 0.110441 0.217159 0.010294 0.048864
10 0.640735 0.181705 0.009706 0.004318
10 0.318088 0.133295 0.007941 0.003864
10 0.361618 0.126932 0.007941 0.003864
9 0.893971 0.136818 0.011471 0.036364
7 0.737206 0.120341 0.014412 0.017045
9 0.173382 0.129659 0.007941 0.041136
7 0.808382 0.132841 0.014412 0.030227
10 0.684559 0.108977 0.007941 0.002500
10 0.579853 0.107614 0.019706 0.003409
9 0.646324 0.125795 0.012647 0.030682
10 0.613382 0.106477 0.046765 0.005682
10 0.865147 0.061250 0.009118 0.003409
10 0.758382 0.060795 0.020294 0.005227
10 0.651912 0.057841 0.008529 0.003864
10 0.572500 0.057727 0.013235 0.003636
10 0.314559 0.056477 0.009118 0.002955
10 0.162794 0.056364 0.012647 0.002727
10 0.217500 0.056705 0.019706 0.005227
10 0.603971 0.054886 0.009118 0.003409
6 0.109853 0.054432 0.010294 0.010682
10 0.408382 0.046023 0.008529 0.003864
9 0.890441 0.050341 0.017353 0.033409
9 0.538382 0.044886 0.007353 0.029773
9 0.258088 0.043068 0.013824 0.033409
12 0.243235 0.988182 0.010000 0.007727
13 0.133971 0.988182 0.009706 0.008636
13 0.736029 0.983068 0.010294 0.007500
13 0.905735 0.982614 0.010882 0.007500
13 0.793971 0.982159 0.010882 0.007500
13 0.936324 0.975682 0.008529 0.014545
13 0.106912 0.971705 0.009706 0.007045
13 0.107500 0.963523 0.009706 0.005682
13 0.165882 0.971477 0.010588 0.007045
13 0.165735 0.961023 0.009706 0.006136
13 0.339265 0.970682 0.010882 0.007273
13 0.391618 0.970114 0.010882 0.007045
13 0.961618 0.968864 0.010882 0.007273
13 0.961618 0.976136 0.010882 0.007273
13 0.714265 0.969091 0.011471 0.007727
13 0.714559 0.952500 0.010882 0.006364
13 0.681029 0.969091 0.010882 0.007727
12 0.625882 0.969091 0.011176 0.007727
13 0.771029 0.968636 0.012059 0.007727
13 0.770441 0.952045 0.008529 0.006364
13 0.444412 0.963182 0.011765 0.007727
13 0.820147 0.961477 0.011471 0.007045
13 0.820147 0.968523 0.011471 0.007045
14 0.189559 0.961250 0.010294 0.006591
14 0.189559 0.967841 0.010294 0.006591
13 0.270000 0.961250 0.011176 0.007500
13 0.269853 0.948295 0.010882 0.007045
13 0.213676 0.964659 0.011471 0.007955
12 0.223971 0.961023 0.011471 0.007955
13 0.572941 0.959773 0.011176 0.007273
13 0.849412 0.958523 0.010000 0.006591
13 0.849412 0.965114 0.010000 0.006591
13 0.289853 0.958182 0.011471 0.006818
13 0.289412 0.948068 0.010000 0.007500
13 0.489559 0.956591 0.011471 0.007273
13 0.883529 0.955000 0.011176 0.006818
13 0.883529 0.961818 0.011176 0.006818
13 0.369412 0.953295 0.008824 0.006136
13 0.369853 0.937045 0.010882 0.007273
13 0.658676 0.952727 0.010882 0.006818
13 0.658382 0.932614 0.010294 0.007500
13 0.602647 0.952614 0.009412 0.006591
12 0.603088 0.935909 0.011471 0.007727
12 0.319265 0.947386 0.009706 0.006136
12 0.319265 0.953523 0.009706 0.006136
13 0.418088 0.947045 0.010882 0.007273
13 0.417500 0.930341 0.010882 0.007500
13 0.463676 0.939545 0.009118 0.007727
13 0.463676 0.923750 0.009706 0.007045
13 0.537794 0.939318 0.009118 0.008182
13 0.537206 0.922614 0.010294 0.007500
13 0.245147 0.898523 0.010294 0.008409
13 0.136324 0.897500 0.009706 0.008182
13 0.902206 0.890455 0.009706 0.007727
11 0.744265 0.890227 0.010294 0.008182
13 0.799412 0.889432 0.010000 0.007500
13 0.171176 0.881705 0.011176 0.007500
13 0.170882 0.871364 0.008235 0.006818
13 0.396324 0.880682 0.010882 0.007273
13 0.343676 0.880795 0.011471 0.007500
13 0.932941 0.879318 0.011176 0.007273
13 0.932941 0.886591 0.011176 0.007273
12 0.720882 0.876818 0.010000 0.006364
12 0.720588 0.859545 0.011176 0.007727
13 0.961029 0.876364 0.009706 0.006818
13 0.961029 0.883182 0.009706 0.006818
13 0.773088 0.876136 0.010294 0.006364
13 0.772794 0.859205 0.010882 0.007045
12 0.690588 0.876477 0.009412 0.007045
13 0.633382 0.876364 0.009706 0.006818
13 0.214118 0.875000 0.011176 0.007727
18 0.224853 0.870909 0.009118 0.006818
13 0.107206 0.874318 0.010294 0.007273
13 0.107206 0.881591 0.010294 0.007273
13 0.442206 0.873977 0.009706 0.007500
13 0.268824 0.870795 0.010000 0.005682
13 0.268529 0.857045 0.009412 0.006364
13 0.192500 0.871136 0.010294 0.006818
13 0.192500 0.877955 0.010294 0.006818
13 0.499853 0.870682 0.009706 0.006364
13 0.829559 0.869205 0.010294 0.007045
13 0.829559 0.876250 0.010294 0.007045
13 0.291912 0.867614 0.011471 0.007500
13 0.291324 0.857386 0.010294 0.007045
13 0.577206 0.867273 0.011471 0.007727
13 0.850441 0.866023 0.010882 0.007045
13 0.850441 0.873068 0.010882 0.007045
13 0.372500 0.863864 0.010294 0.006364
13 0.372353 0.846705 0.011176 0.007500
13 0.880735 0.862614 0.010294 0.006591
13 0.880735 0.869205 0.010294 0.006591
13 0.609853 0.860341 0.009706 0.007500
13 0.610147 0.843409 0.010294 0.008182
12 0.666324 0.859886 0.010882 0.007500
13 0.665735 0.839886 0.010882 0.007500
13 0.421765 0.857045 0.008824 0.006364
13 0.422353 0.840455 0.011176 0.007727
13 0.321912 0.857159 0.010294 0.006591
13 0.321912 0.863750 0.010294 0.006591
13 0.554412 0.853977 0.011176 0.007500
13 0.554265 0.836136 0.011471 0.008182
13 0.467500 0.849773 0.009706 0.008182
13 0.467500 0.833295 0.009706 0.007045
13 0.795882 0.798864 0.010000 0.008182
11 0.741324 0.798750 0.009118 0.007955
13 0.898676 0.798523 0.009706 0.008409
11 0.164853 0.793523 0.009118 0.007500
12 0.164706 0.780000 0.010000 0.006818
11 0.141176 0.793409 0.009412 0.007273
12 0.140735 0.780114 0.010294 0.007045
13 0.444706 0.789318 0.011176 0.007273
13 0.444265 0.778864 0.009118 0.006364
13 0.397941 0.789205 0.010588 0.007045
13 0.397647 0.779091 0.010000 0.006818
13 0.338382 0.789318 0.011471 0.007273
13 0.337500 0.778864 0.008529 0.005909
13 0.931618 0.787841 0.010882 0.007045
13 0.931618 0.794886 0.010882 0.007045
13 0.586765 0.785227 0.009412 0.007273
13 0.771324 0.784773 0.011471 0.007273
13 0.771618 0.768182 0.010882 0.006818
11 0.718676 0.784318 0.009706 0.006364
12 0.718676 0.768409 0.010882 0.007273
12 0.685147 0.785000 0.009706 0.007727
13 0.633382 0.784773 0.010882 0.007273
13 0.958382 0.784205 0.010294 0.007045
13 0.958382 0.791250 0.010294 0.007045
13 0.241176 0.779886 0.011176 0.006591
11 0.110441 0.780000 0.009706 0.006818
13 0.110735 0.763750 0.011471 0.007045
13 0.818676 0.778068 0.009706 0.006591
13 0.818676 0.784659 0.009706 0.006591
13 0.842500 0.774545 0.010294 0.006818
13 0.842500 0.781364 0.010294 0.006818
13 0.876618 0.771136 0.010294 0.006364
13 0.876618 0.777500 0.010294 0.006364
13 0.555441 0.769318 0.010294 0.007273
12 0.665441 0.768750 0.010294 0.007045
12 0.665147 0.748523 0.010882 0.007500
13 0.608382 0.768750 0.009118 0.007045
12 0.608676 0.752386 0.010882 0.007955
13 0.318971 0.766250 0.011471 0.006591
13 0.498235 0.765909 0.011176 0.006818
13 0.476324 0.763068 0.010882 0.007500
13 0.293088 0.763295 0.011471 0.007955
13 0.270441 0.760341 0.010882 0.007500
12 0.194265 0.760455 0.011471 0.007727
13 0.372941 0.759318 0.011176 0.007273
13 0.217794 0.756818 0.010294 0.007727
13 0.422500 0.755909 0.010294 0.007727
18 0.138971 0.711705 0.010294 0.007500
13 0.246765 0.698750 0.010588 0.007045
13 0.845588 0.698295 0.011765 0.007045
13 0.845147 0.681364 0.010882 0.006818
13 0.796176 0.698409 0.010588 0.007273
13 0.795735 0.681364 0.009706 0.006818
13 0.905588 0.697727 0.011765 0.007727
13 0.904559 0.681591 0.010882 0.006364
13 0.281029 0.694886 0.009706 0.006136
13 0.312500 0.692386 0.010294 0.007045
11 0.163529 0.689318 0.010000 0.007273
13 0.338382 0.688523 0.010294 0.006591
13 0.690588 0.688409 0.010000 0.007273
13 0.607647 0.688182 0.010000 0.006818
13 0.607647 0.695000 0.010000 0.006818
13 0.583382 0.688182 0.009706 0.006818
13 0.583382 0.695000 0.009706 0.006818
13 0.363971 0.685568 0.012059 0.007955
13 0.387059 0.682273 0.011176 0.006818
13 0.482794 0.681932 0.009706 0.007045
13 0.458382 0.678977 0.010294 0.007500
13 0.409853 0.678977 0.010882 0.007500
13 0.436029 0.675341 0.010294 0.006591
13 0.436029 0.681932 0.010294 0.006591
11 0.222206 0.675455 0.009706 0.006818
11 0.222206 0.682273 0.009706 0.006818
13 0.504559 0.675227 0.009706 0.007273
11 0.195735 0.671932 0.010882 0.007045
17 0.195735 0.678977 0.010882 0.007045
13 0.953676 0.668409 0.011471 0.007273
13 0.764853 0.668523 0.011471 0.007500
18 0.930735 0.665000 0.010294 0.006818
13 0.740735 0.664886 0.010294 0.007500
13 0.552206 0.664318 0.010882 0.007273
13 0.634706 0.662727 0.010000 0.007727
13 0.819853 0.661591 0.009706 0.006364
13 0.715000 0.662500 0.009412 0.008182
13 0.881029 0.658636 0.012059 0.007727
13 0.667500 0.658182 0.010882 0.007727
17 0.107794 0.652386 0.010294 0.007045
13 0.573676 0.611023 0.010294 0.007045
13 0.246324 0.610909 0.010882 0.006818
13 0.137794 0.611023 0.011471 0.007045
13 0.689412 0.604318 0.010000 0.006364
13 0.362353 0.602273 0.006471 0.005909
12 0.364118 0.571818 0.010000 0.007727
13 0.714853 0.601250 0.010294 0.007500
13 0.267794 0.601250 0.011471 0.007500
13 0.164559 0.601023 0.009706 0.007045
13 0.740000 0.597841 0.011176 0.007045
11 0.600147 0.597727 0.011471 0.006818
11 0.194853 0.597614 0.009118 0.007500
11 0.194706 0.584318 0.011176 0.007273
13 0.765000 0.594773 0.011765 0.007273
13 0.290588 0.594659 0.011176 0.007955
13 0.789559 0.591250 0.011471 0.007500
13 0.912206 0.588068 0.010882 0.007500
13 0.812647 0.588068 0.011765 0.007500
13 0.321324 0.588068 0.011471 0.007500
13 0.623382 0.587841 0.012059 0.007955
13 0.220294 0.587386 0.011765 0.007045
13 0.220294 0.594432 0.011765 0.007045
13 0.836765 0.584659 0.009412 0.007045
11 0.861618 0.581477 0.007353 0.005227
13 0.936029 0.581705 0.011471 0.007500
13 0.891029 0.581364 0.012059 0.007727
13 0.656912 0.581023 0.010294 0.007045
13 0.656912 0.588068 0.010294 0.007045
11 0.871618 0.579091 0.007353 0.005000
13 0.343088 0.578295 0.010294 0.007045
13 0.447353 0.574773 0.011176 0.007273
13 0.470735 0.571364 0.009118 0.008636
13 0.496176 0.567159 0.010588 0.007500
13 0.390147 0.565114 0.010294 0.007955
13 0.107794 0.564432 0.010294 0.007500
13 0.107794 0.571932 0.010294 0.007500
13 0.423088 0.560682 0.010294 0.007273
13 0.423088 0.567955 0.010294 0.007273
12 0.550441 0.557727 0.009706 0.007727
13 0.550441 0.565455 0.009706 0.007727
12 0.960294 0.551591 0.010588 0.008182
13 0.559559 0.534886 0.010294 0.008409
13 0.675147 0.534318 0.010882 0.008182
14 0.385882 0.517386 0.016471 0.008409
14 0.407500 0.482955 0.010882 0.007273
14 0.384853 0.486705 0.011471 0.007500
13 0.584265 0.516591 0.011471 0.007273
14 0.157059 0.516591 0.011176 0.007273
13 0.701618 0.516023 0.010882 0.007955
14 0.186618 0.512614 0.010294 0.006591
14 0.213088 0.510114 0.011471 0.007045
13 0.728971 0.509886 0.011471 0.007500
13 0.612353 0.509886 0.011176 0.007500
14 0.232794 0.506818 0.010882 0.006818
13 0.753971 0.506364 0.010882 0.006818
14 0.260441 0.503523 0.010882 0.007500
13 0.778971 0.503182 0.011471 0.007727
13 0.284559 0.500341 0.009706 0.007500
13 0.804853 0.499886 0.011471 0.007500
13 0.303824 0.496705 0.010588 0.007500
13 0.828824 0.496477 0.011765 0.007955
14 0.322794 0.493295 0.009706 0.007045
12 0.108235 0.493295 0.010000 0.007045
13 0.648088 0.492727 0.009706 0.006818
13 0.648088 0.499545 0.009706 0.006818
14 0.356912 0.489886 0.010882 0.007500
14 0.426324 0.480341 0.009706 0.007500
13 0.911765 0.477386 0.010000 0.007045
14 0.455588 0.476477 0.010588 0.007045
14 0.474853 0.473750 0.010294 0.007955
12 0.850441 0.470795 0.007353 0.004773
13 0.937500 0.470795 0.010882 0.007500
13 0.890147 0.470795 0.011471 0.007500
13 0.533676 0.470000 0.010294 0.006818
13 0.533676 0.476818 0.010294 0.006818
12 0.870588 0.466932 0.006471 0.005227
18 0.960441 0.463636 0.010882 0.007727
14 0.430735 0.425795 0.011471 0.007500
14 0.410441 0.421818 0.010882 0.005909
14 0.486618 0.419432 0.011471 0.007500
13 0.597059 0.418750 0.013529 0.007045
14 0.595000 0.389205 0.010588 0.007045
14 0.387206 0.418977 0.011471 0.007500
11 0.608088 0.416136 0.010882 0.007273
13 0.619853 0.378864 0.010882 0.007273
14 0.360441 0.415795 0.010882 0.006591
14 0.249853 0.415909 0.009706 0.006818
14 0.509559 0.412955 0.011471 0.007273
14 0.341471 0.412614 0.011765 0.007500
14 0.270882 0.412614 0.011765 0.007500
14 0.233088 0.412614 0.011471 0.007500
14 0.214853 0.409659 0.010294 0.007045
14 0.323971 0.409205 0.010882 0.007045
13 0.288529 0.409432 0.010588 0.007500
14 0.305735 0.405909 0.010882 0.007727
14 0.191029 0.405909 0.010882 0.007727
14 0.108676 0.405909 0.010882 0.007727
14 0.455294 0.402727 0.011176 0.006818
14 0.541176 0.402614 0.010000 0.007500
14 0.171324 0.402614 0.010294 0.007500
13 0.129853 0.402614 0.009706 0.007500
14 0.962647 0.400114 0.010588 0.007955
13 0.156618 0.398977 0.011471 0.007500
14 0.936471 0.396477 0.011176 0.007955
14 0.573382 0.395909 0.010882 0.007727
14 0.916912 0.392727 0.010882 0.007727
14 0.807206 0.392727 0.010294 0.007727
14 0.827059 0.390341 0.010588 0.007500
14 0.900147 0.389886 0.010294 0.007500
14 0.789853 0.390114 0.010882 0.007955
14 0.846029 0.386705 0.010294 0.007500
14 0.882206 0.386250 0.009706 0.007500
14 0.773382 0.386250 0.010882 0.007500
14 0.863235 0.383182 0.009412 0.007727
14 0.744853 0.383068 0.009118 0.008409
14 0.662500 0.381136 0.010294 0.008182
14 0.681912 0.379432 0.010294 0.007500
14 0.728088 0.379205 0.010882 0.007955
14 0.708676 0.376250 0.010882 0.007500
13 0.620441 0.329773 0.010882 0.007273
13 0.620735 0.316364 0.009118 0.006818
13 0.595882 0.329773 0.010000 0.007273
13 0.595882 0.316364 0.010000 0.006818
13 0.914559 0.327386 0.009706 0.007045
11 0.913971 0.317273 0.009706 0.006818
13 0.867059 0.327386 0.010588 0.007045
12 0.867353 0.317386 0.011765 0.007045
13 0.808382 0.326932 0.010294 0.007045
13 0.808382 0.316932 0.011471 0.007045
13 0.465441 0.326250 0.010294 0.007500
12 0.464559 0.309773 0.009706 0.006364
13 0.416029 0.326136 0.010294 0.007273
13 0.415147 0.309773 0.009706 0.007273
13 0.367353 0.326136 0.010000 0.007273
13 0.366912 0.309545 0.009706 0.006818
13 0.705441 0.316932 0.010294 0.007045
13 0.572353 0.316705 0.011176 0.007500
13 0.572500 0.299659 0.010294 0.007045
13 0.254853 0.316250 0.011471 0.007500
13 0.170588 0.315455 0.011176 0.006818
13 0.170588 0.322273 0.011176 0.006818
13 0.148382 0.315455 0.010294 0.006818
13 0.148382 0.322273 0.010294 0.006818
12 0.961765 0.304659 0.010000 0.007045
12 0.784559 0.303295 0.009706 0.007955
13 0.940147 0.300909 0.011471 0.007727
13 0.761618 0.300341 0.012059 0.007500
13 0.841618 0.297500 0.010882 0.007273
13 0.738676 0.296932 0.009706 0.007045
13 0.650882 0.296705 0.011765 0.007500
12 0.515441 0.296477 0.011471 0.007045
12 0.338088 0.296136 0.010882 0.007273
13 0.894265 0.294205 0.009118 0.007045
13 0.683824 0.293750 0.010000 0.007045
13 0.489559 0.293295 0.010294 0.007045
13 0.302647 0.292727 0.009412 0.006818
13 0.109265 0.292727 0.009706 0.006818
13 0.390147 0.290227 0.010294 0.007273
13 0.282206 0.289545 0.009706 0.006818
12 0.194853 0.289659 0.010294 0.007045
13 0.442500 0.286250 0.010294 0.007500
13 0.231912 0.285795 0.011471 0.007500
13 0.591324 0.242159 0.011471 0.007500
13 0.137500 0.230795 0.009706 0.007500
13 0.702500 0.228068 0.011471 0.007500
13 0.730441 0.224659 0.009706 0.007045
13 0.242794 0.224318 0.009706 0.006364
13 0.762206 0.221705 0.010882 0.007500
13 0.269559 0.220909 0.011471 0.007727
13 0.787941 0.217955 0.009412 0.006364
13 0.617794 0.217841 0.011471 0.007045
13 0.292647 0.217386 0.009412 0.007045
13 0.160441 0.217386 0.010882 0.007045
13 0.812500 0.215000 0.011471 0.007727
13 0.318382 0.214091 0.011471 0.007727
13 0.932059 0.212045 0.010588 0.007273
13 0.836618 0.211932 0.010294 0.007045
13 0.566912 0.211023 0.009706 0.006136
13 0.566912 0.203864 0.009706 0.007273
13 0.341912 0.211023 0.010294 0.007045
13 0.910441 0.208977 0.012059 0.007500
13 0.860441 0.208636 0.012059 0.007727
13 0.463676 0.207614 0.011471 0.007500
13 0.365147 0.207614 0.012059 0.007500
13 0.186029 0.207273 0.011471 0.007727
13 0.956324 0.205682 0.009706 0.007273
13 0.885735 0.205114 0.009706 0.007045
13 0.885735 0.212159 0.009706 0.007045
13 0.678235 0.204432 0.010000 0.006591
13 0.678235 0.211023 0.010000 0.006591
13 0.388676 0.204318 0.010882 0.007273
11 0.412353 0.200909 0.007647 0.005000
13 0.648382 0.200682 0.011471 0.007273
13 0.648382 0.207955 0.011471 0.007273
13 0.486471 0.200909 0.011176 0.007727
13 0.441618 0.200795 0.010882 0.007500
13 0.209265 0.200568 0.009706 0.007045
13 0.209265 0.207614 0.009706 0.007045
12 0.112206 0.200114 0.009706 0.007045
13 0.112206 0.207159 0.009706 0.007045
11 0.423088 0.198409 0.006765 0.005455
13 0.509559 0.193977 0.011471 0.007500
13 0.585735 0.163864 0.009706 0.008182
13 0.240000 0.162386 0.010000 0.007955
14 0.138088 0.162500 0.010882 0.008182
13 0.693676 0.149773 0.011471 0.007273
13 0.718529 0.146705 0.011765 0.007500
13 0.262206 0.145341 0.010882 0.007500
13 0.166029 0.145000 0.011471 0.007727
13 0.751029 0.143182 0.010882 0.006818
13 0.775735 0.140568 0.010882 0.007045
12 0.610735 0.139545 0.011471 0.007727
13 0.284559 0.138864 0.010882 0.007273
13 0.190735 0.138523 0.011471 0.007500
13 0.914265 0.137841 0.010294 0.007045
13 0.805882 0.136932 0.011176 0.007045
13 0.645147 0.136477 0.010882 0.007045
13 0.644412 0.122841 0.009412 0.007045
13 0.316912 0.135909 0.009706 0.006818
13 0.939706 0.134886 0.011765 0.007500
13 0.830735 0.134091 0.011471 0.007727
13 0.340882 0.132614 0.011765 0.007500
13 0.960441 0.131591 0.010294 0.006364
13 0.467059 0.129545 0.011176 0.006818
13 0.360735 0.129432 0.009118 0.006591
13 0.855882 0.127614 0.011765 0.007500
13 0.671324 0.126477 0.010294 0.007045
13 0.671324 0.133523 0.010294 0.007045
13 0.562794 0.126023 0.010882 0.007045
13 0.562794 0.133068 0.010882 0.007045
13 0.385147 0.126023 0.010882 0.007955
13 0.895147 0.124205 0.009706 0.007045
13 0.895147 0.131250 0.009706 0.007045
12 0.410147 0.122614 0.006765 0.004773
13 0.490000 0.122841 0.010000 0.007045
13 0.445588 0.122727 0.009412 0.006818
13 0.112500 0.121932 0.010294 0.006136
13 0.112500 0.128068 0.010294 0.006136
13 0.216029 0.121932 0.010294 0.007045
13 0.216029 0.128977 0.010294 0.007045
18 0.428824 0.119432 0.007647 0.004773
13 0.514853 0.116250 0.011471 0.007500
11 0.471912 0.066136 0.005588 0.004545
18 0.479853 0.042045 0.009706 0.007273
11 0.398971 0.065341 0.007941 0.006136
18 0.408088 0.048864 0.009706 0.007273
12 0.464559 0.063636 0.007353 0.004091
12 0.434853 0.051932 0.010294 0.007955
18 0.448676 0.048636 0.009706 0.006818
18 0.952206 0.047614 0.010882 0.007500
18 0.465147 0.045455 0.010882 0.007727
18 0.920147 0.043864 0.010294 0.007273
18 0.392500 0.042045 0.010294 0.007273
18 0.888971 0.040455 0.011471 0.007727
18 0.726471 0.039545 0.011765 0.007727
18 0.626912 0.039432 0.010882 0.007500
12 0.674265 0.037500 0.006765 0.005455
18 0.503971 0.038068 0.010882 0.007500
18 0.351324 0.037955 0.010294 0.007273
12 0.283971 0.037727 0.009706 0.007727
12 0.856765 0.037273 0.009412 0.007727
18 0.749559 0.036364 0.011471 0.007727
12 0.702206 0.036136 0.010882 0.007273
18 0.649559 0.036364 0.010294 0.007727
18 0.596176 0.036023 0.009412 0.007045
12 0.542206 0.036136 0.009706 0.008182
11 0.313971 0.034205 0.007353 0.005227
18 0.367500 0.034318 0.010294 0.007273
12 0.685441 0.032841 0.007941 0.005227
12 0.299853 0.034205 0.009706 0.007955
12 0.257941 0.033977 0.008824 0.007500
18 0.833235 0.033295 0.009412 0.007045
18 0.783088 0.033523 0.010294 0.007500
11 0.579559 0.032386 0.007941 0.005227
12 0.337206 0.033864 0.010294 0.008182
18 0.208971 0.033636 0.010294 0.007727
11 0.323971 0.031023 0.007353 0.005227
11 0.242500 0.030455 0.007941 0.005000
18 0.807647 0.030227 0.010588 0.007273
1 0.046618 0.057386 0.024412 0.050682
3 0.907794 0.044205 0.007941 0.020682
3 0.726912 0.296932 0.007353 0.019773
3 0.217500 0.286250 0.007353 0.021136
4 0.270441 0.037159 0.010882 0.021136
3 0.100441 0.200114 0.007353 0.020682
3 0.767206 0.033295 0.007941 0.020682
3 0.938971 0.047159 0.007941 0.021136
3 0.420147 0.119205 0.005588 0.014318
3 0.695735 0.376250 0.007353 0.021136
3 0.491324 0.037386 0.007941 0.022500
4 0.631324 0.136250 0.010294 0.020227
4 0.827794 0.297841 0.010294 0.020682
3 0.273088 0.499886 0.007941 0.021136
3 0.569559 0.032159 0.005588 0.014773
3 0.144559 0.399205 0.007353 0.020682
3 0.519559 0.478523 0.006765 0.016591
3 0.559853 0.299659 0.007353 0.020682
3 0.323676 0.296250 0.007941 0.020227
3 0.441912 0.475795 0.007941 0.021136
3 0.203676 0.408750 0.007941 0.021591
3 0.875147 0.041023 0.007353 0.021591
4 0.758676 0.768068 0.010882 0.020227
1 0.039559 0.776477 0.024412 0.050682
3 0.678382 0.604205 0.007941 0.020682
4 0.421618 0.051932 0.010882 0.021591
4 0.611912 0.039886 0.010294 0.021136
3 0.951618 0.399886 0.007353 0.021136
3 0.794265 0.137159 0.007941 0.019318
4 0.408382 0.567841 0.010294 0.021591
1 0.039853 0.867841 0.025000 0.051591
3 0.356029 0.309432 0.007941 0.020227
4 0.748971 0.221250 0.010294 0.021136
1 0.046324 0.127159 0.025000 0.043864
4 0.718382 0.224659 0.010294 0.020682
3 0.096618 0.763523 0.007941 0.021136
3 0.183676 0.672159 0.006765 0.021136
4 0.355147 0.937159 0.010882 0.021136
4 0.378088 0.042159 0.010882 0.021136
4 0.371324 0.486705 0.010294 0.020227
3 0.464559 0.762614 0.007353 0.021136
3 0.231029 0.223977 0.008529 0.020227
3 0.136324 0.322386 0.007353 0.020682
4 0.538971 0.837841 0.011471 0.020682
3 0.650441 0.747841 0.007353 0.020682
3 0.866912 0.658068 0.007353 0.021136
3 0.572500 0.694659 0.007941 0.020682
3 0.784265 0.681477 0.007941 0.020682
4 0.473676 0.419432 0.010294 0.021136
5 0.644853 0.928523 0.009118 0.017500
4 0.359853 0.759205 0.010882 0.020682
4 0.949559 0.882614 0.010294 0.021136
4 0.158676 0.871250 0.010882 0.021136
4 0.181324 0.760795 0.010294 0.021136
3 0.761029 0.386705 0.007353 0.021136
4 0.487500 0.870568 0.010882 0.020682
4 0.300441 0.691705 0.010882 0.021136
4 0.596618 0.859659 0.010294 0.019773
4 0.542500 0.768977 0.010294 0.021136
4 0.738088 0.143523 0.010882 0.021136
3 0.643971 0.580795 0.007353 0.021136
4 0.758088 0.952159 0.010882 0.020227
3 0.702500 0.951932 0.007941 0.019773
3 0.652206 0.840114 0.007353 0.020682
3 0.708676 0.859205 0.007353 0.020682
3 0.258382 0.760341 0.007941 0.021136
4 0.153382 0.961477 0.010882 0.020682
3 0.636029 0.199432 0.007941 0.023864
1 0.039853 0.958750 0.025000 0.051591
4 0.916618 0.794432 0.010294 0.021136
4 0.182500 0.597386 0.010294 0.020682
3 0.561029 0.959432 0.007353 0.020227
4 0.574853 0.785568 0.010294 0.020682
3 0.705441 0.768295 0.007941 0.020682
3 0.838676 0.965341 0.007353 0.020227
4 0.760147 0.858977 0.011471 0.021136
3 0.653382 0.658295 0.007353 0.021591
1 0.041029 0.594205 0.025000 0.050682
3 0.588676 0.936932 0.007353 0.020682
1 0.040441 0.685568 0.025000 0.050682
1 0.042500 0.409205 0.024412 0.044318
4 0.356618 0.847386 0.011471 0.020682
4 0.269265 0.695341 0.010882 0.021136
4 0.561029 0.396477 0.010882 0.020682
4 0.636912 0.296932 0.010882 0.020682
4 0.919559 0.886477 0.010294 0.020682
4 0.343088 0.489659 0.010294 0.020682
3 0.862500 0.467386 0.005588 0.014318
5 0.872500 0.951932 0.009118 0.017045
4 0.174412 0.512727 0.010000 0.020000
4 0.200588 0.509773 0.009412 0.020455
3 0.399118 0.422045 0.006471 0.019545
3 0.375588 0.418864 0.006471 0.020455
4 0.075882 0.590909 0.010588 0.020909
4 0.066471 0.580682 0.010588 0.020455
4 0.075588 0.408636 0.010000 0.020909
4 0.066765 0.398636 0.010000 0.020909
4 0.074706 0.682273 0.009412 0.020909
4 0.065294 0.671818 0.009412 0.020000
4 0.078824 0.128182 0.009412 0.020000
4 0.070294 0.117955 0.010000 0.020455
4 0.075882 0.309091 0.010588 0.020000
4 0.067353 0.298864 0.010000 0.020455
4 0.075882 0.500000 0.010588 0.020000
4 0.066765 0.489773 0.010000 0.020455
4 0.074412 0.864318 0.010000 0.020455
4 0.065588 0.854091 0.010000 0.020909
3 0.101176 0.128182 0.007059 0.020000
4 0.035735 0.313750 0.007941 0.020682
4 0.043676 0.309659 0.007941 0.020682
4 0.051471 0.297614 0.007647 0.020682
3 0.536618 0.557614 0.007941 0.020682
4 0.944265 0.790455 0.007941 0.020455
3 0.952206 0.790455 0.007941 0.020455
4 0.880147 0.130909 0.007941 0.020455
3 0.887794 0.130909 0.007941 0.020455
3 0.924853 0.977727 0.007941 0.020455
3 0.864853 0.770909 0.007941 0.020455
3 0.818382 0.869091 0.007941 0.020455
3 0.636029 0.499205 0.007941 0.020682
3 0.870147 0.862727 0.007941 0.019545
4 0.070147 0.043750 0.007941 0.020682
4 0.082059 0.054205 0.007647 0.020682
4 0.036618 0.215568 0.007941 0.020682
4 0.044559 0.211932 0.007941 0.020682
3 0.052647 0.198750 0.007647 0.020682
4 0.553088 0.210568 0.007941 0.020682
3 0.559559 0.210568 0.007941 0.020682
4 0.041029 0.491023 0.007941 0.020682
3 0.048529 0.488295 0.007647 0.020682
4 0.067206 0.199659 0.007941 0.020682
4 0.078529 0.208295 0.007647 0.020682
4 0.064265 0.763295 0.007941 0.020682
4 0.076176 0.773295 0.007647 0.020682
4 0.064265 0.944659 0.007941 0.020682
4 0.076176 0.955114 0.007647 0.020682