10 0.202259 0.970728 0.009094 0.003177
7 0.206659 0.979351 0.017894 0.009530
10 0.437812 0.964942 0.014374 0.006127
10 0.460399 0.963808 0.010267 0.005673
10 0.136844 0.951554 0.008507 0.004765
10 0.963479 0.938620 0.007920 0.005219
10 0.915958 0.935671 0.014960 0.007034
7 0.877823 0.937713 0.011440 0.015657
6 0.893957 0.935444 0.012027 0.025641
9 0.749927 0.929544 0.017307 0.045155
10 0.321942 0.816769 0.010267 0.003404
10 0.764887 0.808827 0.011440 0.002496
10 0.754620 0.807692 0.007334 0.004765
9 0.152684 0.815975 0.017307 0.034037
9 0.569229 0.801112 0.008507 0.012026
9 0.208126 0.810529 0.006747 0.049467
6 0.617630 0.801793 0.005573 0.029725
9 0.446612 0.805877 0.009680 0.046517
9 0.427545 0.805764 0.011440 0.046290
9 0.466559 0.806785 0.009680 0.054686
9 0.273834 0.795553 0.012614 0.031768
9 0.253300 0.797141 0.012614 0.028591
9 0.508214 0.793397 0.012027 0.039256
9 0.336316 0.791241 0.014374 0.039483
10 0.363890 0.778875 0.007334 0.006127
9 0.358316 0.800431 0.005573 0.065577
9 0.104283 0.797481 0.010267 0.065124
9 0.595923 0.780123 0.013787 0.033583
9 0.668965 0.783867 0.012027 0.040617
9 0.638457 0.783413 0.010854 0.048332
8 0.322822 0.696959 0.014960 0.022464
9 0.671458 0.701044 0.012320 0.039256
9 0.751980 0.696392 0.012027 0.046290
9 0.726459 0.697980 0.012614 0.043113
9 0.883397 0.686181 0.010854 0.030860
10 0.785861 0.721920 0.018774 0.003857
9 0.207832 0.681076 0.009094 0.033810
9 0.966119 0.682550 0.012027 0.038575
10 0.613230 0.669049 0.010267 0.002950
8 0.243033 0.602110 0.006160 0.011572
10 0.338956 0.596211 0.007920 0.003404
9 0.257407 0.584978 0.009094 0.029045
9 0.632590 0.555140 0.009680 0.048332
9 0.948225 0.557862 0.012027 0.054232
10 0.729393 0.495008 0.011440 0.002950
10 0.782048 0.493987 0.020534 0.004538
10 0.876650 0.494100 0.017307 0.005219
10 0.421091 0.486612 0.012027 0.006127
9 0.331916 0.484457 0.007334 0.024053
9 0.570695 0.483435 0.012027 0.035625
10 0.471253 0.463240 0.007920 0.006580
9 0.224406 0.466304 0.017014 0.060359
10 0.894544 0.492058 0.007334 0.002950
10 0.644911 0.397776 0.009094 0.005900
10 0.855823 0.396074 0.010854 0.003404
8 0.437225 0.396074 0.016134 0.010211
10 0.599736 0.373610 0.009680 0.004765
10 0.809182 0.365895 0.009680 0.002950
10 0.901584 0.360449 0.009094 0.006580
10 0.786888 0.360336 0.008507 0.006807
9 0.535201 0.364307 0.012027 0.060585
10 0.496480 0.394600 0.011440 0.002269
9 0.349663 0.269912 0.009387 0.010211
10 0.612056 0.261289 0.007920 0.005219
10 0.481226 0.259247 0.009094 0.006127
10 0.654884 0.253347 0.012614 0.003404
9 0.937518 0.255616 0.007040 0.021557
10 0.480346 0.233152 0.008507 0.006580
9 0.636110 0.236782 0.017307 0.051509
9 0.876063 0.238371 0.017307 0.055593
9 0.730273 0.238144 0.014374 0.055593
9 0.332502 0.236896 0.012027 0.058089
9 0.187885 0.236896 0.011440 0.070343
9 0.407891 0.228387 0.011440 0.048786
10 0.275301 0.150102 0.009680 0.006127
9 0.585069 0.150216 0.012027 0.024506
9 0.511000 0.148287 0.012320 0.033356
10 0.877823 0.134672 0.007334 0.004311
9 0.753740 0.135693 0.009094 0.040390
7 0.524494 0.138303 0.018187 0.053324
10 0.851129 0.116292 0.007920 0.005673
8 0.960546 0.067960 0.009680 0.009303
9 0.943238 0.067847 0.007920 0.009530
10 0.329275 0.060018 0.010854 0.004765
10 0.739366 0.057522 0.015547 0.002950
9 0.350983 0.050147 0.016720 0.037667
9 0.202112 0.050147 0.011147 0.028137
10 0.870490 0.046177 0.007334 0.007034
10 0.424318 0.040050 0.007920 0.007034
9 0.752567 0.044588 0.009680 0.032448
9 0.403784 0.040958 0.009094 0.024280
10 0.755207 0.030973 0.007920 0.003404
9 0.444999 0.046517 0.014667 0.036306
9 0.965826 0.039142 0.010267 0.050601
14 0.313288 0.965169 0.007627 0.003857
13 0.326342 0.964261 0.007920 0.003857
12 0.324875 0.913887 0.010267 0.007488
12 0.135964 0.954050 0.008507 0.007488
14 0.528161 0.952916 0.010267 0.007034
14 0.527574 0.931813 0.010854 0.007942
12 0.538428 0.952916 0.010267 0.007034
12 0.550748 0.898457 0.010854 0.007488
11 0.199765 0.951101 0.010560 0.007034
11 0.162658 0.950987 0.010267 0.007715
13 0.757994 0.947356 0.009387 0.004992
14 0.757847 0.920808 0.010267 0.007261
14 0.231446 0.948151 0.009387 0.007034
13 0.735993 0.946222 0.007627 0.004992
17 0.787474 0.944520 0.007334 0.005673
14 0.795395 0.916156 0.011440 0.007488
14 0.304635 0.944747 0.009680 0.007488
14 0.261367 0.944974 0.011734 0.007942
14 0.780141 0.944293 0.007920 0.007942
14 0.384424 0.941797 0.010854 0.006580
14 0.338076 0.941797 0.010854 0.007034
14 0.454825 0.938393 0.010854 0.007942
14 0.418891 0.938393 0.009974 0.007942
14 0.497067 0.934763 0.009680 0.007034
14 0.572015 0.931586 0.011147 0.007488
14 0.644471 0.927956 0.009974 0.007488
11 0.651804 0.952008 0.011734 0.007942
17 0.659138 0.952008 0.011734 0.007942
12 0.666031 0.894259 0.009680 0.007715
11 0.669698 0.945087 0.015254 0.007715
14 0.678058 0.924325 0.011440 0.007942
14 0.607216 0.928069 0.010560 0.007715
12 0.149751 0.923985 0.010854 0.007261
11 0.217219 0.920808 0.009680 0.006807
14 0.715899 0.920808 0.009680 0.007261
17 0.177618 0.920808 0.010267 0.007261
11 0.834702 0.917404 0.006747 0.005446
14 0.245673 0.916496 0.009094 0.007261
14 0.282341 0.913206 0.009680 0.007034
14 0.403784 0.909689 0.009680 0.007715
14 0.363010 0.908895 0.010267 0.007942
11 0.106043 0.908668 0.010267 0.007488
14 0.476533 0.905945 0.009680 0.008396
14 0.432972 0.905491 0.010560 0.008396
14 0.515254 0.902314 0.010854 0.007942
12 0.594309 0.898117 0.009387 0.007715
18 0.624670 0.894940 0.010267 0.007715
18 0.695365 0.891196 0.010854 0.007942
18 0.780141 0.886998 0.010267 0.007715
18 0.738193 0.886885 0.010854 0.007488
18 0.857143 0.885977 0.010560 0.007034
12 0.815488 0.884388 0.009974 0.007488
13 0.128337 0.818471 0.009680 0.007715
13 0.127750 0.805083 0.009680 0.007261
14 0.908624 0.817109 0.012614 0.007261
12 0.906571 0.792830 0.010267 0.007715
13 0.152097 0.815407 0.009094 0.007034
13 0.151217 0.804969 0.009680 0.007034
12 0.385744 0.813365 0.008800 0.005673
13 0.385890 0.795439 0.012027 0.007942
11 0.172338 0.812344 0.008507 0.006807
12 0.172338 0.794985 0.012027 0.007942
11 0.191992 0.812004 0.009094 0.007488
12 0.191992 0.795212 0.011440 0.007488
11 0.951745 0.810075 0.009094 0.004992
14 0.958052 0.803835 0.007627 0.006127
12 0.957906 0.781711 0.009680 0.007715
13 0.407891 0.805537 0.009094 0.006354
12 0.407011 0.792149 0.009680 0.007261
18 0.546055 0.804402 0.006747 0.004538
17 0.212232 0.805423 0.009680 0.007034
13 0.211352 0.791355 0.010267 0.007034
12 0.891024 0.796006 0.010854 0.007715
11 0.853183 0.795666 0.012614 0.007942
14 0.926665 0.789199 0.011147 0.007715
13 0.513494 0.788972 0.010267 0.007261
13 0.512907 0.779555 0.010267 0.007488
13 0.298915 0.788972 0.008800 0.007261
13 0.298768 0.780690 0.010267 0.007034
13 0.448372 0.788745 0.010267 0.007261
13 0.448372 0.796006 0.010267 0.007261
13 0.428131 0.788745 0.009680 0.007261
13 0.428131 0.796006 0.009680 0.007261
13 0.253887 0.788518 0.009680 0.007261
13 0.253887 0.795779 0.009680 0.007261
13 0.231300 0.788518 0.010267 0.007261
13 0.231300 0.795779 0.010267 0.007261
13 0.494720 0.788632 0.011440 0.008396
13 0.493253 0.780463 0.010854 0.007034
14 0.942945 0.786590 0.011440 0.007488
13 0.533148 0.786022 0.008507 0.006354
13 0.532854 0.777059 0.010267 0.007942
13 0.274714 0.785115 0.010267 0.006807
13 0.274714 0.791922 0.010267 0.006807
13 0.468759 0.785001 0.011147 0.007034
13 0.468759 0.792035 0.011147 0.007034
13 0.318422 0.781257 0.009680 0.007261
13 0.318422 0.788518 0.009680 0.007261
13 0.106630 0.780576 0.008507 0.007261
13 0.106043 0.772861 0.009680 0.007261
13 0.576269 0.779782 0.009094 0.007034
13 0.575389 0.771613 0.009680 0.007034
13 0.339249 0.777627 0.010267 0.007261
13 0.339249 0.784888 0.010267 0.007261
12 0.974039 0.777173 0.010267 0.006807
13 0.362130 0.773429 0.010267 0.007488
13 0.362130 0.780917 0.010267 0.007488
12 0.640510 0.772748 0.009680 0.007034
13 0.557935 0.772294 0.011147 0.007488
13 0.557935 0.779782 0.011147 0.007488
11 0.670138 0.769458 0.010267 0.007715
13 0.596216 0.769231 0.010267 0.007715
13 0.596216 0.776946 0.010267 0.007715
14 0.712672 0.769004 0.010854 0.007715
14 0.731153 0.765373 0.010267 0.007715
12 0.640217 0.764466 0.010267 0.006354
12 0.747580 0.762310 0.009094 0.007034
18 0.764594 0.759020 0.010267 0.007715
12 0.783368 0.756070 0.010267 0.008169
12 0.800088 0.749830 0.009680 0.007942
12 0.827809 0.747447 0.010560 0.007715
13 0.373423 0.722033 0.011734 0.007261
13 0.373277 0.706149 0.009680 0.007261
13 0.407451 0.710461 0.009974 0.006807
13 0.407158 0.702292 0.009974 0.005900
12 0.422265 0.675062 0.012614 0.004084
13 0.348343 0.709666 0.010267 0.007488
13 0.699325 0.703426 0.009387 0.004992
13 0.698592 0.686181 0.011440 0.008169
13 0.433705 0.702973 0.010854 0.007261
13 0.433705 0.710234 0.010854 0.007261
13 0.519361 0.702859 0.012027 0.007488
13 0.519361 0.710347 0.012027 0.007488
13 0.546055 0.699682 0.011440 0.007488
13 0.546055 0.707170 0.011440 0.007488
13 0.459812 0.699342 0.011440 0.007261
13 0.459812 0.706603 0.011440 0.007261
11 0.152684 0.696392 0.010854 0.006807
13 0.572602 0.696165 0.011734 0.006807
13 0.572602 0.702973 0.011734 0.006807
13 0.727633 0.696052 0.009094 0.007034
13 0.726459 0.682777 0.009680 0.007715
13 0.491640 0.695825 0.011734 0.006580
13 0.491640 0.702405 0.011734 0.006580
13 0.607656 0.695598 0.010267 0.006580
13 0.607656 0.702178 0.010267 0.006580
13 0.635524 0.692308 0.012027 0.007261
13 0.635524 0.699569 0.012027 0.007261
13 0.672191 0.689358 0.010267 0.007261
13 0.672191 0.696619 0.010267 0.007261
13 0.942358 0.681189 0.010854 0.007261
13 0.941332 0.671772 0.011147 0.007488
13 0.834996 0.680168 0.010854 0.007488
13 0.833969 0.670865 0.009974 0.007034
13 0.860370 0.679260 0.011147 0.007488
13 0.860370 0.686748 0.011147 0.007488
13 0.779261 0.678920 0.010854 0.007261
13 0.779261 0.686181 0.010854 0.007261
13 0.753300 0.679033 0.011734 0.007488
13 0.753300 0.686521 0.011734 0.007488
13 0.884864 0.676424 0.010854 0.007261
13 0.884864 0.683685 0.010854 0.007261
13 0.805075 0.676084 0.010854 0.006580
13 0.805075 0.682664 0.010854 0.006580
13 0.913611 0.671886 0.010854 0.008169
13 0.913611 0.680054 0.010854 0.008169
11 0.210179 0.669843 0.009680 0.007261
13 0.967292 0.669503 0.010267 0.007488
13 0.967292 0.676991 0.010267 0.007488
18 0.106776 0.646472 0.010560 0.007715
12 0.252860 0.646698 0.010560 0.008623
17 0.348196 0.592467 0.006454 0.004538
13 0.355383 0.558430 0.009680 0.007715
11 0.318422 0.594963 0.016720 0.009530
12 0.333969 0.569889 0.010267 0.007488
13 0.314168 0.576469 0.011734 0.007942
11 0.666764 0.586453 0.011734 0.007488
11 0.860956 0.586113 0.011734 0.007261
13 0.289674 0.583730 0.011440 0.007942
13 0.264887 0.583730 0.011734 0.007942
13 0.236580 0.576923 0.011440 0.007942
13 0.206952 0.570002 0.010854 0.007261
11 0.908624 0.560926 0.009680 0.007715
11 0.714139 0.560245 0.009094 0.006807
13 0.171605 0.558430 0.010560 0.006807
13 0.379730 0.551055 0.010267 0.007488
13 0.141830 0.550942 0.009680 0.008169
18 0.399971 0.543681 0.009680 0.007261
12 0.108683 0.543454 0.010267 0.006807
18 0.570989 0.540277 0.010267 0.007261
18 0.526987 0.540390 0.011440 0.007488
18 0.487386 0.540050 0.010854 0.007261
18 0.446612 0.539936 0.010267 0.007034
18 0.825609 0.536873 0.010267 0.007715
12 0.634057 0.537100 0.009680 0.008169
12 0.948665 0.536306 0.009974 0.007034
12 0.761074 0.536646 0.010267 0.007715
18 0.502053 0.490697 0.005573 0.004765
13 0.600763 0.490243 0.009387 0.004311
13 0.599443 0.464715 0.011440 0.007715
12 0.568348 0.490470 0.005573 0.004765
13 0.289821 0.478670 0.011147 0.006580
13 0.252127 0.479011 0.011440 0.007261
13 0.205485 0.478784 0.009680 0.007261
13 0.165884 0.478670 0.010267 0.007034
13 0.108683 0.478557 0.009680 0.006807
13 0.559988 0.478216 0.011734 0.006580
13 0.330595 0.478216 0.009974 0.006580
13 0.534614 0.477876 0.010854 0.006807
13 0.947345 0.472090 0.010267 0.007488
13 0.905104 0.471636 0.010267 0.007034
13 0.866676 0.471636 0.010854 0.007034
13 0.823115 0.471636 0.010560 0.007034
13 0.718246 0.471296 0.009680 0.006807
13 0.579202 0.471296 0.010854 0.007261
13 0.774714 0.471296 0.011147 0.007715
13 0.503227 0.471636 0.010267 0.008396
13 0.470813 0.464942 0.009387 0.007715
13 0.270607 0.461879 0.009680 0.007488
13 0.269874 0.445655 0.011147 0.007715
13 0.230859 0.462106 0.009974 0.007942
13 0.229833 0.442251 0.010267 0.008169
13 0.187592 0.461765 0.010267 0.007715
13 0.186125 0.442364 0.009680 0.007942
13 0.145644 0.461879 0.010854 0.007942
13 0.143737 0.446335 0.011147 0.007715
13 0.353036 0.461538 0.010267 0.007715
13 0.351569 0.442251 0.009680 0.008169
13 0.311968 0.461652 0.010267 0.007942
13 0.310502 0.442024 0.010854 0.007715
13 0.887504 0.453143 0.009094 0.007261
13 0.886330 0.438167 0.010267 0.007261
13 0.844089 0.453256 0.009094 0.007488
13 0.966999 0.452916 0.007334 0.007261
13 0.929451 0.452916 0.009680 0.007715
13 0.805368 0.452916 0.009094 0.007715
13 0.622910 0.452689 0.009094 0.007261
13 0.751540 0.452575 0.009387 0.007488
13 0.751247 0.437826 0.011734 0.007942
13 0.441478 0.452802 0.010560 0.007942
13 0.651951 0.445201 0.009680 0.007261
13 0.413171 0.445428 0.010854 0.007715
13 0.381784 0.438167 0.011440 0.007715
13 0.673951 0.437599 0.011440 0.007488
18 0.966706 0.435671 0.010267 0.007261
12 0.927838 0.434990 0.009387 0.008169
12 0.843796 0.434763 0.009680 0.008623
12 0.804781 0.434196 0.010267 0.007488
13 0.925345 0.384162 0.010267 0.008169
12 0.924905 0.351713 0.009974 0.007715
11 0.955265 0.378035 0.015547 0.009984
12 0.970226 0.336056 0.009680 0.007715
11 0.942652 0.383594 0.007334 0.004311
13 0.947639 0.343431 0.011440 0.007942
13 0.467732 0.375766 0.010267 0.006354
13 0.424025 0.375766 0.009680 0.006354
13 0.641977 0.375652 0.010267 0.006580
13 0.599443 0.375539 0.010854 0.006354
13 0.554561 0.375879 0.011440 0.007034
13 0.511880 0.375766 0.010560 0.006807
13 0.850836 0.375085 0.009094 0.006354
13 0.827955 0.375085 0.010267 0.006354
11 0.304341 0.371795 0.013200 0.009757
12 0.316368 0.342977 0.010267 0.007488
13 0.876357 0.368958 0.010854 0.006807
13 0.807715 0.368958 0.009680 0.006807
12 0.356263 0.366916 0.006747 0.004992
12 0.362276 0.326186 0.009387 0.007034
14 0.139924 0.366689 0.008214 0.006354
13 0.139190 0.326526 0.009094 0.007715
18 0.127017 0.361470 0.007627 0.004084
12 0.901584 0.361811 0.009680 0.007034
13 0.785861 0.362038 0.010560 0.007488
13 0.269141 0.359315 0.010854 0.007488
13 0.243326 0.359315 0.010854 0.007488
13 0.447052 0.359201 0.009974 0.007715
13 0.446025 0.342410 0.010267 0.007715
13 0.621737 0.358747 0.009680 0.007261
13 0.620857 0.339687 0.010267 0.008169
13 0.575975 0.358747 0.009680 0.007261
13 0.575682 0.342977 0.011440 0.007488
13 0.536961 0.358861 0.009094 0.007488
13 0.536081 0.339687 0.009680 0.007261
13 0.664124 0.358747 0.009387 0.007715
13 0.662804 0.339687 0.009680 0.007715
13 0.491786 0.358747 0.009680 0.007715
13 0.491200 0.339460 0.010267 0.007261
13 0.223379 0.352507 0.010854 0.007488
13 0.293488 0.352280 0.010267 0.007942
13 0.754033 0.351600 0.011440 0.007942
13 0.720593 0.342864 0.010267 0.007715
13 0.189352 0.342750 0.010854 0.007488
13 0.695952 0.335489 0.010267 0.007488
13 0.162804 0.333674 0.009974 0.007488
13 0.338662 0.332880 0.011440 0.008169
12 0.108683 0.319832 0.010267 0.007942
18 0.385597 0.319265 0.011440 0.007715
11 0.582869 0.264125 0.011734 0.005900
13 0.597389 0.234513 0.009094 0.007488
13 0.620857 0.257318 0.010267 0.007261
12 0.620270 0.224189 0.009680 0.007715
13 0.266500 0.250851 0.012027 0.007488
13 0.942945 0.250737 0.012027 0.007715
13 0.899677 0.250397 0.011734 0.007488
13 0.313435 0.250397 0.012027 0.007488
13 0.214579 0.250511 0.011440 0.008169
13 0.855529 0.250170 0.012027 0.007942
13 0.810355 0.250170 0.012027 0.007942
13 0.551041 0.250170 0.012027 0.007942
13 0.526987 0.250170 0.012027 0.007942
13 0.357436 0.250170 0.012027 0.007942
13 0.757700 0.249943 0.011734 0.007942
13 0.711206 0.249943 0.012027 0.007942
13 0.131270 0.243930 0.011440 0.007715
13 0.575682 0.243249 0.010854 0.007715
13 0.504400 0.243136 0.010267 0.007942
13 0.478733 0.234286 0.009974 0.007488
13 0.964652 0.233038 0.010854 0.006807
13 0.288794 0.232131 0.008507 0.007261
13 0.240100 0.232017 0.008507 0.007034
13 0.877237 0.232244 0.008507 0.008396
13 0.923291 0.231677 0.007920 0.008169
13 0.833382 0.231790 0.009387 0.008396
13 0.333822 0.231450 0.008800 0.007715
13 0.785421 0.231450 0.009094 0.008169
13 0.382370 0.231110 0.007920 0.007488
13 0.189352 0.231223 0.007920 0.008169
13 0.732473 0.230656 0.009387 0.008396
13 0.155324 0.224302 0.010267 0.007488
13 0.455705 0.223848 0.010267 0.007488
13 0.108096 0.223848 0.009680 0.007488
12 0.288501 0.216928 0.010267 0.006807
12 0.433265 0.217041 0.010560 0.007488
12 0.641830 0.216587 0.009974 0.007034
12 0.876503 0.216474 0.009974 0.007715
12 0.731006 0.215907 0.009974 0.007034
18 0.965532 0.214999 0.011440 0.007942
18 0.239806 0.214091 0.011440 0.007488
18 0.922118 0.213637 0.010267 0.007488
12 0.832062 0.213637 0.009680 0.007488
18 0.333382 0.213637 0.010854 0.007488
18 0.784834 0.213410 0.010267 0.007488
18 0.382517 0.213524 0.011147 0.007715
18 0.189352 0.213410 0.011440 0.007488
18 0.668671 0.210347 0.010267 0.007715
12 0.408771 0.210120 0.010267 0.008169
13 0.274714 0.151123 0.010267 0.005900
13 0.131857 0.148514 0.012027 0.007488
13 0.441038 0.147833 0.012027 0.007942
13 0.200792 0.145337 0.011440 0.007488
13 0.585362 0.143408 0.009680 0.005900
13 0.488853 0.141479 0.005573 0.006127
13 0.488853 0.117313 0.010267 0.007715
12 0.924611 0.141366 0.005867 0.006354
13 0.922998 0.107783 0.010267 0.007261
13 0.563948 0.141139 0.007920 0.006354
13 0.561308 0.125142 0.009680 0.007488
13 0.346729 0.141026 0.010560 0.007488
13 0.731593 0.140458 0.009974 0.007715
13 0.512174 0.137509 0.009387 0.007715
13 0.874010 0.137282 0.010854 0.008169
13 0.250367 0.134899 0.012027 0.007942
13 0.297595 0.134332 0.010267 0.007715
13 0.658844 0.133764 0.011147 0.007942
13 0.109856 0.132176 0.010267 0.007488
13 0.155177 0.131722 0.010560 0.007488
13 0.465092 0.130701 0.009680 0.006354
13 0.415224 0.131042 0.009680 0.007034
13 0.804341 0.130474 0.009387 0.007261
13 0.178791 0.126617 0.010854 0.007261
13 0.224259 0.125936 0.010267 0.007261
13 0.944705 0.125709 0.009094 0.008169
13 0.609416 0.124801 0.009680 0.007715
13 0.319889 0.122646 0.010267 0.007942
13 0.368877 0.122305 0.010854 0.007715
13 0.756087 0.121852 0.009680 0.007715
13 0.706512 0.121852 0.010267 0.007715
13 0.850103 0.118675 0.008800 0.007261
13 0.898651 0.118221 0.009680 0.008169
13 0.535494 0.117654 0.010267 0.007942
13 0.635084 0.113910 0.010560 0.006807
13 0.680845 0.113910 0.009974 0.007261
13 0.827369 0.110846 0.011440 0.007942
13 0.780141 0.110052 0.009680 0.007715
13 0.966706 0.108010 0.009680 0.007261
11 0.213259 0.069095 0.010560 0.003857
13 0.225873 0.031200 0.010560 0.006580
13 0.202845 0.047651 0.009094 0.006354
13 0.869170 0.047198 0.010560 0.006807
13 0.497800 0.046857 0.009387 0.006580
13 0.272074 0.044702 0.010267 0.008169
13 0.646084 0.044021 0.012027 0.007715
13 0.354796 0.044361 0.011440 0.008396
13 0.575975 0.043907 0.011440 0.008396
13 0.423585 0.040844 0.009974 0.006354
13 0.801555 0.040277 0.010267 0.006580
13 0.728513 0.040163 0.009094 0.006807
13 0.948812 0.038348 0.009680 0.007715
13 0.295541 0.038235 0.010267 0.007942
13 0.252127 0.038235 0.011440 0.007942
13 0.596803 0.037214 0.010854 0.007715
13 0.549868 0.037214 0.010854 0.007715
13 0.156057 0.034831 0.009974 0.007034
13 0.402904 0.034491 0.010267 0.007261
13 0.754327 0.033810 0.010267 0.006807
13 0.445145 0.034264 0.011440 0.007715
13 0.707686 0.033810 0.009680 0.007715
13 0.177031 0.031087 0.011440 0.007715
13 0.894397 0.030860 0.011734 0.007715
13 0.468612 0.030520 0.011440 0.007488
13 0.846729 0.030520 0.010854 0.007942
13 0.526987 0.030406 0.012027 0.007715
13 0.137284 0.027910 0.009974 0.006807
13 0.325755 0.027910 0.012027 0.007261
13 0.665591 0.027456 0.011147 0.006807
13 0.379437 0.027683 0.011440 0.007261
13 0.619097 0.027116 0.010854 0.006580
13 0.822382 0.022010 0.009094 0.007261
13 0.778967 0.022010 0.010267 0.007715
13 0.967586 0.020195 0.009680 0.008623
13 0.109563 0.019628 0.009094 0.007488
13 0.917864 0.019174 0.011147 0.007034
3 0.684218 0.336624 0.007920 0.021557
3 0.564828 0.044134 0.009094 0.021557
4 0.313142 0.027797 0.010267 0.020649
4 0.792168 0.130815 0.011440 0.021557
4 0.177031 0.213864 0.010267 0.021103
3 0.741713 0.351827 0.007920 0.022010
1 0.035201 0.045042 0.025227 0.050601
4 0.402904 0.131268 0.010854 0.021103
4 0.936492 0.037894 0.010854 0.021784
3 0.211939 0.352621 0.006747 0.021784
3 0.791874 0.434763 0.007920 0.021784
3 0.815048 0.745292 0.006747 0.021557
4 0.190672 0.047992 0.011147 0.020649
4 0.633030 0.044134 0.011147 0.021557
3 0.400851 0.446903 0.007334 0.021557
3 0.804488 0.885069 0.007334 0.021557
4 0.096363 0.543340 0.010267 0.022010
1 0.036814 0.148741 0.024934 0.051055
3 0.491786 0.471182 0.007334 0.021103
3 0.707392 0.470955 0.007920 0.021557
4 0.433412 0.540390 0.010854 0.020649
1 0.035054 0.257204 0.025521 0.051055
4 0.485480 0.047311 0.011734 0.021103
4 0.127163 0.028251 0.013787 0.021103
4 0.769874 0.214545 0.010854 0.021557
3 0.413758 0.376106 0.007920 0.020649
4 0.097829 0.131949 0.010854 0.021557
4 0.341156 0.044588 0.010560 0.021557
3 0.773101 0.361811 0.007334 0.021103
5 0.428718 0.450306 0.009094 0.017472
4 0.206072 0.920921 0.010854 0.021103
4 0.392637 0.910710 0.010854 0.021557
4 0.334262 0.141026 0.010854 0.021103
3 0.613523 0.894826 0.007920 0.021103
3 0.505280 0.901180 0.008507 0.022010
4 0.843502 0.885069 0.010267 0.020649
3 0.095483 0.772521 0.007334 0.021103
3 0.096949 0.908441 0.008507 0.020649
4 0.632004 0.928636 0.010854 0.020649
4 0.559255 0.931359 0.010854 0.021557
3 0.352156 0.909689 0.007334 0.021784
5 0.460106 0.460744 0.009680 0.018380
5 0.369463 0.436692 0.009094 0.017472
5 0.725579 0.885069 0.009094 0.017472
3 0.682752 0.890515 0.007920 0.022010
5 0.270901 0.909803 0.009094 0.017472
4 0.194925 0.570116 0.010267 0.021103
4 0.442212 0.938393 0.011440 0.021557
4 0.372837 0.941343 0.011734 0.021103
3 0.250807 0.944747 0.007040 0.022010
4 0.294515 0.945428 0.013494 0.022464
4 0.188032 0.951101 0.010560 0.020649
4 0.745527 0.920921 0.011440 0.021103
3 0.705045 0.921375 0.007920 0.021103
3 0.128043 0.326866 0.007920 0.021103
1 0.033881 0.584184 0.024934 0.051509
1 0.034468 0.693102 0.024347 0.051509
1 0.035348 0.366122 0.025521 0.051055
1 0.035641 0.476174 0.025521 0.051509
3 0.254473 0.583730 0.007334 0.021557
1 0.033881 0.801566 0.026107 0.050601
3 0.767527 0.890288 0.007334 0.017018
3 0.315195 0.914114 0.007334 0.021557
1 0.036521 0.937032 0.024934 0.051055
4 0.463626 0.907307 0.010854 0.022010
3 0.160018 0.559905 0.007334 0.021557
4 0.582136 0.898911 0.010854 0.022010
4 0.485626 0.934763 0.011440 0.021557
5 0.523174 0.474359 0.009094 0.017926
4 0.129803 0.551509 0.010267 0.022010
4 0.071575 0.471749 0.009974 0.020876
4 0.061602 0.461425 0.009974 0.021557
4 0.073042 0.253574 0.010560 0.020649
4 0.063362 0.243136 0.009974 0.020649
4 0.070109 0.798275 0.009974 0.020422
4 0.060428 0.787838 0.010560 0.020876
4 0.073335 0.145224 0.010560 0.020422
4 0.063068 0.134786 0.009974 0.020876
4 0.070402 0.933401 0.009974 0.021557
4 0.060135 0.923077 0.010560 0.020876
4 0.071575 0.362378 0.010560 0.020876
4 0.062482 0.351713 0.009974 0.020876
4 0.072749 0.041071 0.009974 0.020876
4 0.063362 0.030973 0.009974 0.020195
4 0.070695 0.688904 0.010560 0.020422
4 0.061602 0.678693 0.009974 0.020422
4 0.070695 0.579986 0.009974 0.021330
4 0.061308 0.570229 0.009974 0.020422
5 0.736873 0.450193 0.007627 0.015884
5 0.738340 0.434763 0.008214 0.016791
3 0.216192 0.590311 0.009387 0.021557
4 0.224699 0.576923 0.009387 0.021557
3 0.662951 0.689812 0.009387 0.019061
3 0.629803 0.772408 0.009387 0.021330
3 0.132297 0.446903 0.008800 0.021557
3 0.132297 0.461652 0.008800 0.021557