10 0.618971 0.981477 0.008529 0.004773
10 0.909265 0.967614 0.007941 0.004318
9 0.368676 0.966705 0.016176 0.051591
7 0.337500 0.947386 0.010294 0.027500
9 0.279853 0.944659 0.016176 0.049318
10 0.775441 0.878068 0.010882 0.004318
10 0.105735 0.873750 0.012647 0.003864
10 0.321618 0.873295 0.009118 0.004773
10 0.181029 0.872841 0.015000 0.005682
9 0.246618 0.851932 0.012059 0.061136
9 0.721324 0.850795 0.013235 0.059773
9 0.771324 0.851136 0.014412 0.067727
10 0.425735 0.787159 0.013824 0.003409
10 0.638676 0.774432 0.017353 0.006136
9 0.860147 0.766705 0.010882 0.034318
10 0.513088 0.752614 0.012059 0.004318
9 0.466618 0.761818 0.010882 0.038182
9 0.418382 0.761023 0.010882 0.036591
9 0.696912 0.757614 0.010294 0.042500
9 0.298088 0.741932 0.013824 0.030227
7 0.158676 0.727614 0.007941 0.025227
9 0.189853 0.734205 0.010294 0.032955
10 0.795441 0.663295 0.008529 0.004773
10 0.512206 0.654205 0.007941 0.004773
10 0.627794 0.628295 0.008529 0.003864
10 0.348676 0.628295 0.007941 0.003864
10 0.923382 0.626250 0.007941 0.003409
10 0.552206 0.627386 0.017353 0.005682
9 0.496912 0.646932 0.016176 0.052955
9 0.355147 0.646250 0.015000 0.049773
9 0.637206 0.646250 0.016765 0.057045
9 0.939853 0.643977 0.016176 0.055227
10 0.804559 0.573977 0.012647 0.003409
10 0.138382 0.573523 0.012059 0.005227
10 0.740147 0.565568 0.008529 0.002955
10 0.278971 0.548750 0.007353 0.004773
10 0.587500 0.547614 0.007941 0.005227
9 0.291912 0.553068 0.012059 0.031591
10 0.119853 0.571705 0.011471 0.003409
10 0.105147 0.571023 0.012647 0.004773
9 0.678382 0.547841 0.015588 0.038409
10 0.754265 0.493068 0.012059 0.006136
10 0.769559 0.486250 0.008529 0.004318
10 0.920147 0.474886 0.009706 0.005227
9 0.413382 0.467955 0.011471 0.026818
10 0.720441 0.462386 0.009118 0.004773
9 0.854559 0.464318 0.006765 0.023182
10 0.860441 0.456705 0.007941 0.006136
10 0.696029 0.456250 0.007353 0.006136
10 0.301029 0.453295 0.007941 0.004773
9 0.218971 0.454659 0.010882 0.041136
8 0.102206 0.369659 0.015000 0.022955
8 0.250441 0.369432 0.015000 0.023409
10 0.574559 0.353977 0.007941 0.005227
9 0.808382 0.353864 0.009706 0.036818
9 0.478971 0.353864 0.009706 0.036818
9 0.611618 0.352727 0.010294 0.040000
10 0.489853 0.284205 0.020882 0.004773
10 0.885147 0.265568 0.007941 0.003864
9 0.472206 0.270909 0.017353 0.027273
10 0.341029 0.261932 0.009118 0.005682
9 0.273382 0.270000 0.013824 0.024545
8 0.100735 0.263750 0.014412 0.023864
8 0.832206 0.263068 0.015000 0.023409
8 0.529265 0.262614 0.015000 0.023409
8 0.692794 0.262841 0.015000 0.023864
8 0.390441 0.262841 0.015000 0.023864
8 0.250147 0.263068 0.014412 0.023409
9 0.603971 0.233068 0.007941 0.022500
10 0.264559 0.207159 0.010294 0.002500
10 0.667500 0.198750 0.016176 0.004773
10 0.885147 0.187841 0.010294 0.004773
10 0.713088 0.176705 0.010882 0.004318
10 0.816029 0.175795 0.009706 0.003409
9 0.312500 0.160114 0.008529 0.067500
10 0.226029 0.204432 0.013235 0.003409
10 0.838676 0.098068 0.007941 0.005227
10 0.368088 0.096023 0.029118 0.002955
10 0.383676 0.094432 0.007353 0.005227
10 0.695147 0.091250 0.007941 0.005227
10 0.668382 0.067386 0.012059 0.005682
10 0.588971 0.067386 0.012059 0.005682
10 0.885147 0.061250 0.009118 0.003409
7 0.723088 0.068523 0.006176 0.024318
10 0.246618 0.061023 0.009706 0.005682
10 0.322500 0.053977 0.007353 0.004318
10 0.748088 0.053295 0.009118 0.003864
10 0.443088 0.064432 0.021471 0.003409
13 0.368971 0.986932 0.010294 0.007955
13 0.341618 0.978750 0.010882 0.007955
12 0.312500 0.972273 0.010294 0.007273
13 0.293824 0.962386 0.010588 0.007955
13 0.228088 0.962273 0.009706 0.007727
11 0.731176 0.962273 0.011176 0.009545
12 0.739853 0.932159 0.009706 0.008409
11 0.705588 0.959205 0.010588 0.005682
13 0.712206 0.925795 0.010882 0.007500
18 0.938971 0.958409 0.012647 0.005455
13 0.270000 0.956023 0.011176 0.007955
13 0.206471 0.955682 0.011176 0.008182
13 0.637500 0.955114 0.010882 0.007955
13 0.596618 0.955227 0.011471 0.008182
13 0.550147 0.955341 0.011471 0.008409
13 0.508382 0.955455 0.011471 0.008636
13 0.463676 0.955455 0.011471 0.008636
13 0.417941 0.955455 0.011176 0.008636
14 0.846618 0.954773 0.011471 0.008182
13 0.821029 0.954773 0.010882 0.008182
12 0.947353 0.950795 0.005882 0.004773
12 0.955735 0.917955 0.010882 0.008182
13 0.176029 0.949545 0.010294 0.007727
13 0.250441 0.949091 0.010882 0.007727
13 0.868529 0.948523 0.010000 0.007500
13 0.793382 0.948182 0.010882 0.007727
13 0.890147 0.942159 0.011471 0.007500
13 0.772500 0.941818 0.011471 0.007727
13 0.155882 0.939318 0.010588 0.007273
14 0.662794 0.938409 0.008529 0.007273
14 0.662941 0.922273 0.010588 0.007727
13 0.616618 0.938182 0.009118 0.006818
13 0.616029 0.921250 0.009118 0.007500
13 0.571912 0.938068 0.009118 0.006591
13 0.571765 0.924659 0.011176 0.007955
13 0.528971 0.938409 0.007941 0.007273
13 0.528971 0.921932 0.010294 0.007955
13 0.485147 0.938182 0.008529 0.006818
13 0.484853 0.921932 0.010294 0.007955
13 0.441176 0.938409 0.008824 0.007273
13 0.441324 0.925227 0.010882 0.008182
13 0.133971 0.932727 0.009706 0.007727
12 0.912794 0.931591 0.009706 0.008182
12 0.913382 0.961818 0.012059 0.011364
13 0.101618 0.925795 0.010882 0.008409
13 0.934559 0.925000 0.010882 0.007727
12 0.691912 0.918636 0.010294 0.008636
13 0.653529 0.881250 0.010000 0.007955
14 0.627794 0.874318 0.010294 0.008182
14 0.605147 0.867386 0.010882 0.007955
13 0.935441 0.857841 0.011471 0.007955
13 0.890147 0.857727 0.011471 0.007727
13 0.507794 0.857727 0.011471 0.007727
13 0.343676 0.857955 0.011471 0.008182
13 0.272500 0.857955 0.011471 0.008182
13 0.202500 0.857955 0.011471 0.008182
12 0.842794 0.857500 0.010882 0.008182
13 0.794706 0.857500 0.011176 0.008182
12 0.745882 0.857500 0.011176 0.008182
12 0.699559 0.857386 0.011471 0.007955
13 0.579706 0.857614 0.010588 0.008409
13 0.130735 0.851364 0.011471 0.007727
13 0.485441 0.851023 0.011471 0.007955
13 0.558676 0.850795 0.010882 0.008409
13 0.533088 0.844432 0.010294 0.007500
13 0.460441 0.844659 0.012059 0.007955
13 0.227206 0.841818 0.009118 0.005909
13 0.226618 0.823977 0.010294 0.007500
13 0.175735 0.841818 0.008529 0.005909
13 0.175441 0.824659 0.010294 0.007045
13 0.957941 0.841591 0.008235 0.006364
13 0.957794 0.824091 0.010294 0.007727
13 0.911029 0.841591 0.007353 0.006364
13 0.911471 0.823864 0.010000 0.007273
13 0.296618 0.841591 0.007941 0.006364
13 0.295735 0.826705 0.009706 0.007500
12 0.319559 0.841477 0.007941 0.006591
13 0.319412 0.824886 0.010588 0.007500
13 0.366029 0.840909 0.009118 0.005909
13 0.365294 0.824318 0.010000 0.007273
12 0.247794 0.841364 0.009118 0.006818
12 0.247059 0.827500 0.009412 0.007273
13 0.817794 0.840455 0.009118 0.006364
13 0.817500 0.823977 0.010882 0.007500
13 0.771912 0.840341 0.009118 0.006136
13 0.771029 0.822955 0.009706 0.007273
13 0.721912 0.840682 0.007941 0.006818
17 0.721471 0.826818 0.009412 0.007727
13 0.863529 0.840114 0.008235 0.006136
13 0.863088 0.827045 0.010294 0.007273
13 0.153676 0.834545 0.010294 0.006818
13 0.438971 0.834659 0.011471 0.007955
13 0.101618 0.834432 0.010882 0.007500
13 0.413676 0.827500 0.009118 0.007273
13 0.390000 0.820682 0.011176 0.008182
13 0.270735 0.768295 0.011471 0.007045
13 0.133676 0.765114 0.010294 0.007955
13 0.444853 0.764773 0.011471 0.008182
13 0.203382 0.761136 0.010882 0.006364
13 0.583382 0.761023 0.009706 0.007045
13 0.722794 0.758068 0.010882 0.007500
13 0.349265 0.758182 0.010882 0.007727
13 0.511618 0.754659 0.009706 0.006591
13 0.861176 0.754432 0.008824 0.006591
13 0.295147 0.751818 0.012059 0.007727
13 0.250735 0.751818 0.011471 0.007727
13 0.654265 0.751477 0.011471 0.007955
13 0.156324 0.748636 0.010882 0.005909
13 0.792647 0.748182 0.009412 0.006818
13 0.467500 0.748182 0.009706 0.006818
11 0.419265 0.748295 0.009706 0.007045
13 0.103382 0.748182 0.010882 0.006818
13 0.181912 0.745455 0.011471 0.007727
13 0.933382 0.745114 0.010882 0.007955
13 0.608088 0.745000 0.010882 0.007727
13 0.560294 0.745000 0.011176 0.007727
13 0.227794 0.745114 0.010294 0.007955
13 0.698088 0.741818 0.007353 0.005455
13 0.370882 0.742159 0.011176 0.006591
13 0.747059 0.741818 0.010588 0.006818
13 0.321324 0.741932 0.011471 0.007045
13 0.839265 0.738636 0.010882 0.007727
13 0.886029 0.738409 0.011471 0.008182
13 0.535147 0.738409 0.010882 0.008182
13 0.490441 0.738409 0.012059 0.008182
13 0.675441 0.734773 0.010294 0.007273
13 0.631618 0.735000 0.009706 0.007727
13 0.771471 0.731250 0.010000 0.007500
13 0.817206 0.730909 0.010294 0.007727
13 0.956618 0.727727 0.010294 0.007727
13 0.910147 0.727955 0.010294 0.008182
13 0.491324 0.668636 0.010294 0.006818
13 0.206029 0.668750 0.011471 0.007045
13 0.864265 0.667955 0.010294 0.007273
13 0.274853 0.665909 0.011471 0.007727
13 0.634853 0.665114 0.010294 0.007045
13 0.560000 0.665341 0.009412 0.007500
13 0.350147 0.665568 0.010294 0.007955
13 0.793971 0.661591 0.010882 0.006364
13 0.416176 0.661818 0.010588 0.006818
13 0.725735 0.661591 0.010882 0.007273
13 0.296912 0.659205 0.010882 0.007955
13 0.252794 0.659205 0.010882 0.007955
13 0.939412 0.658636 0.011176 0.007727
13 0.583235 0.658750 0.010588 0.007955
13 0.536324 0.658750 0.010882 0.007955
13 0.157206 0.655909 0.010294 0.006818
13 0.749853 0.655000 0.010882 0.005909
13 0.701176 0.655000 0.010000 0.005909
13 0.438824 0.655114 0.011176 0.006136
13 0.393382 0.655227 0.010882 0.006364
13 0.227794 0.652614 0.011471 0.007500
13 0.180441 0.652955 0.010882 0.008182
13 0.889559 0.652159 0.010294 0.007500
13 0.841029 0.652045 0.010882 0.007273
11 0.850147 0.628182 0.006765 0.004091
13 0.513971 0.652273 0.010882 0.007727
13 0.463088 0.652386 0.011471 0.007955
13 0.134265 0.649318 0.010294 0.006364
13 0.371618 0.649318 0.010882 0.007273
13 0.319559 0.649318 0.011471 0.007273
13 0.656029 0.648636 0.010294 0.006818
13 0.605147 0.648636 0.010882 0.006818
13 0.818382 0.645341 0.011471 0.007500
13 0.773235 0.645568 0.011765 0.007955
13 0.101912 0.642841 0.010294 0.006136
13 0.959265 0.642045 0.010882 0.006364
13 0.912500 0.641932 0.009706 0.006136
13 0.871912 0.559432 0.010882 0.007500
13 0.939412 0.552727 0.010588 0.007727
13 0.894265 0.552727 0.011471 0.007727
13 0.729853 0.552841 0.012059 0.007955
13 0.843235 0.552500 0.011176 0.008182
13 0.276029 0.550227 0.010294 0.007273
13 0.586912 0.549545 0.009706 0.006818
13 0.200441 0.547045 0.010882 0.008182
13 0.131912 0.547159 0.011471 0.008409
13 0.917500 0.545795 0.009706 0.007500
13 0.752500 0.545909 0.010294 0.007727
13 0.709412 0.546136 0.011176 0.008182
13 0.438824 0.546250 0.011176 0.008409
13 0.961912 0.545568 0.010294 0.007955
13 0.801029 0.545682 0.010882 0.008182
13 0.350441 0.543182 0.010882 0.007727
13 0.300441 0.542955 0.010882 0.007273
13 0.253088 0.543295 0.011471 0.007955
13 0.660882 0.542727 0.011176 0.007727
13 0.613088 0.542500 0.011471 0.007273
13 0.563529 0.542614 0.010588 0.007500
13 0.101912 0.540341 0.010294 0.008409
13 0.512206 0.538750 0.010882 0.007955
13 0.156471 0.538523 0.011176 0.008409
13 0.822794 0.537841 0.009706 0.007955
13 0.776618 0.537614 0.010294 0.007500
13 0.461324 0.537955 0.010294 0.008182
13 0.413971 0.537841 0.009706 0.007955
13 0.177206 0.535909 0.010294 0.008636
13 0.223382 0.534773 0.010882 0.007273
13 0.683676 0.534773 0.010294 0.008182
13 0.638382 0.534318 0.009118 0.008182
13 0.375441 0.532955 0.010882 0.007273
13 0.321324 0.531932 0.011471 0.007955
13 0.489412 0.531136 0.011176 0.007273
13 0.535735 0.530795 0.010882 0.007500
13 0.742206 0.470455 0.009706 0.006818
13 0.562941 0.467045 0.011176 0.008182
13 0.719559 0.464205 0.010294 0.007045
13 0.633088 0.460795 0.011471 0.008409
13 0.585588 0.460682 0.011765 0.008182
13 0.535735 0.460568 0.010882 0.007955
13 0.421176 0.460568 0.011176 0.007955
13 0.859265 0.458295 0.010294 0.007045
13 0.695147 0.457727 0.009706 0.006818
13 0.276471 0.457614 0.010000 0.006591
13 0.790441 0.454659 0.009706 0.007955
13 0.653235 0.454432 0.010000 0.007500
13 0.125000 0.454545 0.010000 0.007727
13 0.608676 0.454205 0.010882 0.007955
13 0.491176 0.454091 0.010000 0.007727
13 0.441029 0.454205 0.009706 0.007955
13 0.395588 0.454205 0.010588 0.007955
13 0.932500 0.451818 0.010294 0.007727
13 0.881618 0.451818 0.010882 0.007727
13 0.836912 0.451591 0.010882 0.008182
13 0.351324 0.451250 0.010294 0.007500
13 0.300147 0.451136 0.010882 0.007273
13 0.253382 0.450909 0.010882 0.007727
13 0.201618 0.447841 0.010882 0.007955
13 0.150441 0.447727 0.010882 0.007727
12 0.100147 0.447841 0.010294 0.007955
13 0.512500 0.446136 0.011471 0.008182
13 0.468382 0.445227 0.011471 0.008182
13 0.811765 0.443750 0.009412 0.007955
13 0.766471 0.443636 0.010000 0.007727
13 0.329265 0.443636 0.009706 0.007727
13 0.372500 0.442841 0.010294 0.007045
13 0.953529 0.440682 0.009412 0.007273
13 0.225588 0.440341 0.010000 0.007500
13 0.904412 0.440114 0.010588 0.007955
13 0.181912 0.440114 0.011471 0.007955
13 0.205882 0.383068 0.008824 0.006591
12 0.205000 0.359659 0.010588 0.007955
13 0.273676 0.382955 0.009118 0.007273
12 0.273382 0.359659 0.010294 0.007955
11 0.132500 0.383295 0.007941 0.007955
12 0.132206 0.360227 0.010882 0.008182
13 0.340735 0.382614 0.010294 0.007500
12 0.340147 0.359432 0.011471 0.007500
11 0.158676 0.360000 0.009706 0.007727
17 0.157794 0.334886 0.010294 0.008409
11 0.363088 0.359318 0.009118 0.007273
17 0.363088 0.334432 0.010294 0.007500
11 0.318529 0.359545 0.009412 0.007727
17 0.317206 0.335455 0.009118 0.007727
11 0.296029 0.359545 0.009118 0.007727
17 0.296029 0.334432 0.010294 0.008409
11 0.227500 0.359659 0.008529 0.007955
17 0.226912 0.334886 0.009706 0.008409
11 0.182647 0.359659 0.008824 0.007955
17 0.182206 0.334773 0.009706 0.007273
13 0.862500 0.356477 0.010294 0.007045
13 0.573676 0.355909 0.010294 0.006818
13 0.785147 0.352841 0.010882 0.007955
13 0.719265 0.352955 0.010882 0.008182
13 0.507206 0.352955 0.010294 0.008182
13 0.435882 0.352841 0.011176 0.007955
13 0.937206 0.349773 0.010294 0.007273
13 0.884559 0.349545 0.009706 0.006818
13 0.840735 0.349659 0.010294 0.007045
13 0.649265 0.349318 0.009706 0.007273
13 0.597206 0.349205 0.010294 0.007045
13 0.551765 0.349318 0.009412 0.007273
13 0.698529 0.345795 0.010588 0.007500
13 0.742206 0.345227 0.010882 0.007273
13 0.413971 0.345455 0.010882 0.007727
13 0.459853 0.344545 0.010882 0.007727
13 0.810441 0.341364 0.010294 0.007727
13 0.764265 0.341477 0.010294 0.007955
13 0.481029 0.341705 0.009706 0.008409
13 0.530147 0.341023 0.010294 0.007955
13 0.959412 0.338977 0.011176 0.007500
13 0.909853 0.338977 0.010882 0.007500
13 0.672500 0.338636 0.011471 0.007727
13 0.619265 0.338750 0.010882 0.007955
13 0.927206 0.276477 0.010294 0.007045
13 0.854853 0.276477 0.010294 0.007045
12 0.624412 0.276477 0.009412 0.007045
12 0.551176 0.276023 0.009412 0.007045
13 0.131618 0.273864 0.010882 0.008182
18 0.118088 0.273182 0.007353 0.006818
13 0.716618 0.273182 0.011471 0.007727
13 0.206765 0.273295 0.009412 0.007955
13 0.783382 0.272386 0.010882 0.007955
13 0.952206 0.263182 0.009706 0.006818
13 0.951765 0.246818 0.010000 0.007727
13 0.903971 0.263068 0.009706 0.006591
13 0.903971 0.246705 0.009706 0.007500
13 0.738088 0.263409 0.010882 0.007273
13 0.738088 0.249886 0.009706 0.006591
13 0.480735 0.263182 0.009118 0.006818
13 0.341029 0.263182 0.009706 0.006818
13 0.273382 0.263409 0.009706 0.007273
13 0.760147 0.263295 0.010294 0.007500
13 0.759853 0.249659 0.008529 0.006136
13 0.411618 0.263068 0.009706 0.007045
13 0.883088 0.263182 0.010294 0.007727
13 0.882500 0.246705 0.010294 0.007500
13 0.805147 0.262841 0.009706 0.007045
13 0.805000 0.249545 0.009412 0.005909
13 0.227353 0.260455 0.010588 0.007727
13 0.226324 0.250455 0.009706 0.005909
13 0.181029 0.260227 0.009706 0.008182
13 0.179559 0.250227 0.009118 0.005455
12 0.180735 0.225909 0.007353 0.004091
18 0.158088 0.250455 0.007353 0.005000
12 0.159118 0.261023 0.010588 0.007955
14 0.167794 0.226591 0.006765 0.004545
11 0.649559 0.246364 0.009118 0.007727
11 0.648676 0.228523 0.009706 0.007500
12 0.603088 0.246364 0.010294 0.007727
17 0.602353 0.227955 0.009412 0.008182
17 0.580735 0.246477 0.011471 0.007955
17 0.580147 0.228409 0.011471 0.009091
13 0.458382 0.239091 0.010294 0.007727
13 0.436471 0.239091 0.010588 0.007727
13 0.365735 0.239091 0.009706 0.007727
13 0.318088 0.239091 0.009706 0.007727
13 0.298382 0.239205 0.010294 0.007955
13 0.507353 0.238636 0.010588 0.007727
13 0.103088 0.203523 0.013824 0.007045
18 0.269706 0.199773 0.008824 0.003636
18 0.608088 0.199318 0.009118 0.003636
17 0.621176 0.199091 0.016471 0.004091
11 0.636324 0.156023 0.010882 0.007955
11 0.594706 0.199091 0.010000 0.004091
11 0.605441 0.179091 0.009118 0.006818
17 0.382206 0.198864 0.009706 0.003636
11 0.394559 0.156364 0.010882 0.007727
18 0.343824 0.198295 0.012941 0.006591
12 0.767500 0.197045 0.006176 0.008182
17 0.768088 0.130909 0.009706 0.007727
11 0.157647 0.180227 0.010000 0.007273
11 0.260441 0.179773 0.009706 0.007273
11 0.368971 0.179432 0.010294 0.007500
14 0.816029 0.178523 0.009118 0.007500
13 0.713235 0.178523 0.009412 0.007500
11 0.946176 0.171591 0.005882 0.004545
13 0.953676 0.146250 0.010294 0.006591
11 0.497059 0.171932 0.007647 0.005227
13 0.504559 0.146364 0.009706 0.007727
13 0.421324 0.169545 0.011471 0.007727
13 0.874265 0.169091 0.010294 0.007727
14 0.905735 0.162841 0.010882 0.007955
14 0.451618 0.162841 0.009706 0.007955
11 0.131029 0.157500 0.010882 0.008182
11 0.341765 0.156705 0.009412 0.007500
12 0.290147 0.156932 0.009118 0.007955
12 0.238382 0.156932 0.011471 0.007955
12 0.184853 0.157159 0.011471 0.008409
14 0.931618 0.156250 0.010882 0.007500
14 0.477794 0.156364 0.011471 0.007727
12 0.845441 0.155909 0.010294 0.007727
11 0.793382 0.156023 0.010882 0.007955
12 0.739559 0.155795 0.010294 0.007500
11 0.686029 0.156023 0.011471 0.007955
11 0.580735 0.156023 0.011471 0.007955
17 0.099265 0.133182 0.010882 0.007727
17 0.314559 0.132045 0.009706 0.007273
17 0.210441 0.132045 0.009706 0.007273
17 0.660735 0.131364 0.010294 0.008636
17 0.550441 0.131023 0.009706 0.008864
13 0.833529 0.095227 0.007059 0.003636
12 0.112059 0.094773 0.005882 0.007273
12 0.776324 0.091705 0.009706 0.011136
12 0.776324 0.059205 0.009706 0.007955
12 0.246029 0.092159 0.011471 0.007955
14 0.246029 0.063409 0.010294 0.006364
11 0.259559 0.090114 0.011471 0.007955
14 0.270147 0.059659 0.011471 0.007955
12 0.399706 0.084091 0.007059 0.005000
12 0.407500 0.041136 0.009706 0.008182
12 0.611324 0.079205 0.010294 0.007955
12 0.142794 0.077159 0.009706 0.006591
11 0.293971 0.077159 0.008529 0.007500
13 0.300735 0.052955 0.010294 0.008182
13 0.167500 0.073523 0.012059 0.008409
11 0.641618 0.072500 0.010882 0.008182
12 0.189412 0.069545 0.011765 0.006818
13 0.587794 0.068864 0.010294 0.006364
14 0.667794 0.068636 0.010294 0.006364
14 0.802206 0.068295 0.009706 0.006136
17 0.938824 0.066477 0.012941 0.003864
18 0.951765 0.022159 0.010000 0.007500
14 0.216618 0.066591 0.010294 0.008182
13 0.691912 0.065909 0.010294 0.007727
14 0.355441 0.066136 0.011471 0.008182
14 0.438971 0.063750 0.017353 0.005682
12 0.720441 0.062614 0.009706 0.007045
14 0.825735 0.059432 0.010882 0.007500
14 0.377206 0.055682 0.005588 0.005455
14 0.747206 0.055568 0.009118 0.006136
13 0.321176 0.055568 0.008824 0.006136
13 0.851176 0.045455 0.010588 0.007727
14 0.879853 0.035682 0.009706 0.007273
14 0.905441 0.032159 0.010294 0.007500
12 0.430000 0.032045 0.010588 0.008182
14 0.928088 0.028750 0.009706 0.007955
14 0.458971 0.028636 0.009118 0.007727
18 0.486618 0.025341 0.010294 0.007500
12 0.564118 0.022045 0.010588 0.008182
12 0.112647 0.019659 0.010000 0.007955
18 0.517500 0.017386 0.010882 0.007955
1 0.036618 0.463523 0.024412 0.042955
4 0.445441 0.030341 0.011471 0.022045
3 0.826029 0.349432 0.007941 0.021136
1 0.034265 0.255795 0.024412 0.043864
1 0.035147 0.066705 0.025000 0.051136
5 0.203971 0.063523 0.009706 0.019318
3 0.289853 0.052841 0.008529 0.021591
4 0.866029 0.246477 0.015000 0.021591
5 0.146029 0.257159 0.010294 0.018409
4 0.923382 0.349886 0.010882 0.021136
3 0.394265 0.042614 0.007941 0.020227
3 0.130735 0.076932 0.007941 0.020682
5 0.099853 0.016250 0.009706 0.018409
3 0.551912 0.543068 0.007941 0.021136
3 0.168088 0.439432 0.007353 0.022045
3 0.341912 0.065795 0.007941 0.022045
3 0.503088 0.017386 0.007941 0.021591
4 0.916912 0.451705 0.012059 0.022045
5 0.627206 0.529432 0.009118 0.017500
3 0.233382 0.063295 0.008529 0.020682
1 0.034853 0.160114 0.024412 0.042500
3 0.566912 0.246477 0.007353 0.021591
4 0.708676 0.062614 0.010882 0.020227
4 0.335735 0.758523 0.010882 0.021136
5 0.119559 0.928977 0.009118 0.017500
5 0.808088 0.951932 0.009706 0.018864
3 0.858088 0.558523 0.007353 0.022045
3 0.475441 0.531477 0.007941 0.021591
4 0.335147 0.665795 0.012059 0.022045
4 0.336324 0.542841 0.010882 0.021591
3 0.240441 0.543068 0.008529 0.021136
3 0.621324 0.735114 0.007941 0.021591
5 0.439265 0.159432 0.009706 0.018409
4 0.625735 0.071932 0.010882 0.021591
5 0.192794 0.952386 0.009706 0.017955
3 0.678088 0.917841 0.008529 0.021591
3 0.549559 0.665114 0.007941 0.020682
5 0.328382 0.975568 0.009118 0.017045
3 0.240441 0.450568 0.008529 0.020682
4 0.478382 0.668750 0.011471 0.020682
4 0.621912 0.665341 0.011471 0.022045
4 0.191912 0.669432 0.011471 0.021136
4 0.472500 0.025341 0.011471 0.021136
5 0.403382 0.951932 0.009706 0.017045
3 0.550147 0.467386 0.007941 0.020682
3 0.758088 0.941250 0.008529 0.021136
5 0.726618 0.928295 0.009118 0.017955
1 0.036618 0.748977 0.024412 0.044773
4 0.635147 0.349432 0.010882 0.021136
4 0.927206 0.658523 0.011471 0.021136
5 0.316029 0.439659 0.009118 0.017955
5 0.891029 0.158977 0.009706 0.017500
4 0.070294 0.362955 0.010000 0.020455
4 0.059412 0.353182 0.010588 0.020909
4 0.070294 0.463864 0.010000 0.019545
4 0.060000 0.453864 0.010588 0.020455
4 0.070588 0.649545 0.010588 0.020000
4 0.060000 0.639773 0.010588 0.020455
4 0.069706 0.257273 0.011176 0.020000
4 0.060294 0.246818 0.011176 0.020909
4 0.069118 0.160909 0.011176 0.020000
4 0.059118 0.150909 0.011176 0.020909
4 0.069412 0.848409 0.010588 0.019545
4 0.060000 0.838182 0.010588 0.020909
4 0.071176 0.748409 0.010588 0.019545
4 0.061176 0.738409 0.010588 0.021364
4 0.070000 0.557273 0.010588 0.020000
4 0.061176 0.546818 0.010588 0.020909
4 0.068529 0.063409 0.011176 0.020455
4 0.058235 0.053636 0.010588 0.020909
4 0.072353 0.952045 0.010588 0.019545
4 0.062647 0.942273 0.010000 0.020909
4 0.036324 0.354432 0.009118 0.021136
4 0.043824 0.352159 0.008824 0.021136
4 0.037206 0.943068 0.009118 0.021136
3 0.045000 0.940795 0.008824 0.021136
4 0.027794 0.654886 0.009118 0.021136
4 0.035441 0.647841 0.009118 0.021136
4 0.043235 0.638523 0.008824 0.021136
4 0.036912 0.547614 0.009118 0.021136
4 0.044412 0.545341 0.008824 0.021136
4 0.036324 0.838523 0.009118 0.021136
4 0.043824 0.835795 0.008824 0.021136