10 0.471684 0.969473 0.013791 0.006582
10 0.194396 0.964480 0.015552 0.005674
8 0.107688 0.961303 0.014671 0.022923
9 0.936913 0.941897 0.017019 0.037222
9 0.536385 0.942692 0.010563 0.040172
10 0.218750 0.892760 0.013204 0.005674
10 0.327612 0.886178 0.007923 0.004766
9 0.943222 0.876532 0.009096 0.024512
9 0.283011 0.875624 0.010270 0.024512
10 0.846391 0.865978 0.009096 0.005674
9 0.785065 0.875170 0.012031 0.026782
9 0.685886 0.874716 0.010857 0.026328
7 0.545041 0.851453 0.012031 0.016568
9 0.419014 0.840899 0.012324 0.076714
10 0.473445 0.772015 0.019660 0.004766
10 0.443809 0.769292 0.013204 0.003858
10 0.923562 0.756809 0.014965 0.005220
9 0.456426 0.753064 0.011444 0.024058
10 0.809126 0.742056 0.007923 0.005674
9 0.829372 0.743759 0.010857 0.039038
10 0.253374 0.764980 0.007923 0.005674
9 0.642165 0.740921 0.007336 0.033818
9 0.229020 0.742964 0.012031 0.048343
10 0.139818 0.674648 0.016138 0.002497
10 0.661532 0.671244 0.011444 0.002497
10 0.163879 0.668293 0.007923 0.002497
10 0.118104 0.667839 0.014965 0.004312
10 0.602846 0.665343 0.007923 0.002497
10 0.831133 0.659215 0.007923 0.003404
9 0.958187 0.657059 0.009683 0.020427
9 0.942635 0.648207 0.011444 0.038130
9 0.110769 0.648661 0.010857 0.049478
10 0.496332 0.592261 0.007336 0.003858
8 0.588468 0.590104 0.009683 0.010440
10 0.597711 0.563663 0.008216 0.003404
10 0.662705 0.558443 0.007336 0.005674
9 0.641138 0.569451 0.011737 0.030413
10 0.742371 0.575125 0.008803 0.004085
9 0.906837 0.543917 0.010857 0.043350
10 0.289466 0.486723 0.008509 0.004766
10 0.158304 0.482637 0.012617 0.005220
10 0.867811 0.466750 0.016138 0.005220
10 0.786532 0.466750 0.012031 0.005220
10 0.809712 0.455402 0.010270 0.003404
10 0.785358 0.453359 0.007336 0.002951
9 0.831279 0.432251 0.013498 0.076033
10 0.954665 0.373014 0.007336 0.006128
10 0.951144 0.365524 0.007336 0.005674
10 0.875734 0.356900 0.007923 0.004312
10 0.875147 0.351453 0.007923 0.003404
9 0.314701 0.353268 0.012617 0.031094
10 0.969043 0.341012 0.007923 0.006582
9 0.365464 0.350885 0.010857 0.039946
10 0.517459 0.333296 0.008509 0.006128
9 0.470804 0.344871 0.011444 0.039265
10 0.631309 0.353041 0.014378 0.005220
10 0.250734 0.320018 0.013791 0.005901
7 0.181778 0.324671 0.009683 0.025193
8 0.157717 0.324671 0.009683 0.027009
10 0.613703 0.272015 0.009096 0.004766
10 0.131896 0.248411 0.007923 0.002497
10 0.221978 0.245915 0.009683 0.004766
9 0.629255 0.253518 0.012031 0.037676
10 0.782717 0.227758 0.014965 0.004766
10 0.715229 0.217317 0.010270 0.003404
8 0.957306 0.219360 0.007336 0.027463
10 0.187353 0.196664 0.010857 0.004312
10 0.164759 0.188266 0.007923 0.003858
10 0.176790 0.160123 0.011444 0.005674
9 0.639525 0.148774 0.009683 0.046074
10 0.921215 0.141625 0.007336 0.006809
10 0.849325 0.100658 0.007923 0.002951
10 0.922095 0.097821 0.009096 0.002724
10 0.849912 0.093622 0.007923 0.003404
10 0.217870 0.081366 0.010270 0.003404
9 0.886590 0.083182 0.007336 0.024285
10 0.849325 0.074784 0.010270 0.005674
10 0.220217 0.074103 0.010270 0.005220
9 0.756015 0.081934 0.007923 0.024058
9 0.163879 0.065025 0.010270 0.020654
9 0.868691 0.070359 0.013791 0.058557
9 0.633950 0.047549 0.009683 0.046981
9 0.231808 0.048684 0.012324 0.055152
9 0.324090 0.051294 0.013791 0.059918
9 0.369131 0.044031 0.013498 0.061734
13 0.145687 0.982864 0.010270 0.007490
13 0.175616 0.980141 0.009096 0.007490
13 0.205399 0.977531 0.011150 0.007717
13 0.230194 0.974240 0.010270 0.007490
18 0.403903 0.971289 0.011444 0.007944
11 0.413292 0.972424 0.011444 0.007944
13 0.425910 0.948479 0.010270 0.006809
13 0.260417 0.967771 0.009683 0.007717
13 0.283597 0.964253 0.011444 0.007944
13 0.310886 0.961076 0.010857 0.006582
13 0.342870 0.958012 0.011444 0.008171
18 0.516285 0.955969 0.006749 0.004539
13 0.373386 0.955288 0.011444 0.007263
13 0.396567 0.951997 0.011444 0.007944
13 0.456573 0.945529 0.011737 0.008171
13 0.849032 0.939628 0.009096 0.007263
13 0.654196 0.938720 0.010270 0.007717
13 0.943809 0.937926 0.009683 0.007944
13 0.753374 0.936110 0.010270 0.007944
13 0.484302 0.935315 0.009683 0.007717
13 0.868398 0.933046 0.010270 0.007717
13 0.828932 0.932932 0.011150 0.007490
13 0.673122 0.932478 0.010563 0.007944
13 0.513351 0.932365 0.011444 0.008171
13 0.627494 0.931457 0.010857 0.007717
13 0.964055 0.930890 0.010270 0.008398
12 0.888498 0.930322 0.009977 0.007717
13 0.925616 0.930322 0.009683 0.008625
13 0.774795 0.929414 0.009683 0.007717
12 0.692488 0.928847 0.010563 0.007036
13 0.726966 0.928507 0.009096 0.007263
13 0.539026 0.928507 0.009977 0.007717
12 0.792987 0.925670 0.009683 0.007490
12 0.585534 0.925329 0.010270 0.007717
12 0.910798 0.893327 0.010563 0.003631
11 0.923269 0.845892 0.009683 0.007717
17 0.922829 0.822855 0.009977 0.006128
11 0.951438 0.869383 0.010857 0.007036
11 0.897741 0.868588 0.010270 0.007717
11 0.498386 0.868361 0.010857 0.007263
11 0.444982 0.868475 0.010857 0.007490
11 0.238263 0.868475 0.009977 0.007490
11 0.191315 0.868475 0.009977 0.007490
11 0.137177 0.868588 0.009096 0.007717
11 0.396860 0.868248 0.010270 0.007490
11 0.342576 0.868248 0.010270 0.007490
11 0.291080 0.868248 0.009977 0.007490
13 0.846684 0.867907 0.009096 0.007263
11 0.786385 0.868021 0.008803 0.007490
13 0.570863 0.867907 0.010270 0.007263
13 0.738850 0.867794 0.010563 0.007490
13 0.687353 0.867794 0.008509 0.007490
13 0.621039 0.867680 0.009683 0.007263
13 0.163292 0.845778 0.010857 0.007490
11 0.470511 0.845438 0.010270 0.007717
17 0.470804 0.821947 0.011444 0.007944
13 0.106367 0.845438 0.008509 0.007717
17 0.106661 0.822969 0.010857 0.008171
13 0.597565 0.844984 0.010857 0.007263
17 0.370158 0.838743 0.010270 0.007490
17 0.370745 0.815706 0.010857 0.007717
11 0.317195 0.838743 0.009977 0.007490
11 0.316755 0.822061 0.010857 0.007717
11 0.821743 0.838516 0.010857 0.007490
17 0.821743 0.815365 0.010270 0.008398
11 0.762764 0.838516 0.011444 0.007490
11 0.762471 0.822061 0.011444 0.007263
17 0.214055 0.838629 0.011444 0.007717
17 0.664319 0.838289 0.011737 0.007490
11 0.872799 0.832501 0.009683 0.007263
11 0.420481 0.832047 0.008803 0.006809
13 0.263498 0.832615 0.010563 0.007944
17 0.710974 0.831593 0.009390 0.006809
12 0.872506 0.808783 0.010270 0.007944
12 0.420921 0.808897 0.010270 0.008625
14 0.357541 0.774285 0.006749 0.004312
13 0.359595 0.747503 0.010857 0.007490
18 0.367811 0.771108 0.013791 0.006128
11 0.401115 0.766341 0.009977 0.006582
12 0.412705 0.733659 0.011444 0.008852
13 0.333040 0.757603 0.009977 0.007717
13 0.465376 0.747390 0.011150 0.006809
13 0.308685 0.747617 0.011150 0.007717
13 0.518633 0.747163 0.010857 0.007263
13 0.939407 0.744326 0.009683 0.007490
13 0.281543 0.741148 0.010857 0.007490
13 0.807952 0.740127 0.009683 0.006809
13 0.915053 0.739787 0.010270 0.007036
13 0.725792 0.740127 0.009683 0.008171
13 0.386004 0.739560 0.009683 0.008852
13 0.965816 0.737177 0.010857 0.007717
13 0.595511 0.736269 0.010857 0.007717
13 0.699677 0.735815 0.011444 0.007717
13 0.837588 0.735815 0.011444 0.008171
13 0.149501 0.735134 0.010857 0.007717
13 0.253961 0.734226 0.010857 0.007263
13 0.760417 0.733545 0.010857 0.008171
13 0.863703 0.732864 0.010857 0.007717
13 0.622212 0.732978 0.010270 0.008398
13 0.175176 0.731843 0.010563 0.008398
13 0.491637 0.730822 0.009683 0.007263
13 0.782864 0.730368 0.009977 0.007263
13 0.648621 0.729460 0.011444 0.007717
13 0.888938 0.729119 0.009683 0.007490
13 0.201731 0.728325 0.009683 0.007717
13 0.563527 0.726736 0.009683 0.008171
13 0.675763 0.725942 0.010563 0.007036
12 0.438234 0.724807 0.008509 0.007036
18 0.124853 0.725034 0.010857 0.007490
18 0.230194 0.724694 0.010270 0.007717
13 0.848885 0.678847 0.010563 0.011348
13 0.847418 0.652065 0.010563 0.007717
11 0.878961 0.673173 0.007336 0.004539
13 0.887471 0.638675 0.009683 0.007263
11 0.781984 0.671357 0.012911 0.008171
13 0.789026 0.645030 0.010563 0.008171
18 0.582746 0.666931 0.009977 0.003858
13 0.829665 0.662165 0.010270 0.007036
13 0.472565 0.659328 0.010857 0.007717
13 0.964935 0.652633 0.009683 0.007490
13 0.927377 0.652746 0.009683 0.007717
13 0.810446 0.651725 0.009977 0.007944
13 0.443662 0.649569 0.010563 0.008171
13 0.493104 0.649115 0.010857 0.009079
13 0.622066 0.648888 0.011150 0.009079
13 0.570569 0.648094 0.010857 0.008852
13 0.868398 0.644803 0.010270 0.007717
13 0.415346 0.642873 0.010270 0.007944
13 0.512471 0.642079 0.009683 0.008625
13 0.133950 0.640036 0.009683 0.008171
13 0.676496 0.638675 0.009096 0.007717
13 0.770393 0.637994 0.010270 0.007717
13 0.154489 0.636972 0.008509 0.007490
13 0.316608 0.636405 0.009977 0.006809
13 0.213615 0.636518 0.009977 0.007490
13 0.704079 0.636178 0.009096 0.008171
13 0.395687 0.635724 0.009683 0.008171
12 0.531543 0.635724 0.009096 0.008625
13 0.944982 0.635270 0.009683 0.008171
12 0.175323 0.633568 0.010270 0.007944
12 0.337295 0.633341 0.010270 0.007944
18 0.232248 0.633114 0.010270 0.007944
18 0.731954 0.631866 0.010857 0.007717
18 0.595804 0.631639 0.010857 0.008171
12 0.194396 0.630050 0.009683 0.008171
12 0.113116 0.629936 0.010270 0.007944
18 0.252788 0.629596 0.010270 0.007717
12 0.656543 0.628802 0.010270 0.007036
12 0.357688 0.629369 0.009977 0.008171
18 0.908304 0.628461 0.010270 0.007717
18 0.751027 0.627667 0.010270 0.007490
18 0.378815 0.627099 0.011150 0.008171
12 0.289466 0.625624 0.009683 0.007944
12 0.550616 0.625057 0.009683 0.008171
11 0.487236 0.589650 0.010857 0.007263
12 0.492958 0.570132 0.011150 0.008171
13 0.215082 0.590104 0.009977 0.008171
11 0.616784 0.588970 0.006455 0.006355
13 0.625440 0.563663 0.011444 0.008398
13 0.509683 0.588856 0.009390 0.006128
13 0.511737 0.566727 0.010563 0.006809
18 0.526262 0.585225 0.009096 0.003858
13 0.234888 0.586700 0.009683 0.007717
13 0.157717 0.586813 0.010270 0.007944
13 0.138058 0.586700 0.009683 0.007717
13 0.178550 0.583296 0.010857 0.008171
13 0.254842 0.583296 0.010857 0.008625
13 0.389231 0.579778 0.010857 0.005674
13 0.293721 0.579437 0.009977 0.006355
13 0.274208 0.579437 0.010857 0.006355
13 0.195423 0.579210 0.010563 0.006355
13 0.762471 0.575238 0.012031 0.003404
13 0.761004 0.547208 0.009683 0.007717
13 0.410211 0.576827 0.010563 0.008398
13 0.322623 0.576714 0.010270 0.008171
13 0.431485 0.573990 0.010857 0.007717
13 0.351526 0.573309 0.009977 0.006809
13 0.472565 0.570586 0.012031 0.008171
13 0.370452 0.570245 0.010857 0.007944
13 0.577318 0.570132 0.011444 0.008171
13 0.596538 0.566614 0.011150 0.007036
13 0.538586 0.563436 0.011444 0.008398
13 0.661825 0.560372 0.009683 0.007263
13 0.558392 0.560372 0.009977 0.007263
13 0.641872 0.560372 0.009683 0.008171
13 0.681485 0.556854 0.010270 0.008398
13 0.703198 0.553336 0.011444 0.006809
13 0.741637 0.550159 0.010857 0.007717
13 0.721684 0.550272 0.010857 0.007944
13 0.782130 0.543236 0.010857 0.007944
13 0.822330 0.540626 0.010270 0.007263
13 0.929137 0.538470 0.011444 0.007490
13 0.841989 0.537335 0.009683 0.007036
13 0.948797 0.535293 0.010857 0.007944
13 0.868104 0.534271 0.010270 0.007263
13 0.967283 0.532002 0.010270 0.007717
13 0.886590 0.531321 0.009683 0.007717
12 0.908304 0.528484 0.009683 0.007490
18 0.119865 0.511235 0.010270 0.007490
13 0.240170 0.490354 0.005575 0.004312
14 0.241637 0.463459 0.009683 0.007263
14 0.526555 0.472310 0.016725 0.008625
11 0.641138 0.470835 0.008803 0.013391
11 0.649941 0.470835 0.008803 0.013391
14 0.658744 0.470835 0.008803 0.013391
18 0.660358 0.413527 0.010857 0.007717
11 0.667547 0.470835 0.008803 0.013391
14 0.154196 0.466863 0.010857 0.007717
14 0.192635 0.463572 0.011444 0.007490
14 0.192635 0.453473 0.009096 0.007263
13 0.329372 0.460508 0.011444 0.008171
13 0.284771 0.460395 0.011444 0.007944
14 0.378961 0.456990 0.009683 0.007490
14 0.466696 0.453926 0.011444 0.008171
14 0.418281 0.453700 0.009683 0.008171
14 0.509390 0.450749 0.010563 0.007263
14 0.553550 0.450182 0.010270 0.007036
13 0.119572 0.447004 0.010857 0.007944
14 0.599032 0.446891 0.010857 0.008171
14 0.687647 0.443032 0.009683 0.006809
14 0.635857 0.443373 0.009977 0.007490
14 0.778756 0.439287 0.009977 0.007944
14 0.729167 0.438947 0.009390 0.007717
14 0.172242 0.437585 0.009390 0.008171
14 0.822330 0.437131 0.010270 0.008171
14 0.862529 0.436791 0.009683 0.008398
14 0.267899 0.434408 0.011737 0.007717
14 0.217136 0.433500 0.011150 0.008171
14 0.910651 0.433046 0.010857 0.008171
14 0.946156 0.431457 0.011444 0.009079
13 0.354020 0.430322 0.010857 0.008625
12 0.305898 0.429868 0.010857 0.007717
11 0.398621 0.426691 0.009683 0.007717
14 0.442928 0.423740 0.010270 0.007717
14 0.494425 0.422946 0.009390 0.007944
18 0.580252 0.419542 0.010270 0.007490
12 0.529783 0.419768 0.010270 0.007944
12 0.618104 0.416251 0.010270 0.008625
12 0.710827 0.413414 0.009683 0.007490
12 0.753374 0.409328 0.010270 0.008398
12 0.803550 0.408988 0.009683 0.009079
18 0.841109 0.406605 0.010857 0.007944
18 0.889671 0.406151 0.010563 0.007944
12 0.929137 0.403995 0.009683 0.008625
18 0.969924 0.400477 0.011444 0.007944
13 0.151555 0.373808 0.010857 0.007717
13 0.151262 0.356900 0.010270 0.007490
14 0.928697 0.367227 0.012324 0.004993
14 0.925763 0.348729 0.009390 0.007036
11 0.327905 0.365865 0.013791 0.003631
12 0.341989 0.340899 0.009096 0.006809
12 0.341989 0.347708 0.009096 0.006809
13 0.178257 0.367113 0.010270 0.007036
13 0.178697 0.353268 0.008803 0.005674
13 0.394219 0.363822 0.009096 0.009079
13 0.392899 0.337267 0.009390 0.007717
13 0.392899 0.344984 0.009390 0.007717
14 0.641872 0.357921 0.006749 0.005447
14 0.655076 0.323536 0.009683 0.007490
18 0.639965 0.348842 0.007042 0.004539
12 0.853873 0.357467 0.011150 0.007717
17 0.779196 0.357467 0.011444 0.007717
13 0.229020 0.356559 0.010857 0.008625
13 0.228727 0.349977 0.010270 0.007263
14 0.874266 0.354290 0.010270 0.006809
13 0.201731 0.350318 0.010270 0.007036
13 0.201731 0.357354 0.010270 0.007036
13 0.256749 0.347140 0.010563 0.006582
13 0.256749 0.353722 0.010563 0.006582
14 0.950117 0.345665 0.011150 0.008171
13 0.289906 0.343849 0.009977 0.007263
13 0.289906 0.351112 0.009977 0.007263
13 0.315434 0.343395 0.009977 0.007263
13 0.315434 0.350658 0.009977 0.007263
14 0.968310 0.342261 0.009390 0.006809
13 0.128668 0.336813 0.010857 0.007263
13 0.128668 0.344076 0.010857 0.007263
13 0.366197 0.336700 0.008803 0.007490
13 0.366197 0.344190 0.008803 0.007490
12 0.903022 0.336813 0.010270 0.009986
14 0.897154 0.351566 0.011444 0.007717
13 0.416960 0.334203 0.010563 0.007036
13 0.416960 0.341239 0.010563 0.007036
11 0.515112 0.333636 0.010270 0.006355
14 0.583333 0.333522 0.010563 0.007036
13 0.471684 0.330912 0.010270 0.007263
13 0.471684 0.338175 0.010270 0.007263
14 0.605487 0.330232 0.009096 0.008171
14 0.627494 0.327508 0.010857 0.008171
14 0.677964 0.321039 0.009683 0.007944
14 0.700851 0.316500 0.010857 0.007944
13 0.733128 0.313436 0.010857 0.008171
13 0.724178 0.278370 0.010563 0.007944
13 0.723445 0.263504 0.009683 0.007263
13 0.114877 0.277463 0.010857 0.007490
13 0.115757 0.264185 0.010270 0.006355
13 0.138644 0.276668 0.010270 0.007263
13 0.137764 0.264185 0.009683 0.007263
13 0.746772 0.274172 0.010563 0.007717
13 0.745745 0.263618 0.008509 0.006582
13 0.162705 0.273718 0.010270 0.007263
13 0.162412 0.263618 0.008509 0.006128
13 0.419161 0.271335 0.010270 0.007490
13 0.418281 0.254539 0.010857 0.007490
13 0.282130 0.271788 0.009683 0.008398
13 0.281837 0.254085 0.010270 0.007490
13 0.789613 0.270994 0.010563 0.007263
13 0.790053 0.253631 0.007923 0.007036
13 0.767606 0.270540 0.009977 0.008625
13 0.766872 0.254085 0.009683 0.007944
13 0.808832 0.264185 0.010270 0.006355
18 0.807218 0.250681 0.007042 0.004312
13 0.203345 0.264185 0.009390 0.007263
13 0.203345 0.271448 0.009390 0.007263
13 0.183832 0.264072 0.009096 0.007036
13 0.183832 0.271108 0.009096 0.007036
13 0.303257 0.263731 0.010857 0.007717
13 0.302817 0.250681 0.009390 0.006128
13 0.230634 0.259873 0.009977 0.006809
13 0.230634 0.266682 0.009977 0.006809
12 0.259830 0.257490 0.009683 0.007036
12 0.259830 0.264526 0.009683 0.007036
11 0.268779 0.234226 0.006455 0.008625
13 0.484742 0.255561 0.008803 0.005447
13 0.484888 0.246596 0.009096 0.005674
13 0.854607 0.255334 0.009096 0.005901
13 0.854900 0.246936 0.008509 0.007263
13 0.834800 0.255220 0.007042 0.005674
13 0.834067 0.246709 0.009096 0.006809
13 0.463468 0.254539 0.009683 0.007036
13 0.463468 0.246823 0.009683 0.007944
13 0.439847 0.250454 0.007042 0.005220
13 0.441461 0.263958 0.010270 0.007717
13 0.934419 0.249660 0.009096 0.005901
13 0.935739 0.240241 0.008216 0.005220
13 0.912412 0.248525 0.009683 0.007263
13 0.912705 0.241035 0.009096 0.007263
13 0.348151 0.250794 0.008509 0.012710
13 0.323797 0.247049 0.010857 0.007036
13 0.323797 0.254085 0.010857 0.007036
13 0.557805 0.247049 0.009977 0.007490
13 0.557805 0.254539 0.009977 0.007490
13 0.882629 0.243759 0.009977 0.006355
13 0.882629 0.250113 0.009977 0.006355
13 0.506602 0.243759 0.011444 0.006355
13 0.506602 0.250113 0.011444 0.006355
13 0.375147 0.243191 0.011444 0.006128
13 0.375147 0.249319 0.011444 0.006128
12 0.577318 0.243645 0.010857 0.007490
12 0.577318 0.251135 0.010857 0.007490
13 0.630575 0.240808 0.009977 0.007263
13 0.630575 0.248071 0.009977 0.007263
13 0.605781 0.240808 0.010270 0.007263
13 0.605781 0.248071 0.010270 0.007263
13 0.395393 0.240468 0.010857 0.007490
13 0.395393 0.247957 0.010857 0.007490
13 0.534918 0.240127 0.009977 0.008171
13 0.534918 0.248298 0.009977 0.008171
13 0.954372 0.241829 0.010270 0.012029
13 0.653756 0.237971 0.010563 0.006582
13 0.653756 0.244553 0.010563 0.006582
13 0.700851 0.233999 0.010270 0.007263
13 0.700851 0.241262 0.010270 0.007263
12 0.246919 0.184635 0.010857 0.007944
12 0.227846 0.177826 0.010270 0.007944
13 0.200704 0.171471 0.011150 0.007944
13 0.273034 0.171244 0.011444 0.007944
11 0.350792 0.169655 0.009683 0.009305
14 0.356074 0.138334 0.009096 0.007490
11 0.892606 0.164775 0.011150 0.008171
11 0.612236 0.164321 0.010857 0.007717
11 0.750293 0.163981 0.010563 0.007944
13 0.292400 0.161938 0.009683 0.006582
13 0.175616 0.161371 0.009683 0.006809
13 0.150088 0.155129 0.011444 0.007036
13 0.316315 0.154108 0.009977 0.007263
13 0.121626 0.148547 0.009683 0.007490
14 0.336121 0.148094 0.010270 0.007944
11 0.954079 0.141852 0.010857 0.007263
12 0.921802 0.141739 0.010270 0.007490
11 0.812207 0.141058 0.009977 0.007036
11 0.780663 0.141739 0.010857 0.008398
11 0.720511 0.141398 0.011444 0.008171
12 0.672095 0.140831 0.009683 0.007036
11 0.860475 0.140831 0.010857 0.007490
12 0.640698 0.140717 0.009096 0.007717
11 0.578052 0.139923 0.009977 0.007490
12 0.381896 0.130844 0.010270 0.007944
12 0.400968 0.124376 0.009683 0.007717
12 0.437647 0.122220 0.010270 0.008398
18 0.500440 0.121198 0.010270 0.007263
12 0.469190 0.121198 0.009390 0.007263
18 0.534184 0.120971 0.010857 0.007717
12 0.493985 0.079437 0.005575 0.004539
13 0.498093 0.053336 0.010270 0.007717
13 0.936033 0.076941 0.009977 0.007263
13 0.892312 0.076714 0.009390 0.007263
13 0.847858 0.076146 0.010270 0.007036
13 0.805311 0.076146 0.009683 0.007036
13 0.754842 0.075919 0.009683 0.006582
13 0.703198 0.076033 0.009683 0.007263
12 0.571743 0.078870 0.011444 0.007944
13 0.570423 0.053336 0.010563 0.007717
17 0.579959 0.076146 0.011444 0.007944
12 0.592136 0.045733 0.009977 0.007490
13 0.615757 0.074557 0.011444 0.007036
13 0.613996 0.036201 0.010270 0.007490
13 0.109888 0.061280 0.010857 0.007263
13 0.957600 0.061167 0.009096 0.007490
12 0.957160 0.044485 0.009977 0.006809
13 0.916520 0.060599 0.010270 0.007717
12 0.915053 0.044031 0.009683 0.007263
13 0.869572 0.060372 0.007923 0.007263
13 0.869865 0.046868 0.009683 0.007490
13 0.826731 0.060486 0.009096 0.007490
12 0.826438 0.044031 0.010857 0.005447
13 0.781543 0.060372 0.009096 0.007263
12 0.781103 0.043010 0.010563 0.007036
13 0.214055 0.060599 0.010270 0.007717
13 0.171215 0.060599 0.010857 0.007717
13 0.347418 0.060259 0.009977 0.007490
13 0.302377 0.060486 0.009683 0.007944
13 0.258803 0.060599 0.011150 0.008171
13 0.547975 0.059691 0.010270 0.007717
13 0.525088 0.059691 0.010270 0.007717
13 0.732835 0.059691 0.010270 0.008171
13 0.732101 0.046187 0.009977 0.007490
13 0.471831 0.046981 0.009390 0.007717
13 0.151555 0.044371 0.008509 0.007036
13 0.151408 0.030413 0.011150 0.007263
13 0.324677 0.043690 0.008509 0.007036
13 0.279930 0.043917 0.008216 0.007490
13 0.279783 0.030073 0.010857 0.007036
13 0.192488 0.044031 0.008803 0.007717
14 0.233275 0.043804 0.008803 0.007717
13 0.369718 0.043350 0.008216 0.007263
13 0.445569 0.037222 0.009096 0.007263
13 0.635710 0.030640 0.009096 0.008171
13 0.420335 0.030186 0.009096 0.008171
18 0.191461 0.027803 0.010270 0.007490
18 0.232394 0.027349 0.009977 0.007490
18 0.324677 0.027236 0.010270 0.007717
12 0.368985 0.026328 0.009683 0.007717
18 0.658304 0.023377 0.010857 0.008171
12 0.397154 0.023491 0.009683 0.008398
1 0.042254 0.567295 0.024648 0.044712
4 0.136297 0.154902 0.010857 0.021108
3 0.107835 0.148547 0.007923 0.021108
3 0.203638 0.433840 0.007629 0.018838
4 0.368691 0.128802 0.010857 0.021108
5 0.383656 0.019405 0.009683 0.017476
3 0.163292 0.161711 0.008509 0.021108
3 0.911532 0.348275 0.008509 0.020200
3 0.188087 0.171017 0.008216 0.021562
4 0.339495 0.430209 0.011737 0.020200
4 0.766725 0.440422 0.011737 0.021108
4 0.538292 0.450409 0.010270 0.021108
3 0.106954 0.444961 0.007923 0.020200
3 0.689114 0.076146 0.008509 0.020200
4 0.252641 0.431003 0.011737 0.021335
4 0.215962 0.177826 0.011150 0.021562
3 0.918574 0.407399 0.007336 0.015887
5 0.461708 0.042556 0.012617 0.017930
4 0.790053 0.410463 0.012031 0.021108
3 0.720511 0.315819 0.007923 0.021108
3 0.138058 0.030980 0.007923 0.022015
4 0.876027 0.405924 0.011444 0.022015
3 0.457600 0.337381 0.007923 0.022015
1 0.042987 0.249546 0.024354 0.051067
4 0.524941 0.563209 0.011150 0.021562
3 0.303844 0.636745 0.007923 0.021108
3 0.640698 0.939287 0.007923 0.021562
4 0.103727 0.510327 0.010857 0.021108
4 0.307952 0.576827 0.011444 0.021108
3 0.740464 0.409555 0.007923 0.021562
3 0.428257 0.427031 0.007923 0.016114
3 0.109888 0.724580 0.007923 0.021108
4 0.337001 0.573196 0.010857 0.020200
5 0.766432 0.039605 0.009390 0.017476
4 0.822330 0.736382 0.011444 0.021108
3 0.606367 0.415683 0.009683 0.021108
5 0.740170 0.932025 0.008509 0.017930
3 0.551790 0.727077 0.007923 0.021562
5 0.276849 0.623808 0.009096 0.017930
5 0.570863 0.921584 0.009096 0.017476
5 0.430018 0.645824 0.009096 0.017930
3 0.113410 0.336700 0.007336 0.021562
3 0.499266 0.931571 0.007923 0.022015
4 0.611942 0.932025 0.011444 0.021562
5 0.193809 0.974694 0.014965 0.025647
3 0.359448 0.954948 0.008216 0.020200
4 0.673562 0.443373 0.010857 0.021108
4 0.314114 0.459941 0.011444 0.021562
3 0.625734 0.443827 0.009096 0.021108
4 0.814114 0.932932 0.010857 0.021108
4 0.849765 0.436791 0.012324 0.021108
3 0.247212 0.257603 0.007923 0.020427
3 0.649501 0.838289 0.007923 0.021108
4 0.227259 0.463345 0.011444 0.020654
4 0.582306 0.632433 0.010857 0.021108
4 0.364583 0.457217 0.011444 0.020654
4 0.450558 0.454040 0.010857 0.021108
3 0.954959 0.400704 0.008509 0.022015
3 0.699384 0.412960 0.009096 0.021108
3 0.830252 0.405924 0.007923 0.021108
3 0.855194 0.534158 0.007923 0.021562
3 0.407424 0.453926 0.007923 0.021335
3 0.805311 0.814911 0.007923 0.020200
4 0.566168 0.419542 0.011444 0.021108
3 0.460241 0.659442 0.008509 0.021562
1 0.040640 0.672152 0.024941 0.050159
3 0.935153 0.431003 0.008216 0.020427
1 0.042107 0.459714 0.024941 0.051067
3 0.608421 0.649455 0.007923 0.021108
1 0.043867 0.350999 0.024354 0.050613
4 0.719337 0.631071 0.011444 0.020654
1 0.040640 0.958125 0.024354 0.050159
1 0.040053 0.761348 0.024354 0.043350
3 0.442342 0.945642 0.007923 0.021108
3 0.581133 0.735815 0.007923 0.021788
3 0.246772 0.967544 0.008216 0.021335
1 0.041227 0.849410 0.024941 0.044258
4 0.744865 0.732978 0.011444 0.021108
5 0.133950 0.979460 0.009096 0.017930
5 0.299883 0.957217 0.008803 0.016568
4 0.480781 0.423627 0.010857 0.020200
4 0.691168 0.635837 0.011444 0.021108
5 0.471097 0.932251 0.009096 0.017930
3 0.612383 0.563890 0.007629 0.021562
5 0.329079 0.954494 0.010270 0.017476
5 0.433979 0.032910 0.008803 0.017249
3 0.409038 0.029619 0.007042 0.021108
3 0.399648 0.576260 0.006455 0.019519
3 0.419454 0.572742 0.009683 0.017930
5 0.511150 0.056060 0.008803 0.017249
3 0.486502 0.052882 0.007629 0.020881
4 0.072330 0.954267 0.010857 0.020200
4 0.061033 0.944167 0.009977 0.019973
4 0.074824 0.456990 0.011150 0.020654
4 0.064847 0.446664 0.011150 0.020881
4 0.075411 0.064344 0.010563 0.019746
4 0.065434 0.054471 0.010563 0.020881
4 0.072770 0.761916 0.010563 0.020427
4 0.062793 0.751248 0.010563 0.020881
5 0.715376 0.056287 0.008803 0.017249
5 0.718750 0.042442 0.009683 0.016795
4 0.074237 0.245120 0.011150 0.019973
4 0.064554 0.235134 0.010563 0.020881
4 0.073797 0.567522 0.010857 0.020200
4 0.064407 0.556968 0.010857 0.020881
4 0.070716 0.848729 0.010563 0.019746
4 0.061326 0.838629 0.010563 0.020427
4 0.073650 0.669882 0.010563 0.019746
4 0.064847 0.659782 0.010563 0.020427
4 0.075264 0.168974 0.010857 0.020200
4 0.066608 0.158420 0.010563 0.020881
4 0.075998 0.347708 0.010563 0.019973
4 0.065728 0.337267 0.009977 0.020881
3 0.238410 0.347821 0.009096 0.021108
4 0.248093 0.347821 0.009096 0.021108
4 0.037999 0.068883 0.009096 0.021108
4 0.045335 0.065706 0.009096 0.021108
4 0.052817 0.052996 0.008803 0.021108
3 0.363996 0.243985 0.009096 0.019973
4 0.036532 0.186450 0.009096 0.021108
3 0.043574 0.183500 0.009096 0.021108
5 0.050469 0.182592 0.008803 0.021108
4 0.042694 0.160123 0.009096 0.021108
4 0.049883 0.156945 0.008803 0.021108
3 0.686766 0.234453 0.009096 0.020881
3 0.868104 0.243532 0.009096 0.019519
5 0.145980 0.634816 0.009096 0.015887