7 0.646714 0.975834 0.009390 0.012934
6 0.664026 0.974246 0.007629 0.016565
7 0.906690 0.923417 0.011737 0.017018
7 0.843163 0.923644 0.012617 0.016565
7 0.647154 0.923304 0.012617 0.016791
7 0.769953 0.923190 0.011737 0.017018
10 0.347858 0.918652 0.010270 0.006580
10 0.723885 0.918312 0.012324 0.006354
6 0.666813 0.922056 0.012031 0.024733
6 0.929871 0.921375 0.012324 0.025641
9 0.590376 0.823349 0.014671 0.032902
7 0.761444 0.820740 0.014085 0.026322
7 0.750293 0.824030 0.008216 0.032902
10 0.227993 0.830043 0.008803 0.004992
9 0.172242 0.806558 0.007042 0.024280
9 0.152582 0.801793 0.007629 0.032902
10 0.159331 0.760608 0.008803 0.002269
10 0.309272 0.735421 0.008216 0.005900
9 0.466549 0.726344 0.009390 0.030860
9 0.117664 0.732811 0.009977 0.043794
10 0.861502 0.672113 0.008803 0.002723
10 0.201291 0.665532 0.009977 0.004992
10 0.142019 0.658725 0.013498 0.005446
9 0.691021 0.667461 0.010563 0.023826
10 0.841843 0.645791 0.009390 0.002723
8 0.701585 0.657931 0.012911 0.030179
7 0.758803 0.649762 0.008803 0.033810
10 0.583627 0.595416 0.008216 0.004538
10 0.403169 0.584525 0.009977 0.003177
10 0.468310 0.587474 0.014085 0.005900
9 0.912559 0.562855 0.014671 0.022010
9 0.230781 0.560585 0.010270 0.022918
9 0.822477 0.560926 0.016432 0.039483
9 0.332013 0.556955 0.008509 0.030179
9 0.163586 0.553324 0.008509 0.036987
9 0.863996 0.553324 0.009096 0.037440
8 0.464495 0.519741 0.007629 0.007942
9 0.645246 0.512934 0.009977 0.009757
10 0.206279 0.496710 0.009977 0.002269
10 0.765845 0.497391 0.010563 0.005900
10 0.517606 0.495575 0.008216 0.002723
7 0.390258 0.490470 0.008216 0.018380
9 0.286092 0.475040 0.009977 0.030633
9 0.865904 0.474813 0.009977 0.030179
9 0.887617 0.473905 0.011150 0.032902
10 0.805164 0.433061 0.012324 0.005219
10 0.389671 0.414341 0.018192 0.004992
10 0.823944 0.407987 0.007629 0.002723
10 0.874120 0.402768 0.009390 0.005900
10 0.917547 0.424098 0.013498 0.004538
10 0.923122 0.421602 0.010563 0.002269
10 0.270833 0.344906 0.010563 0.004538
10 0.199237 0.345133 0.010563 0.004992
10 0.900235 0.342637 0.007629 0.005446
10 0.784331 0.332426 0.014085 0.005446
9 0.432512 0.336170 0.009977 0.022918
9 0.147594 0.342410 0.008216 0.039029
6 0.119425 0.333220 0.011737 0.024280
10 0.191461 0.322328 0.009096 0.006127
9 0.636884 0.320513 0.010270 0.028364
9 0.550323 0.323690 0.009683 0.038348
9 0.693369 0.311663 0.011737 0.033810
10 0.245305 0.233038 0.014085 0.005900
6 0.813967 0.237236 0.011737 0.024280
6 0.893192 0.236555 0.011737 0.024733
6 0.623533 0.236329 0.012324 0.024280
6 0.521714 0.236555 0.011737 0.023826
6 0.718310 0.236555 0.011737 0.024280
6 0.426056 0.236329 0.011737 0.023826
10 0.623239 0.180168 0.013498 0.002723
10 0.603873 0.174722 0.007629 0.002723
7 0.902289 0.148060 0.011737 0.017472
7 0.307805 0.147833 0.011737 0.016111
7 0.420775 0.148060 0.012324 0.016111
6 0.924002 0.146018 0.011737 0.026095
6 0.328638 0.146925 0.012324 0.024280
6 0.385857 0.146698 0.012911 0.024280
9 0.450117 0.146698 0.011150 0.060585
9 0.513791 0.140118 0.007042 0.039710
9 0.167547 0.142841 0.015258 0.067393
9 0.250000 0.139891 0.011150 0.061947
10 0.562207 0.114817 0.007629 0.004538
10 0.252347 0.068981 0.007042 0.004538
10 0.448063 0.068527 0.011150 0.004084
7 0.720657 0.049353 0.011737 0.016565
7 0.604167 0.049126 0.012324 0.016565
7 0.158451 0.048219 0.011737 0.017018
6 0.682512 0.047765 0.011737 0.024280
6 0.628815 0.046857 0.012324 0.024733
6 0.124120 0.046630 0.012324 0.025641
9 0.363116 0.049807 0.009683 0.059224
9 0.182218 0.048899 0.009977 0.057409
9 0.747653 0.048219 0.009390 0.060585
9 0.767019 0.038462 0.011737 0.044702
9 0.806631 0.038235 0.008803 0.045609
9 0.457600 0.042092 0.014378 0.059224
9 0.255575 0.039369 0.006455 0.056955
8 0.274354 0.021784 0.008803 0.026322
12 0.476379 0.962560 0.008509 0.005446
13 0.496039 0.960290 0.009096 0.006354
13 0.514965 0.957908 0.008216 0.005673
12 0.537559 0.955866 0.008216 0.006127
13 0.457600 0.955412 0.008509 0.005673
12 0.555898 0.953370 0.007923 0.005673
12 0.576731 0.951327 0.008509 0.006127
17 0.883656 0.950647 0.010857 0.007488
12 0.883069 0.932721 0.009683 0.006127
12 0.883803 0.916837 0.010563 0.007034
12 0.596978 0.946789 0.007923 0.006127
12 0.623826 0.941116 0.008216 0.005673
13 0.309126 0.926708 0.009683 0.006807
18 0.309859 0.911958 0.007629 0.004538
13 0.138791 0.926481 0.009390 0.006807
13 0.329959 0.923417 0.011444 0.007488
12 0.160065 0.923077 0.010857 0.007261
13 0.177964 0.920127 0.009096 0.006807
13 0.347271 0.920241 0.009683 0.007488
13 0.368251 0.917064 0.009390 0.007034
13 0.199824 0.916950 0.010563 0.007261
13 0.118985 0.916723 0.009683 0.007261
13 0.387031 0.910597 0.010563 0.007715
13 0.218310 0.910370 0.009977 0.007715
13 0.479167 0.903903 0.011150 0.007942
13 0.405663 0.903676 0.009683 0.007488
13 0.238850 0.902882 0.009977 0.008169
13 0.497359 0.900386 0.009977 0.007261
13 0.516432 0.897549 0.009977 0.007488
13 0.258363 0.897096 0.010857 0.007488
13 0.427670 0.896415 0.010270 0.007488
13 0.538292 0.893692 0.009683 0.006127
13 0.287705 0.893919 0.009683 0.007488
13 0.458773 0.893692 0.010270 0.008396
12 0.796948 0.890515 0.010563 0.007488
13 0.556631 0.887452 0.009977 0.008169
18 0.820423 0.881098 0.009977 0.007261
12 0.576438 0.880191 0.009683 0.008169
12 0.597711 0.873724 0.009977 0.007942
18 0.626614 0.869980 0.010270 0.007715
13 0.840376 0.849784 0.011150 0.007261
11 0.850792 0.824030 0.009096 0.005219
13 0.860475 0.846494 0.009683 0.007942
13 0.878081 0.842864 0.010857 0.007034
13 0.785945 0.841956 0.010857 0.007488
13 0.899061 0.839460 0.010563 0.007488
13 0.819102 0.839346 0.010270 0.007261
13 0.766285 0.839120 0.010270 0.007261
13 0.746626 0.835602 0.010857 0.007488
13 0.915493 0.832880 0.010563 0.007034
13 0.728727 0.831745 0.010270 0.005219
13 0.709654 0.829249 0.010857 0.007488
13 0.932072 0.826299 0.009683 0.006580
13 0.681191 0.825618 0.010270 0.006580
13 0.663146 0.822668 0.011737 0.007942
13 0.948210 0.820172 0.010270 0.007034
13 0.643779 0.819378 0.010563 0.007261
13 0.610035 0.816088 0.011150 0.007942
13 0.590376 0.813138 0.009977 0.007488
13 0.257776 0.813365 0.010857 0.007942
13 0.238410 0.810302 0.010857 0.007261
13 0.572036 0.809735 0.011444 0.007942
13 0.219924 0.806671 0.011444 0.008169
13 0.552964 0.806217 0.010857 0.008169
13 0.388644 0.803381 0.009683 0.007488
13 0.307658 0.803268 0.010857 0.007715
13 0.199677 0.803381 0.010857 0.007942
13 0.518926 0.802927 0.010857 0.007942
13 0.409478 0.800998 0.010270 0.008169
13 0.326438 0.800431 0.009683 0.007488
13 0.501907 0.800658 0.010857 0.008396
13 0.179137 0.800318 0.010857 0.007715
13 0.159184 0.797481 0.010857 0.007488
13 0.429431 0.797027 0.010270 0.007488
13 0.347271 0.796801 0.010270 0.007488
13 0.483275 0.796687 0.011150 0.007715
13 0.120158 0.793737 0.009683 0.007261
13 0.290933 0.793964 0.010857 0.008169
13 0.465082 0.793283 0.009977 0.007261
13 0.369131 0.793737 0.010563 0.008169
13 0.139818 0.793624 0.010270 0.007942
17 0.922975 0.755276 0.006162 0.004311
13 0.931485 0.740526 0.010270 0.007488
13 0.930898 0.718403 0.011444 0.008623
13 0.724619 0.740073 0.010857 0.007034
13 0.724325 0.717155 0.011444 0.008396
13 0.138351 0.740186 0.010857 0.007261
13 0.861942 0.740073 0.010857 0.007488
13 0.861356 0.717155 0.010857 0.007942
13 0.546508 0.739959 0.009096 0.007261
13 0.545921 0.716474 0.010270 0.008396
13 0.291227 0.740073 0.011444 0.007488
13 0.791227 0.739846 0.010857 0.007488
13 0.790640 0.717041 0.011444 0.008169
13 0.654489 0.740073 0.011444 0.007942
13 0.653903 0.716928 0.011444 0.008396
13 0.607688 0.739619 0.009390 0.007488
13 0.607394 0.716247 0.009977 0.007034
13 0.587001 0.739732 0.010270 0.007715
13 0.586414 0.717155 0.010270 0.007942
13 0.566461 0.739619 0.009096 0.007488
13 0.566168 0.716928 0.010270 0.008396
13 0.309272 0.737123 0.008803 0.007034
13 0.155957 0.733379 0.010857 0.007261
13 0.329665 0.733379 0.010857 0.007715
13 0.348885 0.730202 0.010563 0.007261
13 0.174736 0.729748 0.009683 0.007261
13 0.196743 0.726912 0.010270 0.007488
13 0.371332 0.726685 0.010857 0.007488
13 0.215816 0.726458 0.010857 0.007488
13 0.389231 0.726231 0.010270 0.007488
13 0.410651 0.724075 0.010857 0.007715
13 0.235622 0.723622 0.008803 0.007261
13 0.429724 0.719991 0.011444 0.007715
13 0.254842 0.719877 0.010270 0.007942
13 0.525088 0.717041 0.010857 0.007715
13 0.486356 0.716814 0.009683 0.007715
13 0.468310 0.717041 0.009977 0.008169
13 0.120158 0.716587 0.009683 0.007261
13 0.506309 0.717268 0.009683 0.009076
13 0.363556 0.689698 0.010563 0.007942
13 0.362969 0.674609 0.008803 0.006807
13 0.426496 0.688337 0.010857 0.007942
13 0.425910 0.674609 0.008509 0.006807
13 0.540053 0.682097 0.010270 0.007715
13 0.540053 0.664965 0.009683 0.007034
13 0.469924 0.681302 0.009683 0.008396
13 0.469924 0.664851 0.010270 0.007261
13 0.683539 0.674609 0.010270 0.006807
18 0.625293 0.667234 0.005869 0.003857
13 0.700264 0.667801 0.009683 0.005900
13 0.717870 0.664738 0.010857 0.007034
13 0.738410 0.661675 0.009683 0.007261
13 0.572917 0.661448 0.010857 0.007261
13 0.755722 0.660994 0.010270 0.006807
13 0.776262 0.658384 0.010270 0.007034
13 0.410065 0.658498 0.011444 0.007261
13 0.409331 0.648514 0.009390 0.007261
13 0.391579 0.658498 0.010857 0.007261
13 0.391579 0.648514 0.009683 0.007261
13 0.791960 0.655094 0.009977 0.006807
13 0.824384 0.652031 0.011444 0.007488
13 0.515405 0.652031 0.010857 0.007488
18 0.525675 0.647606 0.009096 0.005900
13 0.841403 0.648627 0.009096 0.007034
13 0.291813 0.648854 0.010857 0.007488
13 0.488996 0.652031 0.010857 0.007488
18 0.498680 0.648627 0.010857 0.007488
13 0.309566 0.648514 0.010563 0.007715
13 0.212001 0.645564 0.010857 0.007261
13 0.195569 0.645450 0.010857 0.007488
13 0.860475 0.645337 0.010857 0.007715
13 0.325558 0.645110 0.010270 0.007261
13 0.231221 0.642274 0.009390 0.007034
13 0.879988 0.642160 0.011150 0.007715
13 0.342870 0.641479 0.010857 0.007261
13 0.261004 0.638870 0.010270 0.007488
13 0.900088 0.638643 0.011444 0.007942
13 0.916667 0.638076 0.010563 0.007715
13 0.589642 0.637622 0.010270 0.007715
13 0.139231 0.635920 0.009683 0.007488
13 0.933979 0.635807 0.009977 0.007715
13 0.615464 0.635693 0.009096 0.007488
13 0.121332 0.635580 0.010270 0.007715
13 0.157717 0.632290 0.010270 0.007488
13 0.952318 0.632063 0.010270 0.007488
13 0.635710 0.631836 0.010857 0.007034
13 0.174442 0.628659 0.009683 0.007488
13 0.665346 0.627865 0.009683 0.006807
13 0.521127 0.607783 0.010563 0.007942
13 0.520980 0.593147 0.010270 0.006807
13 0.585241 0.607216 0.009683 0.007715
13 0.585241 0.593601 0.009683 0.008623
13 0.626614 0.601089 0.009096 0.008169
13 0.627201 0.583277 0.010270 0.007034
13 0.691168 0.600635 0.010270 0.007715
13 0.690581 0.583504 0.010270 0.007034
11 0.764671 0.589290 0.012324 0.011346
13 0.762764 0.554232 0.009683 0.007488
13 0.719630 0.580327 0.009683 0.007034
13 0.546362 0.577377 0.010563 0.007034
13 0.546948 0.567166 0.009390 0.006580
13 0.567048 0.577037 0.010857 0.007261
13 0.567048 0.567166 0.009683 0.007488
13 0.464055 0.567733 0.010270 0.007261
13 0.447770 0.567847 0.010563 0.007488
13 0.669161 0.570570 0.010857 0.007488
18 0.678550 0.567393 0.010857 0.007488
13 0.644513 0.570343 0.010857 0.007488
18 0.653316 0.567166 0.010857 0.007488
13 0.354167 0.564556 0.011150 0.007261
13 0.371332 0.564443 0.011444 0.007942
13 0.482541 0.563989 0.010857 0.007942
13 0.387911 0.561266 0.010563 0.007942
13 0.500147 0.560585 0.010857 0.007488
13 0.895540 0.558089 0.010563 0.007488
13 0.912999 0.557636 0.010857 0.007488
13 0.214202 0.557636 0.010563 0.007488
13 0.737236 0.557295 0.010270 0.007261
13 0.416227 0.557295 0.010270 0.007261
13 0.196890 0.557182 0.011150 0.007942
13 0.232541 0.554686 0.009096 0.007034
13 0.297388 0.554686 0.009683 0.007942
13 0.931191 0.554005 0.009683 0.007488
13 0.280663 0.554572 0.009096 0.008623
13 0.949971 0.550942 0.010857 0.007715
13 0.316461 0.550715 0.010270 0.007261
13 0.779196 0.550261 0.010857 0.007715
13 0.251614 0.549921 0.010857 0.007488
13 0.828785 0.548673 0.010270 0.007715
13 0.135563 0.548559 0.008803 0.007942
13 0.119425 0.547992 0.009977 0.007715
13 0.334654 0.547765 0.010270 0.007715
13 0.811766 0.547425 0.010270 0.008396
13 0.849032 0.545269 0.010857 0.007261
13 0.152142 0.544702 0.010270 0.007488
13 0.166373 0.540617 0.009390 0.007488
13 0.866197 0.540504 0.009390 0.007715
13 0.326731 0.515317 0.010857 0.007261
13 0.345511 0.511686 0.009683 0.007261
13 0.307952 0.511686 0.010857 0.007261
13 0.368398 0.508736 0.010857 0.007261
18 0.763204 0.503744 0.008216 0.003631
13 0.385417 0.505446 0.010857 0.007034
18 0.587735 0.504198 0.008803 0.004992
13 0.498680 0.501929 0.009683 0.007261
13 0.403609 0.502042 0.010857 0.007488
13 0.418867 0.499092 0.009683 0.007034
13 0.516432 0.498752 0.008803 0.006807
13 0.460974 0.495575 0.010563 0.007261
13 0.538586 0.495235 0.010857 0.007942
13 0.671802 0.492058 0.010857 0.007488
13 0.582600 0.488654 0.010857 0.007488
13 0.698797 0.488428 0.010857 0.007488
13 0.719630 0.485364 0.009096 0.006807
13 0.480047 0.485591 0.009977 0.007261
12 0.599032 0.485251 0.009683 0.007034
12 0.554431 0.485478 0.010857 0.007488
13 0.633363 0.481847 0.011444 0.007488
13 0.737823 0.481847 0.011444 0.007942
13 0.784478 0.478784 0.010857 0.007261
13 0.755722 0.478443 0.009683 0.007488
13 0.653316 0.478216 0.010270 0.007488
13 0.120599 0.476061 0.009977 0.007261
13 0.813820 0.475494 0.010857 0.007488
13 0.831279 0.472771 0.009977 0.007488
13 0.137617 0.472317 0.009390 0.007942
13 0.156250 0.469367 0.010270 0.007488
13 0.850205 0.469140 0.010857 0.007488
13 0.173562 0.466190 0.009683 0.007488
13 0.868104 0.465850 0.009096 0.008169
13 0.287999 0.465623 0.009683 0.007715
13 0.889525 0.463240 0.010857 0.007488
13 0.192782 0.462560 0.010563 0.007488
13 0.209947 0.460064 0.009683 0.007488
13 0.906543 0.459723 0.009683 0.007715
18 0.936766 0.456546 0.010270 0.007715
18 0.237823 0.456433 0.010270 0.007488
12 0.254842 0.453370 0.009096 0.007715
18 0.954665 0.453143 0.010857 0.008169
13 0.426203 0.433969 0.010857 0.007488
13 0.446156 0.430565 0.010857 0.007034
13 0.404196 0.430565 0.010270 0.007034
13 0.469777 0.427161 0.011150 0.007488
13 0.489583 0.423871 0.010857 0.007261
13 0.511297 0.420921 0.010857 0.007261
12 0.517312 0.401180 0.008803 0.005900
13 0.627201 0.420467 0.011444 0.007261
13 0.531543 0.417631 0.010270 0.007034
13 0.646860 0.417064 0.008509 0.006807
12 0.148621 0.414454 0.010857 0.007488
13 0.673269 0.414114 0.010857 0.007715
13 0.583480 0.413774 0.010857 0.007488
13 0.822917 0.411164 0.009683 0.006807
13 0.172388 0.411391 0.009096 0.007261
11 0.276849 0.408441 0.006749 0.004084
12 0.284771 0.394600 0.010857 0.007261
13 0.854167 0.407760 0.011150 0.007261
13 0.728433 0.407647 0.010857 0.007488
13 0.873680 0.404584 0.009096 0.005446
13 0.120745 0.404811 0.009096 0.007261
13 0.199384 0.404697 0.009096 0.007488
13 0.745599 0.404243 0.009977 0.007034
13 0.604020 0.404130 0.010857 0.007261
13 0.695863 0.404016 0.011444 0.007488
13 0.894219 0.401180 0.011444 0.007715
13 0.783011 0.400953 0.010857 0.007715
13 0.946303 0.398344 0.011150 0.007488
13 0.914466 0.397890 0.010857 0.007488
13 0.801496 0.397776 0.011444 0.007715
12 0.247066 0.394146 0.010563 0.007261
13 0.309712 0.391423 0.010270 0.007261
13 0.336414 0.388246 0.010857 0.007261
13 0.382482 0.383935 0.010270 0.007261
13 0.157277 0.352961 0.010563 0.007034
13 0.173709 0.349671 0.009977 0.006807
11 0.182072 0.327320 0.004988 0.004765
13 0.140405 0.349784 0.009683 0.007034
13 0.253961 0.346267 0.011444 0.007715
13 0.200411 0.342864 0.010563 0.005900
13 0.237676 0.342864 0.009977 0.006354
13 0.271860 0.342637 0.009683 0.006807
13 0.367518 0.340027 0.010857 0.007488
13 0.341843 0.339687 0.011150 0.007261
13 0.316755 0.339800 0.011444 0.007488
13 0.298856 0.339687 0.010857 0.007261
18 0.167107 0.331291 0.006749 0.004538
13 0.433539 0.330497 0.009096 0.007034
13 0.947036 0.327434 0.010270 0.007261
13 0.418134 0.327320 0.011150 0.007488
13 0.385563 0.327320 0.011737 0.007488
13 0.452465 0.326980 0.010563 0.007715
13 0.512911 0.324030 0.010563 0.007715
13 0.496185 0.320513 0.011150 0.007488
13 0.897300 0.320399 0.011150 0.007715
13 0.530810 0.320399 0.011150 0.007715
13 0.479460 0.320286 0.011150 0.007942
13 0.919748 0.317450 0.010857 0.007261
13 0.644806 0.317109 0.009683 0.007488
13 0.618545 0.317109 0.010563 0.007488
13 0.593750 0.317223 0.010857 0.007715
13 0.558392 0.317223 0.010563 0.007715
13 0.845217 0.314386 0.010270 0.007488
12 0.880135 0.310075 0.010857 0.007942
13 0.680018 0.304402 0.009683 0.007942
12 0.822036 0.304289 0.009683 0.008169
13 0.660651 0.303721 0.009683 0.007488
13 0.696156 0.300545 0.010270 0.007488
13 0.721097 0.297935 0.009683 0.007715
13 0.805311 0.297141 0.010270 0.007942
18 0.746772 0.294078 0.010563 0.007261
18 0.779489 0.290447 0.010270 0.007261
12 0.926790 0.269458 0.009096 0.007488
12 0.926790 0.254822 0.010270 0.007261
12 0.926350 0.238484 0.010563 0.007261
12 0.926790 0.222033 0.011444 0.007034
12 0.561326 0.268890 0.009390 0.008169
12 0.561473 0.250851 0.010857 0.007488
12 0.560299 0.234286 0.009683 0.006127
12 0.561180 0.218176 0.010270 0.007488
12 0.676496 0.268323 0.009683 0.007488
12 0.656103 0.268437 0.009390 0.007715
12 0.655663 0.253914 0.009096 0.006354
12 0.655516 0.237917 0.009977 0.006580
12 0.656250 0.227933 0.010270 0.007034
12 0.121919 0.268210 0.007336 0.007261
13 0.122212 0.250737 0.007923 0.006807
13 0.122359 0.234400 0.008216 0.005900
13 0.122506 0.217608 0.010857 0.007715
12 0.585387 0.268210 0.009390 0.007715
12 0.487529 0.268323 0.009683 0.008396
12 0.465229 0.268096 0.009683 0.007942
12 0.465376 0.250624 0.010563 0.007488
12 0.464202 0.234059 0.008803 0.005673
12 0.464935 0.217835 0.010270 0.007261
12 0.295041 0.267415 0.008509 0.007942
11 0.295188 0.250624 0.008803 0.006580
12 0.295041 0.234286 0.008509 0.007034
12 0.295335 0.217268 0.010270 0.007488
12 0.747066 0.258226 0.011150 0.007261
12 0.746479 0.244270 0.009977 0.007488
11 0.757042 0.240526 0.008216 0.005446
12 0.746626 0.228046 0.010270 0.006807
12 0.946009 0.255162 0.009977 0.007034
12 0.861942 0.254595 0.010857 0.006807
12 0.841696 0.254708 0.010270 0.007034
12 0.841256 0.240980 0.009390 0.005900
12 0.841696 0.225210 0.010270 0.007034
12 0.777435 0.241321 0.010857 0.007034
12 0.395100 0.228273 0.009096 0.007261
12 0.211121 0.228046 0.009683 0.007261
12 0.376320 0.218176 0.011444 0.007942
12 0.190288 0.218062 0.010270 0.007715
12 0.348151 0.217722 0.010270 0.007488
11 0.139525 0.217268 0.009683 0.007034
17 0.321890 0.217381 0.010563 0.007715
17 0.162119 0.217041 0.010270 0.007488
13 0.447477 0.172113 0.009390 0.007488
13 0.528903 0.172113 0.009683 0.007942
13 0.549149 0.161221 0.010270 0.007034
13 0.616931 0.160994 0.010857 0.007488
13 0.466843 0.154754 0.010563 0.007261
13 0.466403 0.138189 0.009096 0.006807
13 0.140258 0.154867 0.010563 0.007488
13 0.510270 0.154754 0.011150 0.007715
13 0.509096 0.138189 0.008803 0.006354
13 0.716696 0.154640 0.010857 0.007942
13 0.639818 0.154413 0.010857 0.007942
13 0.158744 0.148514 0.011150 0.007488
13 0.821450 0.148514 0.011444 0.007942
13 0.597271 0.148173 0.009096 0.007261
12 0.596978 0.131722 0.010857 0.007034
13 0.569982 0.148287 0.010857 0.007488
13 0.569836 0.131495 0.010563 0.007488
13 0.233568 0.148287 0.010563 0.007488
13 0.214935 0.148287 0.010857 0.007488
13 0.802523 0.148173 0.011150 0.007715
13 0.736796 0.148060 0.011150 0.007488
13 0.121919 0.138189 0.007923 0.004992
13 0.121626 0.125028 0.009683 0.007715
13 0.696303 0.138303 0.008803 0.007034
13 0.696596 0.124575 0.010563 0.007715
12 0.661532 0.138076 0.008509 0.006580
12 0.661678 0.124801 0.009977 0.007261
13 0.841843 0.131722 0.007629 0.007034
13 0.842283 0.115498 0.010857 0.007261
12 0.881015 0.131722 0.009683 0.007942
12 0.880722 0.115952 0.010270 0.007261
13 0.252201 0.131268 0.009096 0.007034
13 0.252347 0.114817 0.010563 0.007715
13 0.781543 0.131268 0.009096 0.007488
13 0.781690 0.115385 0.010563 0.007488
13 0.756602 0.131382 0.008509 0.007715
13 0.756896 0.115271 0.010270 0.007261
13 0.197477 0.131382 0.009390 0.007715
13 0.197330 0.115044 0.010857 0.007715
13 0.178257 0.131382 0.009096 0.007715
13 0.178550 0.114931 0.010857 0.007488
12 0.285065 0.130701 0.008509 0.006807
12 0.285651 0.114931 0.011444 0.007942
13 0.821303 0.074427 0.009977 0.007715
13 0.744865 0.073066 0.010270 0.008169
13 0.178550 0.072271 0.009096 0.008396
13 0.249560 0.071931 0.010270 0.008169
13 0.332600 0.064670 0.010857 0.007261
13 0.269806 0.064670 0.010857 0.007261
12 0.907130 0.062855 0.010857 0.007261
13 0.841403 0.062628 0.010857 0.007715
13 0.927670 0.056614 0.010857 0.007488
13 0.804137 0.055934 0.011444 0.007488
13 0.804431 0.040050 0.010857 0.006580
13 0.765992 0.055820 0.011444 0.007261
13 0.765405 0.039256 0.009096 0.005900
13 0.421802 0.055366 0.010857 0.007261
13 0.352553 0.055366 0.010857 0.007715
13 0.233715 0.055140 0.010270 0.007261
13 0.234008 0.042092 0.010857 0.007488
13 0.197330 0.055026 0.010270 0.007488
13 0.197917 0.042206 0.010270 0.007715
13 0.890405 0.050147 0.010270 0.007261
12 0.889965 0.033810 0.011150 0.007261
13 0.863263 0.050147 0.011150 0.007261
13 0.863116 0.033129 0.010857 0.005900
13 0.442488 0.049013 0.010563 0.007261
13 0.524795 0.048899 0.011444 0.007488
13 0.504695 0.049013 0.011150 0.007715
12 0.315874 0.048786 0.009096 0.007261
11 0.316168 0.032221 0.010857 0.007715
13 0.285945 0.048899 0.011444 0.007488
13 0.285945 0.031881 0.010270 0.006127
13 0.406250 0.042773 0.010270 0.007488
13 0.405663 0.025528 0.011444 0.007488
13 0.371626 0.042773 0.010270 0.007488
17 0.371772 0.026095 0.011150 0.007715
12 0.946156 0.040844 0.009096 0.006807
12 0.946303 0.027456 0.010563 0.008169
13 0.583187 0.032221 0.009683 0.007715
13 0.582893 0.015770 0.010270 0.007488
13 0.544748 0.031768 0.009096 0.007715
13 0.544748 0.019061 0.010270 0.007715
13 0.484888 0.031768 0.009096 0.008169
13 0.484595 0.018266 0.009683 0.007488
13 0.462441 0.031768 0.009977 0.008169
13 0.462148 0.018380 0.009977 0.007715
3 0.150675 0.217722 0.007336 0.020649
1 0.054431 0.333674 0.024354 0.050147
3 0.335534 0.216814 0.007336 0.021103
3 0.227259 0.343204 0.007336 0.018834
1 0.058539 0.048899 0.022594 0.049694
1 0.056485 0.148514 0.023768 0.050147
3 0.468016 0.320059 0.007629 0.021103
3 0.842283 0.407874 0.007336 0.020195
4 0.570276 0.488654 0.009683 0.021103
5 0.643633 0.234286 0.008509 0.017018
3 0.224619 0.455752 0.007336 0.020649
4 0.286825 0.339346 0.010270 0.020195
4 0.732541 0.258793 0.010270 0.020195
1 0.053844 0.238371 0.023768 0.050147
4 0.715816 0.407420 0.010270 0.020649
1 0.053844 0.658838 0.024354 0.049694
4 0.773034 0.480486 0.010270 0.020649
4 0.546362 0.317790 0.010563 0.020649
4 0.176790 0.218176 0.010270 0.020649
3 0.607394 0.317336 0.008216 0.020649
1 0.053257 0.823803 0.023181 0.049240
3 0.188820 0.342864 0.007923 0.019514
3 0.248386 0.638189 0.007336 0.020649
5 0.614583 0.596437 0.008509 0.017018
4 0.540053 0.807919 0.010857 0.021557
3 0.750587 0.555140 0.007042 0.020195
5 0.569689 0.410824 0.009096 0.017018
3 0.403609 0.557636 0.007336 0.020649
5 0.379548 0.655208 0.009096 0.017018
5 0.456279 0.678806 0.009390 0.017018
4 0.268339 0.394486 0.010857 0.020649
3 0.923269 0.455752 0.006749 0.020649
4 0.934419 0.399251 0.010857 0.021103
3 0.962295 0.926027 0.007336 0.022691
3 0.602846 0.635693 0.007336 0.020195
4 0.183099 0.557636 0.010563 0.021557
4 0.832160 0.314159 0.010563 0.020649
5 0.448797 0.492285 0.008509 0.017018
1 0.053550 0.496596 0.024354 0.049240
3 0.698504 0.829249 0.007336 0.021103
1 0.053257 0.746880 0.023768 0.049694
1 0.053257 0.919106 0.022594 0.041979
1 0.053844 0.577150 0.024354 0.049694
4 0.580986 0.318244 0.010563 0.020649
4 0.792400 0.297822 0.010270 0.021103
4 0.934712 0.327547 0.010270 0.020195
4 0.881455 0.557182 0.010563 0.021103
4 0.361942 0.218403 0.009683 0.021103
4 0.633216 0.318017 0.010563 0.020195
3 0.330986 0.340368 0.006455 0.017245
4 0.356221 0.339460 0.008803 0.018607
3 0.708920 0.296574 0.005869 0.019968
4 0.733568 0.293851 0.009390 0.019968
4 0.087735 0.411391 0.009390 0.019968
4 0.078345 0.401180 0.009390 0.019514
4 0.087735 0.234400 0.009977 0.019968
4 0.079225 0.224416 0.009390 0.019968
3 0.446303 0.233946 0.006455 0.018153
4 0.450117 0.218062 0.009390 0.019968
4 0.087148 0.743136 0.009977 0.019968
4 0.078052 0.733152 0.009390 0.019968
4 0.092430 0.044929 0.009977 0.019514
4 0.083040 0.035171 0.009977 0.019968
4 0.087735 0.655321 0.009390 0.020422
4 0.078932 0.645337 0.009390 0.019514
4 0.088028 0.492172 0.009390 0.019968
4 0.079812 0.482414 0.009390 0.019514
4 0.087441 0.574087 0.009977 0.020422
4 0.079079 0.564329 0.009683 0.019968
4 0.108128 0.218403 0.009096 0.020649
4 0.106661 0.232925 0.009096 0.020649
4 0.545335 0.217949 0.009096 0.020649
3 0.544161 0.234059 0.009096 0.020649
4 0.080839 0.135126 0.009096 0.020649
4 0.090376 0.144656 0.008803 0.020649
4 0.078492 0.320286 0.009096 0.020649
4 0.088322 0.329816 0.008803 0.020649
4 0.279783 0.217949 0.009096 0.020649
3 0.278316 0.233152 0.009096 0.020649
4 0.045628 0.416496 0.009096 0.020649
4 0.052964 0.411504 0.009096 0.020649
4 0.060446 0.401066 0.008803 0.020649
4 0.077905 0.810415 0.009096 0.020649
4 0.088028 0.819492 0.008803 0.020649
4 0.077612 0.910256 0.009096 0.020649
4 0.088322 0.918879 0.008803 0.020649