10 0.917939 0.961966 0.007340 0.003860
10 0.691280 0.951067 0.008514 0.006131
9 0.932325 0.953792 0.016148 0.034741
9 0.864797 0.949705 0.016148 0.042007
10 0.811803 0.944028 0.008808 0.006585
9 0.795068 0.955381 0.016442 0.042916
10 0.869055 0.932675 0.012918 0.002498
10 0.455520 0.932902 0.008514 0.005677
10 0.170581 0.932221 0.007634 0.006585
9 0.489430 0.933810 0.013506 0.038374
9 0.244275 0.935173 0.017616 0.045186
8 0.881679 0.939260 0.011157 0.037466
9 0.416911 0.936989 0.014093 0.032016
9 0.570757 0.941757 0.016442 0.042461
10 0.882413 0.856608 0.019084 0.002952
7 0.381826 0.855245 0.012625 0.017030
9 0.124046 0.857516 0.012625 0.036558
10 0.125220 0.842075 0.007927 0.002952
9 0.158984 0.856267 0.010863 0.040418
9 0.896506 0.844573 0.008514 0.034287
9 0.701850 0.841848 0.011450 0.032016
9 0.727686 0.839464 0.011450 0.032698
10 0.284351 0.828451 0.007927 0.002498
9 0.941720 0.840486 0.008514 0.039737
9 0.523928 0.834469 0.017322 0.029519
9 0.750587 0.837761 0.016148 0.036558
10 0.550352 0.820050 0.007927 0.006131
9 0.814298 0.834128 0.009689 0.049273
10 0.606283 0.770209 0.008221 0.002725
10 0.140047 0.764192 0.010570 0.003406
10 0.191574 0.754201 0.007340 0.002952
10 0.218585 0.754428 0.013212 0.005223
7 0.740605 0.756017 0.013212 0.016576
10 0.363329 0.749432 0.012625 0.002498
9 0.851439 0.753633 0.007634 0.025431
9 0.854815 0.752498 0.007927 0.023161
10 0.631679 0.744210 0.010276 0.004768
10 0.662801 0.744437 0.011450 0.006131
10 0.355696 0.740690 0.013799 0.003179
8 0.441133 0.746026 0.016735 0.035195
9 0.466089 0.744437 0.017322 0.033833
10 0.487816 0.730813 0.012625 0.005677
9 0.183353 0.678134 0.015561 0.029746
9 0.479008 0.677452 0.016148 0.028837
9 0.383588 0.677452 0.016735 0.029292
9 0.700675 0.676544 0.015561 0.030200
9 0.600264 0.675409 0.013212 0.028383
9 0.289930 0.676317 0.014974 0.029746
10 0.297270 0.657470 0.010863 0.004768
10 0.182766 0.657925 0.029654 0.005677
10 0.054756 0.656789 0.008514 0.006585
10 0.490458 0.651567 0.016735 0.006131
10 0.715942 0.596390 0.007340 0.006131
10 0.183059 0.594573 0.018497 0.006131
9 0.915150 0.588442 0.015854 0.034287
9 0.579859 0.588669 0.015854 0.030200
10 0.587933 0.570731 0.017322 0.003406
10 0.568555 0.570504 0.018497 0.003860
9 0.447446 0.581857 0.016442 0.030200
10 0.928509 0.567552 0.010276 0.002498
10 0.659865 0.567552 0.021433 0.002952
9 0.338961 0.575954 0.016148 0.029746
10 0.161039 0.563806 0.007927 0.004995
10 0.580006 0.563011 0.012038 0.005223
9 0.188050 0.570958 0.016148 0.031562
10 0.402085 0.555404 0.008514 0.002725
10 0.353934 0.552112 0.013212 0.004768
10 0.618761 0.500341 0.008514 0.004768
10 0.658397 0.487398 0.009102 0.004314
10 0.769671 0.486490 0.008514 0.003406
10 0.320757 0.485581 0.009102 0.002498
9 0.562977 0.500114 0.010863 0.035649
10 0.239137 0.484673 0.012625 0.005223
9 0.254404 0.496026 0.007927 0.031562
9 0.837493 0.488874 0.012625 0.032698
10 0.715942 0.438806 0.012625 0.005223
7 0.150029 0.418597 0.012918 0.017030
7 0.453024 0.417916 0.012918 0.016576
10 0.924545 0.412693 0.008221 0.005223
6 0.372578 0.417688 0.014093 0.030200
10 0.593071 0.405200 0.008808 0.003860
10 0.725044 0.319823 0.009102 0.004314
9 0.530094 0.314373 0.007927 0.032925
9 0.798738 0.322321 0.008514 0.031108
10 0.785232 0.309605 0.016735 0.002952
10 0.204198 0.330268 0.007927 0.004314
9 0.314592 0.313011 0.010276 0.035195
9 0.264093 0.303020 0.017322 0.045186
10 0.232678 0.296889 0.007340 0.005677
10 0.742954 0.266008 0.010863 0.006585
10 0.605843 0.258856 0.013799 0.006358
10 0.330446 0.258742 0.014974 0.006585
10 0.464621 0.258288 0.012038 0.006131
7 0.177628 0.244437 0.011157 0.016122
12 0.896359 0.969346 0.011157 0.008174
12 0.827217 0.965486 0.010863 0.007266
14 0.947739 0.959923 0.011157 0.007493
13 0.917058 0.959355 0.010863 0.006358
16 0.712126 0.961853 0.013212 0.011807
12 0.709777 0.934264 0.009102 0.008401
15 0.628743 0.961399 0.015561 0.010899
12 0.625954 0.931880 0.009982 0.008174
12 0.758221 0.958674 0.009689 0.007266
11 0.285085 0.953792 0.008808 0.004314
13 0.288755 0.920981 0.009102 0.008174
14 0.879477 0.952657 0.010863 0.007039
13 0.848062 0.952543 0.010276 0.007266
12 0.688344 0.952316 0.010276 0.007266
11 0.732384 0.951862 0.006753 0.007266
13 0.741486 0.934151 0.010276 0.008174
13 0.426013 0.949932 0.006459 0.004768
12 0.604375 0.949024 0.011450 0.008401
13 0.778186 0.945277 0.009102 0.005904
14 0.811069 0.945391 0.010276 0.007039
12 0.534351 0.938011 0.011157 0.008174
12 0.453464 0.934605 0.009689 0.007720
13 0.224016 0.934037 0.008221 0.007947
18 0.225631 0.954814 0.009689 0.004087
13 0.199207 0.934037 0.009102 0.007947
11 0.168820 0.933810 0.010570 0.008401
14 0.658397 0.931426 0.009689 0.008174
13 0.238550 0.930064 0.009689 0.008174
14 0.588080 0.927452 0.009395 0.007947
13 0.554903 0.927452 0.009395 0.007947
13 0.255725 0.926431 0.009982 0.008174
13 0.272020 0.923819 0.010863 0.007493
12 0.126101 0.920186 0.010276 0.007947
14 0.508514 0.917234 0.010570 0.007493
13 0.475191 0.917461 0.010863 0.007947
13 0.337639 0.917234 0.009982 0.008856
13 0.313417 0.917007 0.009102 0.008401
12 0.374193 0.913715 0.009689 0.008174
12 0.146947 0.913147 0.010863 0.008401
12 0.435849 0.910082 0.009689 0.007720
12 0.401204 0.909855 0.009689 0.007266
11 0.272314 0.872275 0.007927 0.007039
12 0.270992 0.852180 0.009982 0.006812
12 0.271873 0.842075 0.010570 0.007493
17 0.407076 0.872275 0.010863 0.007493
11 0.407223 0.855586 0.011157 0.007720
11 0.407223 0.838329 0.009982 0.006812
17 0.354521 0.872048 0.010276 0.007493
12 0.354962 0.855132 0.009982 0.007266
12 0.354521 0.837761 0.010276 0.006131
12 0.220493 0.856835 0.008221 0.006585
12 0.222548 0.848206 0.008808 0.006131
12 0.442601 0.855699 0.010276 0.007947
12 0.441427 0.839010 0.010276 0.007266
12 0.240898 0.848320 0.009689 0.011807
12 0.186583 0.845595 0.010276 0.006358
12 0.186583 0.851953 0.010276 0.006358
12 0.289930 0.845595 0.010276 0.007266
11 0.124633 0.845027 0.009689 0.007039
11 0.124633 0.852066 0.009689 0.007039
12 0.309894 0.842075 0.010276 0.007493
12 0.159865 0.841962 0.009689 0.007266
12 0.159865 0.849228 0.009689 0.007266
12 0.874046 0.836512 0.010570 0.007720
11 0.840869 0.835945 0.009982 0.007947
12 0.682472 0.835831 0.009689 0.007720
11 0.587052 0.835263 0.009102 0.007947
13 0.468585 0.834809 0.009982 0.007947
12 0.898855 0.833106 0.010276 0.007266
12 0.705079 0.831971 0.010276 0.008174
13 0.660746 0.831744 0.009689 0.007720
13 0.620816 0.831744 0.009689 0.007720
13 0.489724 0.831517 0.010570 0.007720
12 0.921169 0.830041 0.009102 0.007493
12 0.729448 0.829246 0.010863 0.008174
13 0.510129 0.828678 0.010276 0.007493
12 0.944069 0.826521 0.010276 0.007720
12 0.753523 0.825840 0.010276 0.007720
13 0.529213 0.825613 0.009689 0.007720
13 0.642249 0.825272 0.010276 0.007493
12 0.792278 0.822434 0.009689 0.008174
13 0.549472 0.821526 0.009102 0.007720
12 0.816060 0.815622 0.009102 0.008174
13 0.125807 0.786331 0.009689 0.008174
13 0.147827 0.782698 0.011450 0.008174
13 0.227686 0.779632 0.010276 0.007947
13 0.173077 0.779746 0.007927 0.008174
13 0.199207 0.778951 0.010863 0.009310
13 0.247945 0.775999 0.010863 0.007947
11 0.705666 0.773615 0.010276 0.005904
12 0.705813 0.758856 0.009982 0.005450
12 0.706107 0.743074 0.011157 0.007493
17 0.777158 0.773728 0.011157 0.007039
17 0.777011 0.759877 0.011450 0.007493
11 0.777011 0.743074 0.011450 0.008401
13 0.298150 0.772025 0.011450 0.007720
17 0.310041 0.748638 0.011157 0.004087
12 0.269084 0.772139 0.009689 0.007947
12 0.282736 0.749546 0.014093 0.004087
13 0.345713 0.768733 0.010276 0.007947
13 0.317675 0.768506 0.011744 0.008401
13 0.366265 0.765100 0.011450 0.006585
13 0.420581 0.762262 0.010863 0.008174
13 0.393423 0.762148 0.011744 0.008401
13 0.441867 0.758515 0.010570 0.007039
18 0.439812 0.773388 0.008221 0.004995
13 0.495743 0.755563 0.010276 0.008401
13 0.467557 0.755563 0.011450 0.008401
13 0.547123 0.752157 0.009689 0.007039
13 0.521580 0.751930 0.010276 0.006585
13 0.883294 0.750341 0.010276 0.007947
13 0.603200 0.749092 0.010276 0.008174
13 0.575602 0.748978 0.010276 0.007947
12 0.823987 0.746253 0.006753 0.005677
13 0.854228 0.746821 0.009689 0.007266
13 0.661039 0.745913 0.009689 0.006812
13 0.631679 0.746140 0.009689 0.007266
11 0.835291 0.743529 0.007046 0.005677
13 0.910305 0.743983 0.011450 0.007947
13 0.939078 0.736262 0.010276 0.007947
12 0.905608 0.688465 0.009102 0.007720
12 0.916471 0.658265 0.009689 0.003633
13 0.922783 0.684037 0.009982 0.007947
13 0.851439 0.688465 0.009982 0.007720
13 0.795802 0.687330 0.010276 0.008629
12 0.644451 0.687216 0.010570 0.008401
12 0.231356 0.687103 0.009395 0.008174
13 0.741045 0.687103 0.009982 0.009083
12 0.421756 0.686421 0.009102 0.008174
12 0.542132 0.686194 0.010276 0.008629
13 0.869789 0.683810 0.010276 0.007493
13 0.814592 0.683810 0.010276 0.007947
13 0.677628 0.683583 0.011157 0.007493
11 0.689225 0.659060 0.011450 0.007947
12 0.329565 0.683583 0.010276 0.007493
13 0.576189 0.683356 0.010276 0.007493
13 0.455226 0.683356 0.010276 0.007493
17 0.468291 0.659628 0.013506 0.004541
12 0.127863 0.683470 0.009689 0.007720
13 0.760570 0.683470 0.010276 0.008174
13 0.941867 0.680858 0.009982 0.007039
14 0.625073 0.680745 0.009395 0.007266
13 0.159718 0.680631 0.009982 0.007493
13 0.264386 0.680631 0.010276 0.007947
14 0.200969 0.680858 0.009102 0.008401
13 0.832648 0.680064 0.009982 0.007720
14 0.721227 0.680177 0.010276 0.007947
13 0.358632 0.679950 0.010276 0.007493
13 0.887405 0.680177 0.010276 0.008401
18 0.886964 0.658379 0.006459 0.003860
14 0.308720 0.680064 0.009689 0.008174
13 0.778479 0.680064 0.010863 0.008629
14 0.496330 0.679496 0.009102 0.007947
16 0.401497 0.662693 0.006166 0.004314
13 0.402672 0.680631 0.010276 0.008401
15 0.706694 0.658379 0.007634 0.003860
14 0.696271 0.656562 0.011450 0.007947
16 0.708015 0.652134 0.005578 0.004541
12 0.852173 0.607175 0.010276 0.008174
12 0.738256 0.602634 0.010276 0.008174
14 0.934821 0.600704 0.010570 0.007493
13 0.888579 0.600704 0.010276 0.007493
14 0.820464 0.600477 0.010276 0.007493
13 0.774956 0.600023 0.010863 0.006585
12 0.631679 0.600136 0.010863 0.006812
12 0.510570 0.599342 0.010570 0.007493
13 0.669113 0.595822 0.009982 0.008174
11 0.679977 0.571526 0.008808 0.008629
12 0.382854 0.595708 0.009982 0.007947
14 0.717117 0.595254 0.010276 0.007947
12 0.715208 0.571526 0.008808 0.008629
14 0.600411 0.588442 0.010570 0.007493
13 0.551233 0.588556 0.010863 0.007720
11 0.197739 0.583674 0.006753 0.005677
13 0.207134 0.566076 0.010276 0.006812
12 0.274369 0.582312 0.010863 0.007493
11 0.230769 0.582425 0.011157 0.007720
14 0.469319 0.582084 0.010863 0.007493
13 0.420141 0.582084 0.011744 0.007493
14 0.361568 0.575500 0.011450 0.007493
13 0.312243 0.575613 0.011450 0.007720
12 0.126688 0.572321 0.009102 0.007039
18 0.688784 0.571526 0.008808 0.008629
12 0.697592 0.571526 0.008808 0.008629
16 0.706400 0.571526 0.008808 0.008629
13 0.160305 0.566076 0.009395 0.007266
13 0.535085 0.516008 0.009689 0.007947
13 0.555344 0.512489 0.011450 0.008174
13 0.575015 0.508856 0.010863 0.007266
12 0.247651 0.506471 0.010863 0.007493
13 0.597328 0.506017 0.010863 0.007947
13 0.505285 0.505904 0.011157 0.007720
11 0.466383 0.505904 0.010863 0.007720
12 0.329272 0.505790 0.011450 0.007947
11 0.178802 0.502725 0.009982 0.006358
12 0.217117 0.502498 0.010276 0.006358
13 0.617880 0.502498 0.009689 0.006812
12 0.349530 0.502611 0.010863 0.007039
12 0.299472 0.502611 0.010570 0.007039
12 0.268644 0.502611 0.010570 0.007039
13 0.639019 0.499432 0.010863 0.007947
12 0.387698 0.499319 0.010863 0.007720
11 0.926160 0.496821 0.009689 0.006812
11 0.895772 0.496367 0.011744 0.008629
13 0.906342 0.475590 0.009395 0.007947
12 0.409425 0.492734 0.012038 0.007720
12 0.126101 0.489896 0.009102 0.006585
13 0.657957 0.489668 0.009982 0.007039
13 0.768790 0.489101 0.009689 0.006358
13 0.739430 0.489328 0.009689 0.006812
11 0.700528 0.489555 0.009982 0.007266
13 0.789196 0.486262 0.011744 0.007947
12 0.430417 0.486035 0.010570 0.007947
13 0.817381 0.482856 0.010570 0.007493
12 0.151351 0.482970 0.011450 0.008174
12 0.838080 0.478996 0.009689 0.007947
13 0.866265 0.475477 0.009689 0.006812
12 0.104962 0.445731 0.007340 0.005450
12 0.407369 0.441076 0.006753 0.006131
13 0.220934 0.435059 0.010863 0.007266
12 0.231063 0.409514 0.009982 0.004768
11 0.665737 0.432107 0.007340 0.004087
12 0.675573 0.411331 0.010570 0.007947
13 0.674839 0.431880 0.009102 0.004087
11 0.288755 0.431426 0.011450 0.007266
13 0.203905 0.431767 0.010863 0.007947
11 0.342924 0.431085 0.010570 0.007493
11 0.372431 0.428361 0.010863 0.006131
12 0.125367 0.428701 0.011157 0.006812
13 0.238990 0.428588 0.010570 0.007039
18 0.243100 0.405313 0.007634 0.005904
12 0.169554 0.428815 0.011450 0.007493
12 0.319877 0.427906 0.010276 0.007039
12 0.500294 0.424500 0.011744 0.007493
11 0.472255 0.424500 0.010863 0.007493
12 0.428215 0.424614 0.010863 0.007720
13 0.255285 0.421549 0.010276 0.006585
11 0.850851 0.421435 0.010570 0.006812
11 0.624927 0.421208 0.010863 0.006812
12 0.882707 0.420981 0.009689 0.006812
12 0.524516 0.420754 0.010863 0.006358
18 0.524516 0.404405 0.006753 0.004541
12 0.711832 0.420981 0.010863 0.007266
13 0.543600 0.418143 0.011450 0.007493
12 0.903846 0.418143 0.011450 0.008401
12 0.733558 0.417802 0.012038 0.008174
13 0.692454 0.417802 0.011450 0.008174
13 0.656929 0.417802 0.011450 0.008174
12 0.923224 0.414623 0.009689 0.006812
12 0.755138 0.414282 0.010570 0.006585
13 0.560482 0.414396 0.009982 0.007266
12 0.943188 0.411558 0.010276 0.007947
13 0.577070 0.411331 0.009689 0.007493
12 0.775984 0.411331 0.009982 0.007947
12 0.809014 0.407811 0.009689 0.007266
13 0.592777 0.407698 0.009982 0.007493
12 0.829272 0.400886 0.011450 0.007947
11 0.277892 0.386240 0.006166 0.004995
12 0.144891 0.338896 0.007340 0.004314
12 0.144011 0.329587 0.010276 0.006585
18 0.141809 0.344346 0.007046 0.004314
12 0.935555 0.332879 0.011450 0.007720
12 0.126395 0.333106 0.010276 0.008174
12 0.791985 0.332539 0.010863 0.007493
13 0.199501 0.332425 0.009102 0.008629
13 0.197886 0.309264 0.009982 0.007266
11 0.894451 0.329133 0.010276 0.005677
12 0.810482 0.329133 0.010276 0.006131
12 0.839548 0.329246 0.010863 0.006812
12 0.762478 0.329133 0.010570 0.007039
12 0.863036 0.326181 0.010863 0.007947
12 0.160746 0.323229 0.010863 0.007493
12 0.723870 0.322661 0.009689 0.006812
11 0.570023 0.322321 0.009689 0.007493
12 0.600411 0.319142 0.008221 0.007493
12 0.626541 0.319255 0.011157 0.008174
13 0.180711 0.316530 0.009689 0.006812
11 0.677921 0.315849 0.007046 0.005904
12 0.960658 0.316417 0.005285 0.007493
12 0.705226 0.315849 0.009982 0.007720
11 0.688050 0.312897 0.007340 0.005450
11 0.647827 0.312784 0.010863 0.007947
12 0.379477 0.309491 0.011450 0.007720
12 0.536847 0.309378 0.011450 0.007947
11 0.484880 0.305404 0.007340 0.005450
12 0.425719 0.305858 0.009982 0.007266
12 0.399149 0.305518 0.010863 0.007493
12 0.351585 0.305291 0.009689 0.007493
13 0.214181 0.305631 0.009689 0.008174
12 0.509836 0.305177 0.010276 0.007720
12 0.496036 0.301885 0.006166 0.004768
12 0.316647 0.302225 0.010276 0.007720
11 0.451116 0.301998 0.010276 0.007720
12 0.289636 0.298479 0.009102 0.007493
13 0.230182 0.298592 0.009395 0.007720
12 0.269084 0.295640 0.009102 0.008174
12 0.247504 0.292348 0.009395 0.007947
12 0.844245 0.270436 0.010863 0.007720
13 0.915003 0.270322 0.010276 0.007947
12 0.900323 0.266803 0.010276 0.007720
11 0.872725 0.266462 0.009102 0.008401
12 0.929977 0.263283 0.010863 0.007493
12 0.944216 0.256812 0.009982 0.008174
12 0.767322 0.253520 0.007340 0.006585
11 0.706107 0.253065 0.007634 0.006585
12 0.518790 0.250114 0.007046 0.005677
12 0.798738 0.250000 0.006753 0.005904
12 0.742073 0.249886 0.007340 0.005677
18 0.740898 0.265895 0.006166 0.004087
12 0.658837 0.250000 0.007046 0.005904
12 0.754991 0.246821 0.007340 0.006812
12 0.685702 0.246594 0.007340 0.006358
12 0.547123 0.245913 0.007340 0.005450
12 0.826042 0.246480 0.007340 0.007039
12 0.781709 0.243529 0.007927 0.005677
12 0.723870 0.243074 0.007340 0.005677
18 0.151351 0.241939 0.006166 0.004768
12 0.290517 0.237171 0.007340 0.005677
12 0.623165 0.230359 0.007340 0.005677
12 0.306665 0.230245 0.006166 0.005450
12 0.483999 0.230018 0.007340 0.005450
12 0.324281 0.226839 0.007340 0.005904
12 0.454198 0.223206 0.007046 0.005450
12 0.591750 0.222979 0.007927 0.005904
12 0.639607 0.219460 0.007340 0.005677
12 0.337199 0.219460 0.007340 0.005677
12 0.500881 0.219233 0.007046 0.005677
12 0.276718 0.213556 0.007340 0.005677
12 0.350705 0.213215 0.007340 0.005904
12 0.604962 0.212875 0.007340 0.005677
12 0.466383 0.212761 0.007340 0.005450
12 0.427481 0.210150 0.007634 0.005677
12 0.564592 0.209242 0.007634 0.005677
12 0.367440 0.206857 0.006753 0.005904
18 0.386524 0.203111 0.007340 0.005677
18 0.440252 0.200159 0.007927 0.005677
12 0.412948 0.200272 0.007340 0.005904
12 0.577657 0.199591 0.007927 0.006358
11 0.333969 0.191644 0.006753 0.005450
1 0.048004 0.851385 0.022020 0.042916
4 0.314592 0.226045 0.007927 0.014305
4 0.732090 0.249886 0.007340 0.013851
3 0.697446 0.253747 0.006166 0.012489
5 0.859806 0.264192 0.009102 0.014759
4 0.365972 0.309605 0.010276 0.020663
4 0.453464 0.505790 0.010863 0.021117
4 0.235320 0.506244 0.010276 0.021571
4 0.648708 0.250341 0.007340 0.012943
3 0.523928 0.309378 0.007927 0.020663
4 0.508661 0.250114 0.007927 0.012943
4 0.789930 0.250114 0.007927 0.013397
1 0.090429 0.240577 0.024075 0.043824
1 0.052114 0.499659 0.023194 0.050636
4 0.613183 0.319369 0.010276 0.021571
0 0.052261 0.588442 0.021726 0.025658
5 0.612008 0.676544 0.009102 0.016576
4 0.286406 0.504201 0.010276 0.022934
1 0.051380 0.415191 0.024075 0.044278
4 0.825455 0.329587 0.010863 0.020663
4 0.111127 0.785763 0.010863 0.021571
4 0.521433 0.938351 0.011157 0.021571
4 0.217410 0.687443 0.010276 0.021571
4 0.521873 0.515327 0.010276 0.021117
4 0.804903 0.483084 0.010276 0.020663
4 0.215062 0.779632 0.010863 0.021571
5 0.454639 0.752157 0.009102 0.017938
4 0.332942 0.768506 0.010570 0.022025
3 0.563271 0.749205 0.007927 0.022025
4 0.837493 0.605132 0.010276 0.022252
4 0.755872 0.489441 0.010863 0.020663
4 0.329565 0.916099 0.017910 0.022934
3 0.880065 0.329133 0.007340 0.018392
4 0.777011 0.332539 0.010276 0.021117
5 0.160452 0.774977 0.008514 0.017257
3 0.474897 0.305518 0.006166 0.014759
1 0.048884 0.954473 0.024369 0.051090
4 0.534498 0.752157 0.010276 0.020663
1 0.050059 0.755109 0.024369 0.051090
3 0.922343 0.332993 0.007340 0.021571
5 0.617293 0.595822 0.009102 0.017711
5 0.217851 0.933810 0.022901 0.022025
3 0.257634 0.872275 0.007927 0.020663
4 0.646947 0.746253 0.010863 0.021117
3 0.388873 0.910309 0.007340 0.022252
4 0.360100 0.913374 0.010863 0.022025
3 0.301086 0.917916 0.007927 0.022025
3 0.619055 0.746367 0.007927 0.020890
3 0.187463 0.779859 0.007340 0.020209
4 0.526571 0.686081 0.010863 0.021117
4 0.590282 0.748978 0.010276 0.021571
5 0.146359 0.676771 0.009102 0.017030
4 0.407369 0.762035 0.009689 0.021798
3 0.381239 0.761921 0.006753 0.022025
4 0.412801 0.305177 0.009395 0.020890
3 0.438344 0.302452 0.006459 0.020890
3 0.613770 0.230359 0.004991 0.012943
5 0.629477 0.217530 0.007634 0.011353
4 0.091603 0.653724 0.010570 0.020436
4 0.081033 0.643506 0.010570 0.020890
4 0.091309 0.572434 0.009395 0.019528
4 0.081033 0.562443 0.009982 0.020436
4 0.090575 0.752271 0.010276 0.020436
4 0.080153 0.742053 0.009982 0.020890
4 0.088961 0.852180 0.010570 0.020436
4 0.078391 0.841735 0.009395 0.021344
4 0.090722 0.496821 0.009395 0.019982
4 0.079565 0.486376 0.009395 0.020890
3 0.485026 0.755450 0.007046 0.021344
3 0.509102 0.752271 0.007046 0.019528
4 0.091309 0.322888 0.009982 0.019982
4 0.081033 0.313124 0.010570 0.021344
4 0.090722 0.951181 0.009982 0.020436
4 0.080153 0.940736 0.009982 0.021344
4 0.089695 0.415304 0.010863 0.020436
4 0.081180 0.405313 0.010276 0.021344
5 0.477246 0.226272 0.010276 0.020663
5 0.361568 0.204587 0.010276 0.017711
4 0.374633 0.204587 0.009982 0.017711
3 0.258955 0.851839 0.009982 0.020663
3 0.103787 0.851272 0.010276 0.018165
5 0.113183 0.851272 0.010276 0.018165
3 0.196858 0.855926 0.010276 0.020663
4 0.208015 0.849569 0.010276 0.020663
4 0.120229 0.230586 0.010276 0.020663
4 0.130358 0.240804 0.009982 0.020663
4 0.059014 0.311876 0.009982 0.020663
4 0.052408 0.334696 0.010276 0.018619
4 0.059014 0.334696 0.009982 0.018619
4 0.057546 0.561194 0.009982 0.020663
4 0.043600 0.658606 0.010276 0.020663
4 0.057252 0.642030 0.009982 0.020663