10 0.540147 0.981023 0.008529 0.002955
10 0.114265 0.981250 0.008529 0.006136
10 0.138382 0.974205 0.008529 0.004773
10 0.240735 0.972614 0.007353 0.005227
10 0.751618 0.970114 0.019706 0.005682
9 0.259559 0.970568 0.009706 0.007500
10 0.240441 0.965795 0.007941 0.002500
10 0.857794 0.956932 0.014412 0.003864
9 0.538676 0.957386 0.012647 0.037500
10 0.906618 0.954886 0.017941 0.005227
10 0.425147 0.952614 0.022059 0.004318
10 0.593676 0.948750 0.009706 0.004773
10 0.201618 0.941705 0.012647 0.006136
10 0.285147 0.961250 0.012647 0.003409
9 0.844265 0.934205 0.010882 0.043864
9 0.400147 0.932045 0.009706 0.045000
10 0.114265 0.866932 0.008529 0.004773
10 0.543971 0.850568 0.010294 0.003864
10 0.353676 0.851250 0.012059 0.005227
10 0.108971 0.850795 0.007353 0.006136
10 0.473971 0.847386 0.007941 0.002955
10 0.639559 0.839432 0.010882 0.006136
9 0.273676 0.843750 0.009706 0.042955
10 0.283676 0.826705 0.007353 0.006136
10 0.751324 0.864432 0.007353 0.003409
10 0.736324 0.858068 0.009118 0.002500
9 0.920735 0.826250 0.015588 0.050682
10 0.288971 0.762386 0.007353 0.004773
10 0.300147 0.762159 0.008529 0.005227
10 0.156029 0.756023 0.007353 0.002955
10 0.188676 0.749205 0.009118 0.005682
10 0.900735 0.744886 0.017941 0.005227
9 0.224559 0.751250 0.007941 0.032500
9 0.240147 0.747614 0.012059 0.033409
6 0.947794 0.745114 0.013235 0.025682
6 0.503676 0.743068 0.013235 0.025227
9 0.277794 0.746023 0.014412 0.043864
10 0.581912 0.723295 0.009706 0.004773
10 0.121618 0.723750 0.012647 0.005682
10 0.150735 0.726023 0.009706 0.005682
9 0.630735 0.743750 0.006176 0.026591
10 0.325735 0.751023 0.009118 0.003864
9 0.860735 0.725568 0.017941 0.048409
9 0.471029 0.718409 0.009118 0.050455
10 0.731029 0.661477 0.011471 0.004773
10 0.959265 0.627614 0.011471 0.005227
10 0.829853 0.620114 0.009118 0.005682
9 0.448676 0.628068 0.009118 0.040682
9 0.426324 0.619773 0.016176 0.038636
9 0.372500 0.625795 0.010882 0.034318
9 0.190735 0.619091 0.008529 0.040909
10 0.497206 0.546932 0.010882 0.004773
10 0.298676 0.534886 0.007941 0.005227
10 0.962794 0.528523 0.007941 0.002500
10 0.897794 0.529886 0.008529 0.006136
10 0.918971 0.528068 0.008529 0.003409
10 0.745441 0.528750 0.009706 0.004773
9 0.488676 0.530795 0.011471 0.025227
9 0.600147 0.528295 0.013235 0.028409
9 0.491912 0.530568 0.007353 0.024773
9 0.206324 0.521818 0.006765 0.029091
9 0.442500 0.518523 0.012059 0.033409
9 0.271618 0.522955 0.009118 0.026818
9 0.246324 0.521591 0.010294 0.029545
9 0.453088 0.522159 0.007353 0.024318
10 0.255735 0.510568 0.007941 0.004773
10 0.612794 0.442159 0.007941 0.005227
9 0.852206 0.434886 0.009118 0.037045
9 0.540147 0.426705 0.012059 0.022500
9 0.729853 0.427727 0.006765 0.030909
9 0.780441 0.427955 0.009118 0.031364
9 0.582794 0.427955 0.009118 0.031364
9 0.517500 0.424773 0.010294 0.025909
9 0.698382 0.423523 0.012059 0.041591
9 0.123676 0.425341 0.014412 0.039773
9 0.556029 0.426023 0.007353 0.034773
10 0.127794 0.334545 0.008529 0.002727
9 0.613382 0.329432 0.011471 0.027045
9 0.951912 0.325227 0.006176 0.024091
8 0.761618 0.326250 0.013824 0.027045
9 0.785147 0.323068 0.016176 0.029773
9 0.908382 0.321023 0.010882 0.032045
9 0.530735 0.318523 0.014412 0.037045
9 0.157500 0.317614 0.009118 0.038864
9 0.832206 0.317841 0.013824 0.040227
10 0.313088 0.240000 0.007353 0.002727
10 0.656912 0.234886 0.009118 0.005227
9 0.495441 0.232159 0.014412 0.028864
8 0.262206 0.231023 0.009118 0.024773
10 0.206324 0.209886 0.009118 0.002500
10 0.176618 0.209432 0.009706 0.005227
9 0.962794 0.215568 0.009118 0.036591
9 0.900735 0.215568 0.008529 0.037500
9 0.878971 0.210568 0.016765 0.034773
9 0.864559 0.209659 0.011471 0.036591
10 0.282206 0.147614 0.007941 0.003409
10 0.925441 0.147159 0.007353 0.004318
10 0.172794 0.147841 0.011471 0.005682
10 0.945147 0.146250 0.007941 0.005227
10 0.218971 0.126023 0.013235 0.005682
10 0.662500 0.123068 0.007353 0.005227
10 0.523382 0.121023 0.010294 0.002955
9 0.934265 0.133750 0.013235 0.032045
10 0.760441 0.115341 0.009118 0.002500
10 0.515441 0.041932 0.020294 0.002955
14 0.181324 0.970909 0.007353 0.004091
11 0.286618 0.967386 0.017353 0.008409
14 0.282500 0.932841 0.011471 0.007955
14 0.738088 0.960795 0.008529 0.007500
14 0.740294 0.931591 0.010000 0.008182
14 0.537794 0.957500 0.011471 0.007273
14 0.109853 0.955682 0.009706 0.007273
14 0.565735 0.954432 0.012059 0.008409
14 0.134265 0.952727 0.011471 0.007727
14 0.592647 0.951023 0.010588 0.007045
14 0.155882 0.949318 0.008824 0.006364
14 0.613088 0.948295 0.011471 0.007955
14 0.176912 0.946364 0.010882 0.007727
14 0.632206 0.944773 0.009706 0.007273
12 0.200588 0.943295 0.010588 0.007045
14 0.662794 0.941932 0.010882 0.007955
14 0.230441 0.940114 0.012059 0.007955
14 0.690882 0.938182 0.010588 0.007727
14 0.260147 0.936818 0.011471 0.007727
14 0.711029 0.934545 0.009706 0.007727
14 0.303971 0.929205 0.009706 0.007955
14 0.303529 0.962273 0.016471 0.011364
14 0.770735 0.927386 0.011471 0.007955
14 0.326912 0.926023 0.012059 0.007955
14 0.792206 0.923864 0.010882 0.007273
14 0.349853 0.922614 0.010882 0.007500
14 0.812206 0.921364 0.009706 0.007727
14 0.372059 0.919545 0.009412 0.007727
12 0.846324 0.918182 0.009706 0.007727
12 0.401618 0.915795 0.009706 0.008409
18 0.893088 0.915000 0.011471 0.007727
18 0.447206 0.912841 0.011471 0.007955
12 0.938382 0.911818 0.010294 0.007727
18 0.492500 0.909318 0.011471 0.007273
14 0.180735 0.864659 0.006765 0.004773
14 0.182059 0.842614 0.011765 0.008409
14 0.732647 0.864318 0.008235 0.008182
14 0.735441 0.854886 0.007941 0.003864
14 0.734559 0.826364 0.009706 0.007727
14 0.749265 0.861705 0.006176 0.008409
14 0.324559 0.855682 0.009706 0.008182
14 0.326618 0.822386 0.010294 0.007955
14 0.544118 0.852841 0.009412 0.007045
14 0.107500 0.852045 0.009706 0.006364
14 0.568088 0.850455 0.010882 0.007727
14 0.133382 0.848977 0.010882 0.008409
14 0.591912 0.847045 0.011471 0.007273
14 0.156912 0.845455 0.009706 0.006818
14 0.615735 0.843864 0.010882 0.008182
14 0.639265 0.840455 0.010882 0.006818
14 0.203971 0.838977 0.009706 0.006591
14 0.665147 0.837614 0.010882 0.007500
14 0.229559 0.836136 0.011471 0.008182
14 0.689559 0.834091 0.011471 0.007727
13 0.259853 0.832500 0.010882 0.008182
14 0.712794 0.830227 0.009706 0.008182
13 0.281029 0.828523 0.009706 0.008409
14 0.302647 0.825000 0.010000 0.007727
14 0.761324 0.823068 0.010294 0.007500
14 0.813088 0.820795 0.011471 0.007500
14 0.782353 0.820227 0.010000 0.007273
14 0.350735 0.819091 0.010294 0.008636
12 0.841618 0.817500 0.010882 0.007273
14 0.373235 0.815909 0.010588 0.007727
12 0.396765 0.811705 0.010588 0.006591
12 0.884853 0.810795 0.010294 0.007500
18 0.449559 0.809205 0.011471 0.007955
12 0.931029 0.807045 0.009706 0.008182
12 0.497206 0.805682 0.010294 0.008182
18 0.666618 0.761136 0.007353 0.005455
12 0.556912 0.761136 0.010882 0.007273
12 0.106912 0.760114 0.010882 0.007045
11 0.771618 0.758864 0.016765 0.009091
14 0.784853 0.751818 0.010294 0.008636
14 0.785147 0.720455 0.009706 0.007727
14 0.768971 0.724091 0.010294 0.007727
14 0.589412 0.757841 0.011765 0.007955
14 0.267647 0.757955 0.014706 0.008182
14 0.266324 0.733409 0.009706 0.007273
14 0.138824 0.757045 0.010588 0.008182
11 0.148676 0.733523 0.006765 0.004773
11 0.329853 0.756818 0.012059 0.008636
14 0.336912 0.748864 0.008529 0.003636
14 0.336912 0.719545 0.009706 0.007727
14 0.607794 0.754091 0.011471 0.005909
14 0.155735 0.753068 0.010882 0.006591
11 0.162059 0.728636 0.011176 0.007727
14 0.626618 0.751705 0.011471 0.007500
11 0.346471 0.750455 0.011765 0.007727
14 0.355147 0.716136 0.010882 0.008182
14 0.171912 0.750455 0.010294 0.007727
14 0.643971 0.747841 0.010882 0.007045
14 0.188971 0.747045 0.010882 0.007273
14 0.665735 0.745114 0.010882 0.007955
14 0.215000 0.743864 0.011176 0.008182
14 0.682206 0.741250 0.009706 0.007500
14 0.231029 0.740568 0.009706 0.007955
14 0.698824 0.738068 0.011176 0.008409
12 0.701029 0.759318 0.014412 0.007273
14 0.714559 0.734318 0.009706 0.006364
14 0.248676 0.737159 0.010882 0.008409
14 0.734559 0.731250 0.012059 0.008409
14 0.284412 0.730227 0.011176 0.008182
14 0.751912 0.727841 0.011471 0.007955
14 0.300882 0.726705 0.010588 0.008409
14 0.319559 0.722614 0.010294 0.008409
14 0.804559 0.717159 0.009706 0.007500
14 0.821471 0.714205 0.010588 0.007955
14 0.371029 0.712727 0.009706 0.006818
14 0.838676 0.710455 0.009706 0.007727
14 0.388382 0.709432 0.010294 0.007500
12 0.858382 0.707386 0.010294 0.007955
12 0.408971 0.706023 0.010294 0.007045
18 0.892794 0.704205 0.010882 0.007955
18 0.441029 0.702727 0.010882 0.007727
12 0.921618 0.700568 0.010882 0.007045
12 0.473088 0.699318 0.010294 0.007273
13 0.939265 0.659773 0.010882 0.007273
13 0.917353 0.656250 0.010588 0.007500
13 0.967206 0.653068 0.011471 0.007500
13 0.859118 0.652727 0.010588 0.007727
13 0.898382 0.648864 0.011471 0.006364
13 0.830441 0.649205 0.010882 0.007045
13 0.878382 0.646136 0.009118 0.007273
13 0.775588 0.646023 0.010588 0.007955
13 0.814412 0.642614 0.010588 0.006591
13 0.746324 0.642273 0.009706 0.006818
13 0.794265 0.639432 0.011471 0.008409
13 0.680147 0.635455 0.010294 0.007727
13 0.727794 0.632500 0.011471 0.008182
13 0.661029 0.632614 0.010882 0.008409
13 0.705294 0.629091 0.009412 0.006818
13 0.578676 0.628977 0.009706 0.007500
13 0.642059 0.625795 0.011765 0.008409
13 0.552794 0.625682 0.012059 0.008182
13 0.496471 0.622045 0.009412 0.007273
13 0.605735 0.622045 0.010882 0.008182
13 0.470147 0.618295 0.010294 0.007955
13 0.535147 0.618182 0.010882 0.008636
13 0.374559 0.614545 0.010882 0.007727
13 0.514853 0.614432 0.010294 0.009318
13 0.452059 0.614091 0.010588 0.008636
13 0.431324 0.614318 0.010294 0.009091
11 0.344265 0.611136 0.011471 0.008182
13 0.215441 0.611136 0.011471 0.008182
11 0.145441 0.611250 0.011471 0.008409
13 0.393676 0.610909 0.010294 0.008636
13 0.312059 0.608068 0.010588 0.007500
13 0.272941 0.607841 0.009412 0.007500
13 0.252647 0.607727 0.010000 0.007727
13 0.197500 0.607955 0.009706 0.008182
11 0.107500 0.607955 0.009706 0.008182
13 0.412500 0.606818 0.010294 0.008636
13 0.180294 0.604659 0.011765 0.007955
13 0.234559 0.604318 0.010882 0.008182
13 0.292206 0.600682 0.010882 0.008182
12 0.026912 0.537500 0.007353 0.005455
13 0.856912 0.534773 0.012059 0.008182
11 0.779853 0.534205 0.012059 0.007955
13 0.961618 0.531705 0.009706 0.007500
13 0.897059 0.531477 0.010000 0.007045
13 0.837941 0.531591 0.010588 0.007273
13 0.918088 0.531136 0.009706 0.007273
11 0.745147 0.530795 0.009706 0.006591
13 0.648088 0.530795 0.009706 0.006591
13 0.667500 0.531023 0.012059 0.007955
13 0.876912 0.528182 0.010882 0.007727
13 0.818382 0.527841 0.010294 0.007955
13 0.707794 0.527727 0.011471 0.007727
13 0.561029 0.527727 0.010882 0.007727
13 0.579853 0.527386 0.010882 0.007955
13 0.940441 0.524773 0.010882 0.007273
13 0.688971 0.523864 0.010294 0.007273
13 0.620735 0.523977 0.010294 0.007500
13 0.490441 0.523864 0.009706 0.007273
13 0.469853 0.523864 0.010882 0.008182
13 0.532794 0.520341 0.010882 0.007500
13 0.601471 0.520114 0.011176 0.007955
13 0.233088 0.520341 0.011471 0.008409
13 0.399265 0.519773 0.010882 0.008182
13 0.378382 0.519659 0.011471 0.007955
11 0.154853 0.519886 0.011471 0.008409
13 0.511618 0.516364 0.009706 0.007727
13 0.451029 0.516136 0.009706 0.008182
13 0.294559 0.515795 0.009706 0.007500
13 0.274412 0.516250 0.010000 0.008409
13 0.212500 0.516364 0.010294 0.008636
11 0.108971 0.516250 0.010294 0.008409
13 0.424559 0.513068 0.009706 0.007500
13 0.338676 0.512955 0.009706 0.007273
13 0.254853 0.512841 0.010294 0.007955
13 0.194265 0.513068 0.010294 0.008409
13 0.321029 0.509545 0.009706 0.007727
12 0.232500 0.436477 0.011471 0.007955
12 0.913676 0.433636 0.010294 0.007727
12 0.960735 0.430341 0.011471 0.008409
12 0.837794 0.429773 0.011471 0.008182
12 0.211618 0.429773 0.012059 0.008182
12 0.937206 0.426364 0.011471 0.007727
12 0.879853 0.426364 0.010882 0.007727
12 0.187206 0.426364 0.010294 0.007727
12 0.760441 0.426136 0.010882 0.008182
12 0.287794 0.425682 0.010294 0.007273
12 0.859118 0.422386 0.009412 0.007955
11 0.463382 0.422159 0.010882 0.007500
12 0.804853 0.421932 0.010294 0.007955
12 0.677206 0.421932 0.010294 0.007955
13 0.541324 0.421477 0.010294 0.007955
12 0.736765 0.419318 0.010588 0.008182
12 0.783088 0.418864 0.010294 0.008182
13 0.519706 0.418636 0.010000 0.007727
11 0.429853 0.418068 0.010882 0.007500
12 0.258382 0.418295 0.010294 0.007955
12 0.158382 0.418409 0.010294 0.008182
12 0.585441 0.418068 0.010294 0.008409
12 0.308971 0.417727 0.009118 0.007727
12 0.134559 0.415568 0.012059 0.007955
12 0.633088 0.415114 0.011471 0.007955
12 0.707794 0.414886 0.011471 0.008409
13 0.563529 0.414659 0.011765 0.007955
13 0.500147 0.414432 0.011471 0.008409
12 0.611618 0.411477 0.009706 0.007045
12 0.339412 0.411705 0.010000 0.007500
12 0.108529 0.411591 0.010000 0.008182
12 0.362206 0.405341 0.009706 0.008409
12 0.384265 0.397841 0.009118 0.007955
12 0.636471 0.325795 0.011176 0.007500
12 0.614853 0.321932 0.011471 0.007955
12 0.437941 0.322045 0.011765 0.008182
12 0.958088 0.319091 0.010882 0.007727
12 0.761324 0.318182 0.010294 0.006818
12 0.736029 0.318409 0.010294 0.007273
12 0.591029 0.318409 0.009706 0.007273
12 0.461618 0.318636 0.009706 0.007727
12 0.412059 0.318182 0.010000 0.007727
12 0.932500 0.314659 0.010294 0.007955
12 0.708088 0.314432 0.009706 0.007500
12 0.566324 0.314545 0.010882 0.007727
12 0.486324 0.314545 0.010882 0.007727
12 0.388676 0.314545 0.010882 0.007727
12 0.784265 0.314091 0.010294 0.007727
12 0.884853 0.311591 0.010294 0.008182
12 0.686324 0.311591 0.010882 0.008182
12 0.365735 0.311818 0.010882 0.008636
12 0.109853 0.311591 0.010882 0.008182
12 0.909853 0.310795 0.010882 0.007500
12 0.807500 0.310795 0.010882 0.007500
12 0.540588 0.310568 0.010588 0.007045
12 0.143676 0.307841 0.011471 0.007955
12 0.863971 0.307386 0.010882 0.007955
12 0.516912 0.307386 0.010882 0.007955
12 0.831912 0.304091 0.010294 0.007727
12 0.164853 0.303977 0.011471 0.007500
12 0.191618 0.301477 0.010882 0.007955
12 0.259265 0.300909 0.010882 0.007727
12 0.236912 0.300909 0.009706 0.007727
12 0.215735 0.298182 0.010882 0.008636
12 0.319853 0.291364 0.009706 0.008636
12 0.282794 0.290909 0.009706 0.007727
12 0.110441 0.235114 0.012059 0.007955
12 0.192206 0.231477 0.010882 0.007045
12 0.163235 0.231364 0.011176 0.006818
12 0.135441 0.231591 0.011471 0.007273
12 0.243088 0.228182 0.010294 0.007727
12 0.212941 0.228295 0.012353 0.007955
12 0.261765 0.224773 0.010000 0.007273
13 0.494559 0.223977 0.009706 0.007500
11 0.423088 0.223750 0.010294 0.007045
12 0.388088 0.221023 0.012059 0.007955
12 0.311912 0.221136 0.011471 0.008182
12 0.282500 0.221136 0.011471 0.008182
13 0.686912 0.220568 0.012059 0.007955
11 0.618971 0.220568 0.011471 0.007955
11 0.532794 0.220568 0.012059 0.007955
13 0.476618 0.220682 0.011471 0.008182
12 0.347794 0.217614 0.010294 0.007500
11 0.723971 0.217159 0.010882 0.007500
13 0.669559 0.217045 0.011471 0.007273
11 0.582500 0.217159 0.011471 0.007500
13 0.512500 0.216932 0.010294 0.007045
13 0.456618 0.217386 0.010294 0.007955
12 0.329118 0.214432 0.011765 0.007500
12 0.773971 0.213636 0.012059 0.007727
13 0.703971 0.213750 0.010882 0.007955
13 0.650588 0.213750 0.011176 0.007955
12 0.794706 0.210455 0.009412 0.006818
12 0.816324 0.205568 0.009706 0.007955
12 0.965000 0.203182 0.010588 0.007727
12 0.902794 0.202727 0.009706 0.007727
12 0.883088 0.202273 0.009118 0.007273
12 0.837206 0.202500 0.009118 0.008182
12 0.865441 0.199091 0.010294 0.007727
11 0.924853 0.192386 0.011471 0.007955
13 0.205735 0.152500 0.010882 0.007273
11 0.145147 0.152614 0.010882 0.007500
18 0.592500 0.150341 0.007941 0.004773
12 0.594853 0.134773 0.011471 0.008182
12 0.823676 0.151477 0.011471 0.007955
11 0.240588 0.148977 0.010588 0.007500
13 0.190441 0.149205 0.010882 0.007955
11 0.109559 0.149318 0.011471 0.008182
12 0.872500 0.147727 0.010294 0.007727
12 0.843235 0.147727 0.010588 0.007727
12 0.280441 0.145455 0.010882 0.006818
13 0.222794 0.145568 0.010882 0.007045
13 0.173676 0.145795 0.010294 0.007500
12 0.943971 0.144545 0.010882 0.006818
12 0.924559 0.144659 0.010882 0.007045
12 0.897500 0.144205 0.010882 0.007045
12 0.298824 0.142045 0.011176 0.008182
12 0.963971 0.141477 0.010882 0.007955
12 0.532353 0.141477 0.011765 0.007955
12 0.478235 0.137727 0.007059 0.005909
12 0.316912 0.138409 0.010882 0.007273
12 0.611324 0.137727 0.010294 0.006818
12 0.549265 0.137841 0.010882 0.007045
12 0.504706 0.138068 0.011176 0.007500
12 0.766324 0.137614 0.010882 0.007500
11 0.489559 0.134773 0.006765 0.005455
12 0.401912 0.134773 0.010294 0.007273
12 0.383235 0.135114 0.010588 0.007955
12 0.338676 0.135227 0.009706 0.008182
12 0.634853 0.134659 0.010294 0.007955
12 0.452059 0.134659 0.010588 0.007955
12 0.785000 0.134318 0.010588 0.008182
12 0.747794 0.134318 0.011471 0.008182
12 0.688235 0.134318 0.010588 0.008182
12 0.364412 0.131932 0.009412 0.007045
12 0.733235 0.130795 0.007059 0.006591
12 0.577059 0.130909 0.011176 0.006818
12 0.806029 0.127727 0.011471 0.007727
11 0.658971 0.124432 0.010294 0.006591
11 0.422941 0.124318 0.010000 0.006364
13 0.523676 0.070114 0.011471 0.007955
13 0.464559 0.070000 0.010882 0.007727
13 0.546618 0.069659 0.010294 0.007955
12 0.216324 0.067955 0.009706 0.006364
12 0.577206 0.066705 0.010294 0.008409
11 0.667794 0.066136 0.010294 0.008182
13 0.607500 0.065682 0.009706 0.008636
12 0.630735 0.065455 0.010294 0.008636
12 0.494559 0.065795 0.010882 0.009318
13 0.186471 0.064091 0.011176 0.007727
12 0.163382 0.064205 0.010882 0.007955
13 0.109853 0.064205 0.010882 0.007955
13 0.271176 0.063295 0.011765 0.007955
13 0.248676 0.063523 0.012059 0.008409
13 0.895735 0.062614 0.010882 0.007500
11 0.803971 0.062614 0.010882 0.007500
12 0.710441 0.062614 0.010882 0.007500
12 0.133235 0.060114 0.010588 0.007500
13 0.290441 0.059091 0.008529 0.006818
11 0.941471 0.058864 0.009412 0.007273
13 0.317059 0.058977 0.010000 0.007500
13 0.873971 0.058409 0.010882 0.007273
11 0.759559 0.058295 0.010294 0.007045
13 0.363971 0.055682 0.010882 0.007273
13 0.336471 0.055909 0.011176 0.007727
13 0.918235 0.055227 0.011176 0.007273
13 0.851324 0.055000 0.011471 0.007727
13 0.383382 0.052273 0.010882 0.006818
13 0.403382 0.049091 0.010882 0.007727
13 0.429118 0.042273 0.010588 0.007727
1 0.033088 0.228295 0.024412 0.050682
1 0.035147 0.041477 0.025000 0.046136
4 0.652500 0.066023 0.011471 0.022500
4 0.131029 0.153068 0.010882 0.021136
3 0.375147 0.221023 0.007353 0.021591
1 0.033088 0.438750 0.025588 0.043409
4 0.303971 0.059432 0.010882 0.021136
3 0.723382 0.128977 0.009706 0.019318
3 0.141029 0.519886 0.008529 0.021136
1 0.033382 0.133295 0.025000 0.044318
5 0.094559 0.308068 0.009706 0.017500
3 0.352206 0.131932 0.008529 0.020682
3 0.564265 0.131705 0.007941 0.021136
4 0.483676 0.622614 0.010294 0.021136
3 0.416029 0.042386 0.007941 0.021591
4 0.129265 0.307614 0.010882 0.022045
5 0.635735 0.526477 0.009706 0.017045
5 0.899265 0.428750 0.009706 0.017045
3 0.804853 0.527841 0.007941 0.021591
4 0.351029 0.055568 0.010882 0.021591
3 0.852794 0.198977 0.007353 0.022045
3 0.594265 0.066250 0.007941 0.021136
4 0.326618 0.411477 0.010294 0.021591
4 0.202794 0.067159 0.010882 0.022955
4 0.298382 0.221023 0.010294 0.021591
4 0.520147 0.141477 0.010294 0.021591
4 0.096324 0.234886 0.010882 0.021136
1 0.030735 0.846477 0.024412 0.046136
1 0.031912 0.639205 0.024412 0.050682
4 0.229559 0.227841 0.010294 0.021591
4 0.603971 0.220568 0.010882 0.021591
4 0.173382 0.426477 0.010882 0.021591
3 0.351618 0.310341 0.008529 0.021136
4 0.723382 0.318750 0.010882 0.021591
3 0.486029 0.414659 0.007941 0.021591
3 0.580147 0.951477 0.007941 0.020682
5 0.597794 0.408068 0.009118 0.017500
3 0.954265 0.653068 0.007941 0.021136
3 0.693971 0.629659 0.007353 0.021591
3 0.755735 0.927386 0.007353 0.021591
4 0.849853 0.307614 0.010882 0.022045
4 0.876912 0.914659 0.010882 0.021591
3 0.246618 0.936932 0.007941 0.020682
4 0.878676 0.703750 0.010882 0.021591
3 0.167206 0.604205 0.007941 0.021591
3 0.548088 0.527614 0.007353 0.021136
5 0.309559 0.506023 0.009118 0.017045
4 0.796912 0.820568 0.010882 0.021591
5 0.732794 0.527386 0.009706 0.017955
4 0.762206 0.645795 0.010882 0.021136
5 0.415441 0.415114 0.009118 0.017955
4 0.871618 0.811023 0.015588 0.020682
1 0.030735 0.743523 0.024412 0.051136
5 0.096324 0.512386 0.009706 0.017955
3 0.822500 0.430114 0.007941 0.021591
5 0.364265 0.516023 0.009118 0.017955
4 0.275147 0.426250 0.010882 0.022045
5 0.661912 0.418977 0.009118 0.017500
4 0.179265 0.231705 0.010882 0.021136
5 0.829559 0.915114 0.006765 0.017045
3 0.592794 0.622614 0.007353 0.022045
4 0.858676 0.147386 0.010882 0.021591
3 0.387206 0.915795 0.007941 0.021136
3 0.502794 0.307386 0.007353 0.021591
1 0.031912 0.335795 0.025588 0.051136
1 0.031912 0.948977 0.024412 0.043864
4 0.431618 0.913068 0.010882 0.022045
4 0.245147 0.833068 0.010882 0.021136
4 0.432500 0.808523 0.010294 0.021136
3 0.677500 0.938523 0.007353 0.021136
4 0.129853 0.611250 0.010882 0.022045
3 0.693382 0.415568 0.007353 0.021591
3 0.179853 0.514205 0.007353 0.021591
3 0.216029 0.939886 0.007941 0.021136
5 0.722794 0.415114 0.008529 0.017955
5 0.551618 0.951023 0.009706 0.017955
3 0.649265 0.941705 0.007353 0.021136
4 0.565735 0.629205 0.010882 0.021591
5 0.438529 0.512273 0.008824 0.017273
3 0.411765 0.512500 0.007059 0.021364
4 0.071765 0.949545 0.009412 0.020000
4 0.061471 0.939091 0.010000 0.020909
4 0.845588 0.652727 0.010000 0.021818
4 0.071176 0.133182 0.009412 0.020909
4 0.061471 0.122727 0.010000 0.020909
4 0.069706 0.635682 0.010000 0.020455
4 0.060000 0.625682 0.010588 0.021364
4 0.070294 0.225227 0.010000 0.020455
4 0.060882 0.214773 0.010000 0.020455
4 0.070588 0.332955 0.009412 0.020455
4 0.060882 0.322500 0.010000 0.021364
4 0.070882 0.040227 0.010000 0.020455
4 0.061471 0.030000 0.010000 0.020909
4 0.070000 0.537500 0.010588 0.020455
4 0.060294 0.527500 0.010000 0.020455
4 0.069706 0.845455 0.010000 0.020000
4 0.060294 0.835682 0.010000 0.020455
5 0.873529 0.641023 0.009412 0.021136
4 0.060441 0.429432 0.009706 0.021136
4 0.070588 0.439432 0.009412 0.021136
3 0.029853 0.527614 0.009706 0.021136
4 0.039412 0.525795 0.009412 0.021136
4 0.059853 0.729659 0.009706 0.021136
4 0.071176 0.739886 0.009412 0.021136