10 0.700029 0.984237 0.008499 0.003856
10 0.464537 0.973350 0.009379 0.002949
10 0.449590 0.971309 0.009379 0.005217
10 0.253370 0.966546 0.009086 0.002949
10 0.330158 0.965865 0.007913 0.003856
10 0.272128 0.965525 0.023154 0.004990
10 0.166911 0.964845 0.007327 0.004990
10 0.358294 0.960875 0.007913 0.004763
10 0.218787 0.952710 0.014947 0.005217
10 0.900498 0.950442 0.009086 0.003402
9 0.472304 0.948514 0.010844 0.024949
10 0.904894 0.944545 0.014361 0.005217
8 0.923652 0.958607 0.014361 0.046042
10 0.905481 0.938875 0.009672 0.004763
8 0.887603 0.952937 0.014947 0.037423
10 0.887896 0.941824 0.007327 0.003402
9 0.448564 0.949081 0.014947 0.039692
9 0.871483 0.955886 0.014361 0.043320
10 0.832210 0.935473 0.007327 0.004763
10 0.376612 0.958834 0.010551 0.006124
10 0.109760 0.878544 0.012016 0.005217
10 0.235492 0.873554 0.009086 0.003856
10 0.327227 0.870606 0.007327 0.002949
10 0.447392 0.866750 0.008499 0.005670
10 0.326934 0.864482 0.007913 0.002495
10 0.805832 0.859946 0.007913 0.003402
10 0.483148 0.859038 0.010844 0.004763
10 0.894050 0.853368 0.030774 0.005217
9 0.180686 0.856317 0.009672 0.023815
10 0.634672 0.847017 0.009086 0.004309
10 0.146102 0.882626 0.007327 0.003402
10 0.133792 0.880358 0.012016 0.003402
9 0.796161 0.839986 0.010844 0.027897
10 0.174238 0.784985 0.018464 0.005443
10 0.530920 0.781697 0.007327 0.003856
10 0.765094 0.781243 0.011430 0.004763
10 0.802608 0.779655 0.011430 0.005217
10 0.484027 0.779202 0.012016 0.004763
10 0.239302 0.779428 0.017292 0.005217
10 0.605070 0.778975 0.012603 0.004763
10 0.756887 0.769902 0.009086 0.003856
10 0.520662 0.769676 0.010258 0.003402
9 0.102140 0.748696 0.010258 0.074847
9 0.290592 0.747902 0.010844 0.074166
9 0.475821 0.746314 0.013189 0.072352
9 0.185961 0.746881 0.009086 0.078929
10 0.114742 0.678725 0.021981 0.002949
10 0.307005 0.677591 0.031360 0.004309
10 0.509818 0.661715 0.007913 0.003402
10 0.883792 0.662168 0.007913 0.004763
10 0.788834 0.660581 0.007913 0.004763
10 0.523886 0.656725 0.007913 0.004309
10 0.890240 0.649467 0.011430 0.005670
10 0.232562 0.647653 0.007913 0.002949
10 0.333382 0.648333 0.007913 0.004763
10 0.544402 0.661488 0.007913 0.002949
9 0.103165 0.636085 0.009379 0.076435
10 0.592761 0.546949 0.007913 0.002495
10 0.838804 0.546723 0.008206 0.003402
7 0.335141 0.532434 0.011430 0.011567
8 0.137896 0.531073 0.012016 0.009753
7 0.779162 0.534021 0.012016 0.016557
7 0.566090 0.534021 0.012603 0.015650
10 0.942409 0.528691 0.016120 0.004990
10 0.275059 0.501814 0.007327 0.006124
10 0.327227 0.444432 0.009086 0.005217
10 0.751612 0.440803 0.007913 0.005217
10 0.827814 0.440689 0.029015 0.006351
10 0.383499 0.440689 0.024326 0.006351
10 0.917204 0.436267 0.007327 0.004763
10 0.395223 0.434906 0.010258 0.003856
7 0.135551 0.429916 0.012603 0.016103
9 0.252491 0.429803 0.010844 0.038104
6 0.160463 0.428328 0.013189 0.024722
6 0.598329 0.427194 0.013189 0.024269
9 0.375586 0.420844 0.009672 0.036063
9 0.460287 0.408256 0.007913 0.031300
10 0.734027 0.366863 0.010844 0.005217
9 0.726993 0.350646 0.006155 0.023588
10 0.306419 0.346450 0.010258 0.006124
9 0.572538 0.335450 0.016120 0.033114
10 0.690064 0.331935 0.009672 0.002949
9 0.117966 0.332842 0.008499 0.038784
10 0.220838 0.317646 0.011430 0.003402
9 0.479631 0.325584 0.009672 0.049218
10 0.899326 0.264572 0.011430 0.005217
10 0.481096 0.252778 0.009672 0.003402
10 0.586020 0.250964 0.012016 0.004763
10 0.513628 0.231005 0.009086 0.004763
8 0.687427 0.223066 0.008499 0.019279
10 0.462925 0.167385 0.009086 0.002722
10 0.700909 0.163529 0.011430 0.003175
10 0.670721 0.164550 0.016706 0.006577
10 0.303195 0.162962 0.007327 0.005670
9 0.596864 0.141869 0.015533 0.031526
9 0.481389 0.142096 0.016706 0.032434
10 0.736958 0.082899 0.016120 0.002495
10 0.839537 0.081424 0.010258 0.003629
10 0.715856 0.081651 0.016120 0.005443
10 0.139361 0.075868 0.009672 0.006577
10 0.578107 0.067929 0.007913 0.006124
9 0.782093 0.061805 0.016120 0.031980
10 0.179807 0.047516 0.010844 0.005670
9 0.589244 0.051032 0.006741 0.029485
9 0.349502 0.051372 0.010258 0.030166
9 0.558763 0.041960 0.016120 0.038557
14 0.939185 0.976525 0.010258 0.007485
14 0.913247 0.973237 0.011137 0.007711
13 0.861225 0.972670 0.011430 0.007485
17 0.874121 0.948288 0.013189 0.004083
17 0.417644 0.970175 0.009379 0.004309
14 0.428634 0.938421 0.010844 0.007938
14 0.834555 0.969041 0.011430 0.007485
14 0.886870 0.966546 0.011723 0.007938
14 0.809203 0.965865 0.011137 0.007938
14 0.756301 0.962236 0.010844 0.007031
14 0.783265 0.959061 0.010844 0.007938
14 0.723036 0.959061 0.011723 0.007938
13 0.697245 0.955432 0.011137 0.007485
14 0.644490 0.955205 0.011137 0.007938
14 0.618845 0.951917 0.011430 0.007711
14 0.539127 0.949081 0.011430 0.007031
14 0.670868 0.948968 0.011137 0.007258
14 0.592175 0.948741 0.010844 0.007258
14 0.507474 0.945679 0.011430 0.007485
13 0.480217 0.942277 0.009672 0.007485
14 0.566383 0.942164 0.010844 0.007711
13 0.454426 0.935133 0.010844 0.007711
14 0.401524 0.935133 0.011137 0.008619
14 0.374560 0.932184 0.011137 0.007711
14 0.321952 0.932071 0.010258 0.007485
14 0.290006 0.928328 0.009086 0.008165
14 0.210580 0.925607 0.010844 0.007711
14 0.347743 0.925153 0.009672 0.007258
14 0.263042 0.924813 0.009086 0.007938
14 0.184203 0.921978 0.009672 0.007711
18 0.236958 0.918802 0.010844 0.007711
18 0.158998 0.918689 0.010844 0.007938
12 0.132767 0.915400 0.009965 0.007711
12 0.105950 0.912112 0.009086 0.007485
11 0.377345 0.867997 0.017878 0.005443
14 0.371630 0.839306 0.010551 0.007938
14 0.395809 0.835564 0.010258 0.008165
14 0.805100 0.831821 0.011137 0.007485
17 0.786049 0.865956 0.018757 0.004083
14 0.778576 0.835223 0.010258 0.007938
18 0.859027 0.865729 0.013482 0.004083
17 0.840123 0.865729 0.013775 0.004083
12 0.853898 0.825471 0.009672 0.007031
14 0.830305 0.828759 0.011137 0.008165
14 0.204132 0.856884 0.010258 0.007258
14 0.229045 0.850079 0.009672 0.007258
14 0.180100 0.850079 0.009086 0.007258
14 0.633206 0.849172 0.009086 0.006351
14 0.254689 0.846904 0.011723 0.008165
14 0.290299 0.843275 0.010258 0.007711
14 0.345399 0.843048 0.011430 0.008165
14 0.670428 0.842595 0.010844 0.007711
14 0.155920 0.839873 0.009965 0.008165
14 0.321073 0.839079 0.010844 0.008392
14 0.695487 0.838626 0.010551 0.007938
14 0.608294 0.838626 0.010844 0.007938
14 0.721131 0.834656 0.010258 0.007711
14 0.130715 0.833522 0.011137 0.008165
14 0.753957 0.832048 0.011430 0.007938
14 0.583968 0.832048 0.011430 0.007938
14 0.421307 0.831935 0.012016 0.008165
14 0.445926 0.828306 0.009672 0.008165
14 0.104484 0.826831 0.009086 0.007485
14 0.469812 0.825244 0.010551 0.007485
14 0.558470 0.824904 0.009672 0.007258
14 0.879689 0.822182 0.009672 0.007711
12 0.495164 0.821842 0.009672 0.007938
18 0.916911 0.819574 0.010258 0.007031
18 0.534144 0.818666 0.011430 0.007485
18 0.942849 0.815718 0.010551 0.007938
11 0.869725 0.766387 0.013189 0.006804
14 0.880862 0.735995 0.010258 0.007711
14 0.233148 0.764232 0.010258 0.006124
13 0.147128 0.764459 0.011137 0.007031
13 0.333382 0.763552 0.010258 0.006124
14 0.415739 0.763665 0.009672 0.006804
14 0.657825 0.763212 0.010844 0.006804
14 0.689185 0.760377 0.011430 0.007485
14 0.719080 0.757201 0.011430 0.007031
14 0.750440 0.753799 0.012016 0.007485
14 0.779748 0.750737 0.009672 0.007258
14 0.628224 0.750284 0.011430 0.007258
14 0.820926 0.743819 0.009965 0.007485
14 0.850967 0.739510 0.011430 0.007485
14 0.566970 0.739056 0.010844 0.007938
14 0.596864 0.738716 0.010844 0.008165
14 0.909877 0.732706 0.009672 0.007485
14 0.940064 0.729871 0.010258 0.007711
14 0.537661 0.729190 0.009672 0.007258
14 0.507767 0.726128 0.010844 0.007485
12 0.104191 0.717169 0.009086 0.007711
12 0.292790 0.716716 0.009965 0.007711
18 0.476993 0.716489 0.010258 0.007711
18 0.190944 0.713314 0.010844 0.007711
18 0.263042 0.712747 0.010844 0.007485
18 0.374414 0.712520 0.010844 0.007485
18 0.445047 0.712293 0.010258 0.007485
14 0.880862 0.622930 0.010258 0.007485
14 0.537515 0.659673 0.008792 0.007485
14 0.536489 0.616580 0.009672 0.007031
13 0.146102 0.651055 0.009672 0.007031
13 0.332796 0.650488 0.009672 0.006804
14 0.231829 0.650601 0.009379 0.007031
13 0.416032 0.650374 0.009672 0.007031
14 0.657093 0.649921 0.009965 0.007031
14 0.688892 0.646972 0.010258 0.007485
14 0.719373 0.643683 0.011430 0.007711
14 0.749707 0.640395 0.011137 0.007485
13 0.780334 0.637219 0.011430 0.007485
14 0.627784 0.636766 0.011137 0.007031
14 0.821366 0.630415 0.010258 0.007485
14 0.850967 0.626559 0.011430 0.007485
14 0.597450 0.626106 0.010844 0.007938
14 0.567263 0.626106 0.011430 0.007938
14 0.909877 0.620549 0.010844 0.007258
14 0.939918 0.613518 0.011137 0.007258
14 0.508060 0.612951 0.011430 0.007938
12 0.105217 0.603538 0.009379 0.007258
12 0.292644 0.603085 0.009672 0.007258
18 0.477579 0.602971 0.010258 0.007485
18 0.374707 0.600136 0.010844 0.006804
18 0.445633 0.599796 0.010844 0.007485
18 0.262456 0.599796 0.011430 0.007485
18 0.191823 0.599796 0.010844 0.007485
14 0.254543 0.510433 0.009086 0.008392
14 0.163101 0.541052 0.011430 0.007938
13 0.361811 0.537650 0.011430 0.007031
14 0.182005 0.534248 0.011723 0.007938
14 0.387163 0.531073 0.009379 0.007031
14 0.198564 0.527784 0.010844 0.007711
14 0.591002 0.524042 0.011430 0.007031
14 0.669842 0.523928 0.010844 0.007258
14 0.813159 0.520866 0.011430 0.007938
14 0.404601 0.517691 0.010258 0.007485
14 0.235932 0.517804 0.009965 0.007711
14 0.854484 0.517237 0.010844 0.007485
13 0.829279 0.517578 0.010844 0.008165
14 0.687427 0.517124 0.009672 0.007258
14 0.217028 0.517578 0.010258 0.008165
14 0.610199 0.516897 0.011137 0.007711
14 0.440651 0.513382 0.009672 0.007938
14 0.422186 0.513268 0.010258 0.007711
14 0.709994 0.509639 0.009086 0.008619
14 0.633206 0.509072 0.010258 0.008392
12 0.752784 0.506577 0.011430 0.007485
11 0.467468 0.506464 0.011137 0.007711
14 0.734906 0.506237 0.010844 0.007711
14 0.272128 0.503969 0.009086 0.008165
14 0.888042 0.503516 0.008792 0.008165
14 0.870897 0.503742 0.010844 0.008619
18 0.906653 0.500000 0.010844 0.007485
14 0.650645 0.499206 0.009965 0.007711
11 0.112251 0.497959 0.010551 0.008392
11 0.932151 0.497165 0.009086 0.008165
18 0.958236 0.493423 0.010844 0.007485
18 0.308470 0.493536 0.010258 0.007711
18 0.290006 0.493309 0.010844 0.008165
18 0.486079 0.492969 0.011430 0.007938
18 0.506008 0.489567 0.011430 0.007938
12 0.540006 0.489227 0.010258 0.008165
11 0.390387 0.440463 0.008206 0.004990
14 0.402257 0.404967 0.010844 0.008846
13 0.193581 0.439555 0.009672 0.007258
14 0.636870 0.438195 0.011137 0.007258
14 0.208822 0.432978 0.009672 0.006804
14 0.654601 0.431617 0.011430 0.006804
13 0.232268 0.429803 0.009672 0.007711
14 0.671747 0.428895 0.010551 0.007711
14 0.253370 0.426174 0.009672 0.006804
14 0.697392 0.425267 0.010258 0.006804
14 0.275645 0.422772 0.010844 0.007711
14 0.720545 0.422205 0.010844 0.007485
14 0.765387 0.419029 0.010258 0.007485
14 0.741794 0.418916 0.010551 0.007258
14 0.318581 0.419029 0.011137 0.007485
14 0.296454 0.419029 0.010258 0.007485
14 0.789273 0.415854 0.011137 0.007485
14 0.340709 0.415627 0.010844 0.007938
14 0.812280 0.412452 0.010258 0.007031
14 0.365621 0.412225 0.010258 0.007485
14 0.827960 0.408483 0.011137 0.007258
13 0.380275 0.408483 0.010258 0.007258
14 0.844080 0.405194 0.010551 0.008392
14 0.894930 0.402019 0.011430 0.007485
14 0.868406 0.402019 0.011137 0.007485
14 0.448417 0.401678 0.009965 0.007711
14 0.423505 0.401678 0.009379 0.007711
14 0.909877 0.398843 0.009672 0.008392
14 0.462925 0.398730 0.010258 0.008165
14 0.956917 0.395555 0.009965 0.007711
12 0.932737 0.395214 0.009672 0.007485
14 0.484760 0.395214 0.009379 0.007485
14 0.508353 0.394988 0.010844 0.007485
12 0.112691 0.392833 0.010844 0.008619
11 0.540299 0.391245 0.010258 0.008165
11 0.942116 0.350533 0.009086 0.004763
14 0.955012 0.304604 0.010258 0.007258
14 0.936841 0.308460 0.009086 0.008165
13 0.137016 0.351554 0.010844 0.007711
13 0.163394 0.347584 0.010844 0.006577
13 0.183617 0.344976 0.011430 0.007711
12 0.733441 0.344863 0.011430 0.007938
13 0.202960 0.341687 0.010258 0.006577
13 0.110785 0.338739 0.011137 0.007485
13 0.224648 0.338512 0.010258 0.007485
13 0.754250 0.338512 0.010844 0.007938
13 0.661635 0.338285 0.010844 0.007938
13 0.689185 0.335223 0.009672 0.007258
13 0.774472 0.331935 0.011430 0.007485
13 0.709115 0.331821 0.010844 0.007711
13 0.251026 0.331821 0.011430 0.007711
13 0.579719 0.331481 0.011137 0.008392
13 0.796454 0.328759 0.010844 0.007485
13 0.506594 0.328192 0.011430 0.007258
13 0.277696 0.328079 0.009672 0.007031
13 0.608148 0.328079 0.011723 0.007938
13 0.636430 0.327852 0.010844 0.007938
13 0.300557 0.324790 0.010844 0.007711
14 0.901964 0.322182 0.010844 0.007485
13 0.816676 0.321615 0.010258 0.007711
13 0.321366 0.321275 0.011430 0.007938
13 0.532386 0.317192 0.011430 0.007938
14 0.920428 0.314811 0.009086 0.008165
13 0.426583 0.314244 0.009672 0.007938
13 0.345399 0.314130 0.010258 0.008165
13 0.837632 0.314017 0.009965 0.008392
13 0.552902 0.313677 0.010258 0.008165
13 0.452814 0.310615 0.009379 0.007938
13 0.855363 0.307326 0.010258 0.008619
13 0.481243 0.307099 0.009965 0.008165
13 0.880422 0.304151 0.010551 0.007711
13 0.366354 0.303810 0.011137 0.007485
13 0.401377 0.303357 0.010844 0.007938
13 0.935668 0.244500 0.010844 0.007258
13 0.105070 0.240871 0.009672 0.006804
13 0.250440 0.240644 0.009672 0.006804
13 0.953839 0.240758 0.010844 0.007485
13 0.376465 0.239850 0.009672 0.007485
13 0.134965 0.237582 0.010844 0.007485
13 0.868113 0.237355 0.011137 0.007485
13 0.435082 0.236902 0.010844 0.007485
13 0.406360 0.236562 0.009672 0.007711
13 0.454426 0.233386 0.009672 0.006804
13 0.269930 0.233613 0.009965 0.007258
13 0.163101 0.233726 0.009672 0.007485
13 0.513042 0.233386 0.009672 0.007258
13 0.887896 0.230665 0.011430 0.007711
13 0.290592 0.230324 0.011430 0.007485
13 0.533851 0.229984 0.011430 0.007711
13 0.916032 0.227489 0.009086 0.006804
13 0.475381 0.227149 0.011137 0.007031
13 0.183617 0.227376 0.010844 0.007485
13 0.777550 0.227149 0.011137 0.007485
13 0.553195 0.226695 0.011430 0.007485
13 0.807737 0.223860 0.009965 0.007258
13 0.319314 0.223633 0.011430 0.007711
13 0.582503 0.223293 0.011430 0.007938
13 0.212339 0.220458 0.010844 0.007258
13 0.690064 0.219891 0.009672 0.007031
13 0.338072 0.220005 0.010258 0.007711
13 0.837778 0.220118 0.009672 0.008392
13 0.232268 0.216262 0.010844 0.007938
13 0.601846 0.215922 0.011430 0.007711
13 0.493992 0.216035 0.011430 0.007938
13 0.357122 0.215922 0.010844 0.007711
13 0.719959 0.215695 0.010844 0.008165
13 0.748974 0.212633 0.010258 0.008392
13 0.621776 0.205489 0.010258 0.008165
13 0.670428 0.201633 0.010258 0.007711
13 0.105803 0.153890 0.011723 0.007938
13 0.254836 0.147086 0.010844 0.007485
13 0.135258 0.147086 0.010844 0.007938
12 0.526524 0.143457 0.011430 0.007031
13 0.273593 0.143683 0.009672 0.007485
13 0.645223 0.143457 0.010844 0.007485
12 0.405334 0.143457 0.011137 0.007485
13 0.154308 0.140281 0.011430 0.007938
13 0.452081 0.140054 0.011430 0.007938
13 0.569607 0.139828 0.012016 0.007938
14 0.502491 0.139941 0.011430 0.008165
14 0.620750 0.139714 0.011723 0.008165
13 0.292937 0.136539 0.010844 0.007711
13 0.677755 0.136425 0.010258 0.007938
13 0.205598 0.133023 0.010844 0.007485
13 0.809349 0.132910 0.010844 0.007711
13 0.174238 0.132797 0.010258 0.007938
13 0.830158 0.129621 0.010258 0.007938
13 0.696952 0.129508 0.009379 0.007711
13 0.224795 0.129848 0.011137 0.008392
13 0.313159 0.129508 0.010258 0.008165
13 0.863570 0.126219 0.011430 0.007485
13 0.763335 0.123157 0.010258 0.008165
13 0.342468 0.122930 0.009672 0.007711
13 0.730070 0.122930 0.009965 0.008619
13 0.888189 0.119868 0.010258 0.007485
13 0.784437 0.119868 0.010258 0.007938
13 0.361811 0.119528 0.010258 0.007258
18 0.921307 0.113064 0.011430 0.007485
12 0.944461 0.110569 0.010844 0.008392
13 0.105363 0.066228 0.011430 0.007711
12 0.837192 0.059991 0.010844 0.007485
12 0.701495 0.059424 0.011430 0.007258
13 0.129689 0.059537 0.010844 0.007938
13 0.241940 0.059197 0.011430 0.007711
14 0.947245 0.057269 0.009965 0.007031
13 0.889361 0.057042 0.010844 0.007031
14 0.809642 0.056929 0.009672 0.007258
13 0.752784 0.056362 0.010844 0.007031
13 0.152257 0.053073 0.011430 0.007711
13 0.377931 0.052620 0.011430 0.007711
13 0.646395 0.052506 0.011430 0.007938
13 0.265094 0.052506 0.012016 0.007938
13 0.622655 0.049331 0.010844 0.007031
12 0.177755 0.049444 0.009672 0.007258
13 0.288101 0.049104 0.010551 0.007031
12 0.313892 0.045815 0.011137 0.007711
13 0.216589 0.045702 0.011137 0.007938
13 0.402550 0.041960 0.010258 0.006804
13 0.595399 0.042186 0.010258 0.007711
13 0.352140 0.042186 0.010258 0.007711
13 0.427755 0.038331 0.010258 0.007711
13 0.569168 0.035382 0.011137 0.008619
13 0.496923 0.034815 0.010258 0.007485
12 0.456770 0.034929 0.010844 0.008165
13 0.546161 0.028578 0.010258 0.007711
13 0.523007 0.024949 0.011430 0.007711
5 0.444314 0.031640 0.008792 0.017011
5 0.734906 0.209231 0.007913 0.015196
3 0.388189 0.303924 0.006741 0.019959
3 0.483001 0.035722 0.007620 0.020640
3 0.715416 0.122363 0.007620 0.021547
4 0.748388 0.122363 0.009672 0.021093
3 0.304660 0.223066 0.006741 0.019279
3 0.739302 0.056362 0.007327 0.020640
4 0.191237 0.133477 0.010258 0.021093
4 0.555246 0.139601 0.010258 0.021093
4 0.874414 0.056816 0.010258 0.021093
4 0.329572 0.122363 0.010258 0.021093
4 0.199150 0.221025 0.009086 0.020186
3 0.848329 0.126219 0.007913 0.020186
5 0.472011 0.391359 0.008499 0.015196
5 0.853898 0.233953 0.009086 0.017011
3 0.622655 0.327852 0.006741 0.019732
3 0.493699 0.328533 0.007913 0.020186
1 0.037075 0.060445 0.023740 0.051032
4 0.945047 0.493763 0.009086 0.019959
1 0.038101 0.534702 0.025205 0.050578
1 0.039420 0.154117 0.024326 0.050578
1 0.038540 0.237582 0.024326 0.050578
3 0.785317 0.328986 0.007327 0.019732
5 0.763335 0.223066 0.008499 0.016557
4 0.421893 0.236448 0.009086 0.020186
5 0.649033 0.335110 0.007913 0.016103
5 0.593933 0.324904 0.007913 0.015196
3 0.437134 0.140054 0.007327 0.021547
3 0.569314 0.223066 0.007327 0.020186
4 0.793816 0.223293 0.009672 0.019732
1 0.038540 0.430370 0.024326 0.050578
3 0.867087 0.304264 0.006741 0.020640
5 0.466735 0.303130 0.007913 0.014743
4 0.374121 0.530846 0.009086 0.020640
4 0.663980 0.137106 0.010844 0.021093
3 0.799091 0.520413 0.006741 0.019732
3 0.393171 0.236448 0.006741 0.020186
3 0.099795 0.394080 0.007327 0.016557
4 0.121483 0.146859 0.010258 0.021093
5 0.654455 0.199025 0.009379 0.017011
3 0.096571 0.497505 0.006155 0.019279
5 0.902550 0.223974 0.009086 0.017011
4 0.806419 0.743819 0.010258 0.021093
5 0.927755 0.302450 0.007327 0.013382
4 0.805100 0.630642 0.011137 0.020640
4 0.721131 0.506918 0.009086 0.019959
3 0.518025 0.818213 0.007327 0.021093
1 0.038247 0.338739 0.024326 0.050578
3 0.675410 0.334656 0.006741 0.021547
3 0.175996 0.600249 0.007327 0.020186
3 0.181272 0.438762 0.007327 0.019279
4 0.906800 0.113291 0.010551 0.020640
4 0.149033 0.234180 0.009672 0.020640
1 0.039713 0.960195 0.024326 0.050578
1 0.039127 0.761737 0.024326 0.050125
4 0.656946 0.842708 0.010844 0.021547
1 0.040006 0.861306 0.024326 0.050578
3 0.220252 0.429236 0.006741 0.020186
5 0.098036 0.335790 0.007913 0.016103
3 0.903722 0.819120 0.007327 0.020640
1 0.039127 0.648106 0.023740 0.050578
3 0.684789 0.425834 0.007327 0.019732
4 0.120311 0.237355 0.009672 0.019732
3 0.526817 0.391812 0.006741 0.020186
5 0.566090 0.328533 0.008499 0.016103
4 0.276524 0.843956 0.010844 0.021774
3 0.680246 0.220458 0.007034 0.019506
3 0.706624 0.215695 0.005862 0.018145
5 0.264361 0.324563 0.007034 0.015423
4 0.289859 0.325017 0.008792 0.018598
3 0.439039 0.312769 0.005862 0.015423
5 0.413834 0.310728 0.007034 0.014969
3 0.776671 0.415060 0.006448 0.019052
4 0.800410 0.411885 0.008206 0.019052
5 0.124853 0.348605 0.007034 0.014969
4 0.150059 0.347925 0.008206 0.019052
5 0.332356 0.310501 0.007034 0.014969
5 0.353458 0.300975 0.007034 0.014969
3 0.329426 0.414606 0.006448 0.019959
4 0.352286 0.411885 0.008792 0.019052
4 0.074443 0.955999 0.009965 0.020413
4 0.065064 0.946020 0.009965 0.020413
4 0.072392 0.335223 0.009965 0.020866
4 0.063013 0.325244 0.009965 0.019959
4 0.072098 0.150374 0.009379 0.020413
4 0.063306 0.139941 0.009379 0.020413
4 0.072392 0.056249 0.009379 0.019959
4 0.063306 0.046042 0.009965 0.020413
3 0.944314 0.395214 0.006448 0.019279
5 0.920574 0.391926 0.007034 0.014969
4 0.071805 0.234067 0.009379 0.019959
4 0.062134 0.223860 0.009965 0.020413
4 0.435522 0.401452 0.008792 0.019506
3 0.413834 0.400544 0.006448 0.018598
4 0.072978 0.757768 0.009379 0.019506
4 0.064185 0.748015 0.009379 0.020866
4 0.073564 0.857791 0.009965 0.020866
4 0.064185 0.847584 0.009965 0.020413
4 0.072098 0.531413 0.009379 0.019506
4 0.063306 0.521093 0.009379 0.020640
4 0.071512 0.426174 0.009965 0.020413
4 0.062720 0.415967 0.009965 0.019959
3 0.284730 0.417215 0.007913 0.020186
3 0.305979 0.417668 0.007620 0.020186
4 0.061987 0.634044 0.007913 0.020186
4 0.073564 0.644477 0.007620 0.020186