10 0.940487 0.975839 0.009381 0.002495
9 0.854588 0.969487 0.015831 0.023820
9 0.729258 0.954174 0.007329 0.022686
9 0.253152 0.951792 0.009675 0.041515
10 0.135298 0.938634 0.007329 0.006579
9 0.103049 0.944873 0.006157 0.036298
10 0.469217 0.931828 0.009088 0.005218
10 0.211228 0.964950 0.009088 0.002495
9 0.820727 0.949297 0.016711 0.043330
10 0.108326 0.931375 0.007329 0.006579
10 0.374524 0.966538 0.012020 0.002495
9 0.637790 0.888044 0.010847 0.009755
9 0.227792 0.878289 0.011727 0.009755
9 0.208443 0.878516 0.016417 0.010209
10 0.915714 0.875113 0.009088 0.004764
9 0.615215 0.869102 0.011434 0.029946
9 0.869979 0.860027 0.009088 0.031760
9 0.153914 0.856397 0.005863 0.036298
9 0.376283 0.855263 0.009088 0.038566
9 0.104808 0.860821 0.012606 0.045145
10 0.195544 0.785163 0.011140 0.003630
10 0.873204 0.782101 0.012606 0.005672
8 0.103489 0.787545 0.014658 0.023820
8 0.240692 0.787319 0.014658 0.023820
10 0.916593 0.775975 0.021988 0.005218
9 0.841982 0.765426 0.007036 0.024047
9 0.544562 0.765767 0.010847 0.025181
9 0.524919 0.761910 0.016124 0.032895
9 0.823072 0.760776 0.012020 0.033802
9 0.862650 0.761570 0.014952 0.031760
9 0.566843 0.761456 0.009675 0.033348
10 0.487980 0.782101 0.007916 0.003403
9 0.648930 0.757146 0.008502 0.044691
10 0.871152 0.684778 0.012606 0.002495
10 0.794049 0.679787 0.008502 0.004764
10 0.193052 0.669691 0.010847 0.004991
8 0.702580 0.660730 0.014365 0.023820
8 0.103928 0.661184 0.014365 0.023367
8 0.263412 0.661184 0.013193 0.023820
8 0.839490 0.660957 0.014952 0.024728
8 0.403254 0.660504 0.013779 0.023820
8 0.538405 0.660504 0.014365 0.023367
10 0.586778 0.620576 0.011434 0.002949
10 0.573879 0.620349 0.011434 0.003403
9 0.619027 0.638952 0.017297 0.041515
10 0.571533 0.575204 0.008502 0.006579
10 0.429933 0.569760 0.007916 0.005672
10 0.341982 0.591084 0.012606 0.003857
10 0.314717 0.590517 0.008502 0.004537
10 0.387130 0.560912 0.009088 0.005218
10 0.568015 0.554787 0.008502 0.006579
9 0.948549 0.525295 0.010847 0.048775
9 0.739519 0.540948 0.011434 0.080082
10 0.668572 0.577246 0.010261 0.003403
10 0.656552 0.576792 0.013193 0.004310
9 0.289944 0.541175 0.011727 0.080535
9 0.960422 0.535050 0.013486 0.070100
10 0.882586 0.456783 0.007329 0.002949
7 0.450748 0.451338 0.007916 0.010662
10 0.160510 0.436593 0.010261 0.007033
8 0.186309 0.447255 0.017297 0.039247
10 0.249634 0.425250 0.007916 0.002949
9 0.441366 0.432849 0.010261 0.031760
8 0.757696 0.434778 0.010847 0.036525
10 0.341395 0.417763 0.012020 0.004764
10 0.378042 0.416856 0.020815 0.005672
8 0.855907 0.420712 0.013779 0.033348
10 0.281003 0.372164 0.011434 0.004764
10 0.779097 0.365812 0.010847 0.004764
10 0.183377 0.357418 0.010847 0.004764
10 0.681765 0.347210 0.009675 0.007033
10 0.178393 0.338589 0.007916 0.003403
10 0.299472 0.339270 0.009675 0.006125
10 0.115948 0.339950 0.007329 0.002495
10 0.592055 0.332010 0.017883 0.006579
10 0.174582 0.328834 0.007329 0.005672
9 0.862650 0.332577 0.010261 0.038566
9 0.186895 0.347663 0.012020 0.025181
9 0.473028 0.326679 0.013193 0.048094
9 0.499120 0.330876 0.013779 0.041969
10 0.782908 0.269397 0.008502 0.003403
10 0.245822 0.250113 0.009675 0.005672
10 0.727792 0.243308 0.009675 0.006579
10 0.730431 0.269623 0.009088 0.006579
9 0.863090 0.239451 0.016417 0.035617
10 0.598505 0.235594 0.011434 0.003403
10 0.157578 0.241493 0.010261 0.004310
9 0.484462 0.229696 0.007329 0.024728
10 0.218264 0.186819 0.010261 0.007033
10 0.228819 0.186139 0.009088 0.006579
10 0.660950 0.181602 0.010261 0.003403
10 0.379801 0.165268 0.009675 0.004310
10 0.814571 0.163680 0.010261 0.004764
7 0.795808 0.159369 0.010261 0.024728
10 0.696717 0.153471 0.012606 0.006579
10 0.868220 0.149614 0.012020 0.002949
10 0.570067 0.146552 0.014952 0.005445
6 0.947669 0.150295 0.012606 0.026543
6 0.501759 0.149614 0.012020 0.025181
10 0.893873 0.123525 0.008209 0.006125
10 0.860305 0.122391 0.007916 0.006579
9 0.947376 0.068625 0.010261 0.026543
10 0.585899 0.065903 0.007329 0.006125
10 0.407945 0.051838 0.007916 0.002495
10 0.556288 0.039927 0.009088 0.006352
10 0.487394 0.055694 0.016711 0.003403
10 0.460422 0.056602 0.012020 0.005218
10 0.473615 0.032554 0.010261 0.005218
9 0.400322 0.039133 0.012606 0.033348
12 0.678687 0.968013 0.008209 0.003176
13 0.690560 0.931602 0.010261 0.007940
13 0.520962 0.965517 0.005277 0.005445
13 0.522867 0.934211 0.010261 0.007713
13 0.873204 0.956103 0.010847 0.007486
13 0.893286 0.949750 0.009968 0.007486
13 0.934184 0.949410 0.010847 0.008167
13 0.735561 0.948730 0.009968 0.007713
13 0.846673 0.948730 0.009968 0.008167
13 0.599971 0.945440 0.009675 0.007940
13 0.277485 0.944192 0.009675 0.007713
13 0.955878 0.941924 0.010847 0.007713
13 0.801964 0.941016 0.010261 0.007713
13 0.758429 0.941016 0.009381 0.007713
13 0.713720 0.941130 0.010847 0.007940
13 0.913075 0.941016 0.010847 0.008167
13 0.445177 0.941016 0.010847 0.008621
13 0.201700 0.940222 0.009381 0.007940
13 0.133539 0.939995 0.009088 0.007940
13 0.672970 0.938294 0.010261 0.008167
13 0.625183 0.938067 0.009675 0.007713
13 0.365435 0.937840 0.010847 0.008167
13 0.300645 0.937727 0.010261 0.008394
13 0.255497 0.937273 0.010261 0.007486
13 0.577103 0.937387 0.009675 0.008167
13 0.421724 0.933984 0.009675 0.007713
13 0.157725 0.933984 0.009381 0.007713
13 0.824685 0.933643 0.010554 0.007940
13 0.780856 0.933303 0.010261 0.007713
13 0.468191 0.933530 0.009968 0.008167
13 0.107153 0.932623 0.009088 0.007713
13 0.653034 0.931715 0.009088 0.007713
13 0.223541 0.930694 0.009675 0.007940
13 0.178980 0.930240 0.009675 0.008394
18 0.545001 0.926951 0.010554 0.007713
18 0.387716 0.926611 0.010847 0.007486
18 0.332307 0.926611 0.011434 0.007486
18 0.501173 0.926611 0.011434 0.007940
13 0.740692 0.871143 0.010261 0.006806
13 0.562152 0.868194 0.010847 0.007713
13 0.716945 0.865018 0.011434 0.007260
13 0.580475 0.860368 0.009968 0.007486
13 0.421870 0.860254 0.010554 0.007260
13 0.623278 0.860027 0.009968 0.007713
13 0.535180 0.859800 0.009675 0.007713
13 0.851510 0.857078 0.010261 0.008167
13 0.288625 0.855944 0.010261 0.006352
13 0.684697 0.856511 0.009675 0.007940
13 0.444298 0.854129 0.009675 0.007260
13 0.645412 0.853448 0.009675 0.007260
13 0.489446 0.853448 0.009675 0.007713
13 0.601143 0.852881 0.010261 0.007940
12 0.400616 0.852654 0.010261 0.007486
13 0.786133 0.852654 0.010847 0.007940
13 0.137350 0.851860 0.009088 0.007713
13 0.939021 0.850726 0.009968 0.007713
13 0.872325 0.850272 0.009675 0.008167
13 0.359719 0.850159 0.010554 0.007940
12 0.829522 0.849251 0.009675 0.007033
13 0.310759 0.849251 0.009968 0.007486
13 0.265465 0.849251 0.009675 0.007486
13 0.511727 0.846075 0.009675 0.007486
13 0.467898 0.846075 0.010554 0.007486
13 0.211522 0.845848 0.009675 0.007940
12 0.105541 0.844601 0.009381 0.007713
13 0.159044 0.844374 0.010261 0.008167
13 0.378628 0.842219 0.009675 0.007486
13 0.338464 0.842105 0.010261 0.007260
12 0.806948 0.841311 0.010261 0.007033
13 0.761800 0.841878 0.010261 0.008167
12 0.960862 0.838929 0.009675 0.007713
12 0.908238 0.838362 0.009968 0.007940
12 0.235268 0.837908 0.009088 0.007486
12 0.190413 0.837795 0.009675 0.007713
13 0.129874 0.787999 0.009381 0.006579
13 0.329376 0.787545 0.010261 0.007033
13 0.194957 0.787772 0.009968 0.007486
13 0.260481 0.787545 0.010261 0.007486
17 0.937555 0.781647 0.017590 0.003403
11 0.916154 0.781534 0.018763 0.003176
13 0.933451 0.752042 0.009381 0.008167
11 0.690853 0.781874 0.016124 0.003857
13 0.701114 0.754764 0.011434 0.008167
14 0.763999 0.780966 0.015831 0.006579
12 0.768836 0.754310 0.010847 0.008167
18 0.748607 0.780740 0.007329 0.006125
13 0.151715 0.762591 0.011434 0.007940
13 0.217092 0.762250 0.010847 0.007713
12 0.173410 0.762024 0.010261 0.007713
13 0.847699 0.759301 0.010261 0.007713
13 0.545588 0.758848 0.009968 0.007260
13 0.478892 0.754651 0.010261 0.007940
13 0.411756 0.754310 0.010847 0.007713
13 0.523747 0.752042 0.010847 0.008167
13 0.867341 0.751815 0.009675 0.008167
13 0.823952 0.751361 0.009675 0.007260
13 0.633685 0.751248 0.010261 0.007033
13 0.568455 0.750794 0.009968 0.007940
13 0.435210 0.748072 0.010847 0.007940
13 0.721636 0.747731 0.010261 0.007713
13 0.677221 0.747505 0.009381 0.007713
13 0.389768 0.747051 0.009088 0.007713
13 0.455731 0.745236 0.009675 0.007260
18 0.747435 0.744782 0.010261 0.007260
12 0.500586 0.744555 0.010261 0.007713
18 0.790531 0.744328 0.010847 0.008167
18 0.955292 0.741266 0.010847 0.007486
18 0.600850 0.741039 0.010261 0.007486
18 0.900762 0.740585 0.010847 0.007486
18 0.655380 0.740585 0.010261 0.007486
12 0.307681 0.738317 0.010261 0.007940
12 0.285693 0.738090 0.009675 0.007486
12 0.351070 0.737976 0.010261 0.007713
13 0.139109 0.690676 0.009675 0.008394
13 0.217532 0.689655 0.010554 0.006806
13 0.637350 0.685912 0.011727 0.007940
13 0.636910 0.670939 0.011434 0.007940
13 0.560833 0.685912 0.011727 0.008394
13 0.560100 0.670939 0.010261 0.007486
14 0.723981 0.675136 0.004984 0.005898
13 0.725300 0.657895 0.010554 0.007713
13 0.814571 0.632486 0.010261 0.008167
18 0.776312 0.672414 0.012899 0.003176
17 0.734389 0.672868 0.011140 0.004083
12 0.745969 0.632827 0.010261 0.008394
13 0.425682 0.674456 0.010554 0.007713
17 0.433890 0.626588 0.006450 0.005445
13 0.492378 0.674342 0.010847 0.007940
13 0.357813 0.671279 0.011434 0.007713
13 0.290091 0.671166 0.010847 0.007940
13 0.194371 0.667763 0.010554 0.006125
13 0.193785 0.657554 0.010554 0.007486
13 0.171651 0.668103 0.010847 0.006806
13 0.171064 0.657554 0.010847 0.007486
13 0.240838 0.668103 0.010847 0.007260
13 0.240838 0.657441 0.010847 0.007713
13 0.310026 0.661298 0.010847 0.006352
13 0.309293 0.646779 0.009381 0.007260
13 0.333480 0.661298 0.010847 0.006806
13 0.332747 0.647005 0.010554 0.007260
13 0.379214 0.661411 0.010847 0.007486
13 0.378775 0.647119 0.008795 0.005218
13 0.934184 0.660844 0.010261 0.007260
13 0.860598 0.660617 0.010847 0.007260
13 0.448989 0.658008 0.012020 0.007940
13 0.448402 0.646779 0.010261 0.006352
13 0.515538 0.657554 0.011434 0.007940
13 0.514952 0.646438 0.009088 0.006579
13 0.470683 0.657781 0.010847 0.008394
13 0.470390 0.646779 0.010261 0.007260
13 0.791117 0.657214 0.011434 0.008167
13 0.613896 0.654265 0.011140 0.007260
13 0.614336 0.635662 0.009675 0.007260
13 0.658311 0.654038 0.010847 0.007713
13 0.658898 0.635549 0.010847 0.007033
13 0.590736 0.654038 0.010554 0.007713
13 0.590296 0.635322 0.010847 0.007486
13 0.956611 0.647459 0.008209 0.006352
13 0.956758 0.629764 0.010847 0.007713
13 0.914541 0.646892 0.008502 0.007033
13 0.913808 0.628289 0.009968 0.007940
13 0.892260 0.646552 0.008502 0.006352
13 0.891674 0.629537 0.009675 0.007713
18 0.162269 0.638385 0.009675 0.006352
13 0.767810 0.633167 0.009968 0.008167
18 0.296834 0.591198 0.010847 0.004083
18 0.336412 0.590744 0.024919 0.005445
12 0.356787 0.569873 0.009968 0.007260
11 0.334213 0.546166 0.009968 0.007940
13 0.313691 0.590404 0.011140 0.006125
12 0.313251 0.569646 0.009675 0.007260
17 0.778657 0.589723 0.010554 0.006125
11 0.787013 0.545485 0.012020 0.007940
11 0.799033 0.588816 0.012606 0.005218
12 0.809147 0.568966 0.010554 0.007713
12 0.108033 0.574977 0.005570 0.004764
13 0.764878 0.569533 0.009968 0.007033
12 0.465553 0.564882 0.009968 0.008621
14 0.475081 0.520417 0.009675 0.006806
12 0.385957 0.563067 0.009675 0.007260
12 0.841835 0.562046 0.010261 0.007033
11 0.844181 0.583031 0.012606 0.005445
13 0.856787 0.555467 0.009675 0.006579
14 0.499414 0.560458 0.008502 0.008848
12 0.944884 0.558870 0.007622 0.009301
13 0.217971 0.556488 0.010261 0.006352
13 0.173996 0.556488 0.010261 0.006806
13 0.128848 0.556602 0.010261 0.007033
13 0.715040 0.556261 0.009381 0.006806
13 0.268836 0.556602 0.011140 0.007486
13 0.401055 0.556261 0.009968 0.007260
13 0.659924 0.555694 0.009381 0.007033
13 0.612430 0.556034 0.009968 0.007713
13 0.567136 0.555581 0.009675 0.006806
14 0.417326 0.546166 0.011434 0.007940
14 0.873644 0.545712 0.011727 0.007940
14 0.441806 0.539474 0.010554 0.007713
14 0.898124 0.538907 0.009088 0.007940
14 0.458956 0.530853 0.010261 0.008621
14 0.912196 0.529832 0.009088 0.007940
13 0.245969 0.523934 0.009968 0.007486
13 0.692319 0.522346 0.011434 0.007940
13 0.153621 0.520644 0.009968 0.008621
14 0.926268 0.520077 0.010261 0.008394
13 0.590589 0.519397 0.009675 0.007940
12 0.948402 0.513158 0.008795 0.007713
12 0.498094 0.512931 0.009381 0.008167
12 0.104808 0.508167 0.009088 0.008167
12 0.193052 0.507260 0.009675 0.008167
18 0.740399 0.506579 0.010261 0.007260
12 0.290824 0.506806 0.009968 0.007713
18 0.545734 0.506352 0.010261 0.007713
12 0.514658 0.505898 0.010261 0.006806
12 0.961155 0.506012 0.009675 0.007940
12 0.638962 0.506125 0.009088 0.008621
13 0.134271 0.468580 0.010554 0.007940
14 0.137350 0.451906 0.009088 0.005445
13 0.163442 0.465064 0.009675 0.007260
12 0.187775 0.461774 0.011434 0.007940
13 0.804016 0.461207 0.010261 0.008167
14 0.807828 0.429106 0.008502 0.004310
12 0.590589 0.460526 0.007916 0.009074
14 0.596746 0.437613 0.009675 0.006806
14 0.221196 0.458031 0.010261 0.007260
13 0.705512 0.457350 0.011434 0.006806
13 0.705805 0.440789 0.006157 0.004537
13 0.681472 0.461093 0.010261 0.008394
12 0.687482 0.441357 0.011727 0.007940
14 0.698036 0.434551 0.011727 0.007940
14 0.361038 0.457350 0.010847 0.007260
13 0.245822 0.454855 0.010261 0.008167
17 0.257842 0.434437 0.015538 0.008621
14 0.655233 0.454401 0.010554 0.007713
14 0.731604 0.454515 0.010847 0.008394
11 0.741718 0.428539 0.009968 0.005898
13 0.474934 0.450998 0.007622 0.005898
14 0.475960 0.419578 0.009675 0.008394
14 0.830548 0.450998 0.010554 0.006352
14 0.779683 0.450431 0.010847 0.005672
14 0.271768 0.450885 0.010554 0.006579
14 0.513339 0.448956 0.008209 0.003630
14 0.511727 0.416856 0.009675 0.008394
13 0.329376 0.448162 0.010847 0.007940
13 0.624157 0.447709 0.011727 0.007940
14 0.386690 0.447822 0.011727 0.008167
14 0.756523 0.447595 0.011434 0.008167
13 0.107593 0.448616 0.011727 0.007940
18 0.101290 0.442264 0.009675 0.004310
12 0.105687 0.411071 0.010261 0.007260
18 0.117561 0.447255 0.011727 0.007940
18 0.880240 0.443966 0.009088 0.004991
14 0.885517 0.426497 0.010261 0.008167
14 0.304603 0.444646 0.010554 0.007713
17 0.149370 0.442377 0.005570 0.006352
13 0.854295 0.437613 0.011140 0.006806
14 0.411463 0.434211 0.010847 0.008167
14 0.908091 0.424002 0.009675 0.007713
14 0.442979 0.423662 0.009381 0.008848
14 0.933890 0.421053 0.010261 0.007713
14 0.958077 0.413453 0.010554 0.007940
14 0.536353 0.409256 0.009675 0.007713
12 0.573585 0.398367 0.009675 0.009074
11 0.680885 0.373072 0.004984 0.006579
14 0.710789 0.365245 0.015538 0.006806
14 0.710789 0.372051 0.015538 0.006806
14 0.706098 0.345054 0.010847 0.008167
12 0.105394 0.365585 0.010261 0.007940
11 0.115948 0.339723 0.011434 0.006125
17 0.115948 0.345848 0.011434 0.006125
12 0.547054 0.365132 0.009968 0.008394
12 0.559807 0.340971 0.013779 0.010436
11 0.270595 0.365132 0.009968 0.008394
14 0.276605 0.344941 0.011434 0.007940
12 0.728525 0.363884 0.004691 0.006352
14 0.729112 0.341652 0.009968 0.007713
14 0.808267 0.362409 0.007036 0.004310
14 0.811052 0.330195 0.009675 0.007940
14 0.322486 0.364678 0.009381 0.009301
14 0.322779 0.338022 0.011140 0.008167
14 0.573439 0.361388 0.010554 0.006806
18 0.386250 0.359006 0.006743 0.005672
14 0.397684 0.326565 0.009675 0.007033
12 0.759308 0.365132 0.011727 0.007940
14 0.759601 0.338249 0.011140 0.008167
12 0.770449 0.359914 0.011727 0.007940
12 0.333920 0.359914 0.012313 0.007940
18 0.816476 0.358893 0.008209 0.008167
14 0.604955 0.358553 0.010261 0.008394
12 0.611844 0.337341 0.005863 0.007713
14 0.160803 0.358439 0.010847 0.008167
11 0.170918 0.339270 0.009968 0.006125
14 0.627529 0.355036 0.010847 0.006806
11 0.638083 0.331329 0.008502 0.003857
14 0.184257 0.354809 0.010847 0.006352
14 0.792290 0.353448 0.006743 0.004083
14 0.788185 0.334846 0.010847 0.007713
12 0.207417 0.352087 0.010261 0.007713
14 0.650836 0.351860 0.010554 0.007713
14 0.244943 0.348230 0.010261 0.007260
12 0.681618 0.348344 0.009968 0.007940
14 0.299179 0.341198 0.010847 0.007713
14 0.126502 0.339496 0.007916 0.007033
14 0.131486 0.361275 0.010847 0.006579
14 0.354295 0.334619 0.010847 0.007713
14 0.347845 0.354356 0.012606 0.004537
14 0.375696 0.330195 0.010261 0.007940
14 0.832747 0.328153 0.009675 0.007486
12 0.864409 0.325091 0.010847 0.007713
12 0.430519 0.323389 0.010847 0.007940
12 0.913808 0.321688 0.009968 0.008167
12 0.473322 0.320667 0.009675 0.008394
12 0.948842 0.317264 0.009675 0.007940
12 0.508502 0.315903 0.009675 0.007940
17 0.679713 0.273367 0.005570 0.006352
18 0.265318 0.268943 0.010554 0.006125
11 0.715333 0.268716 0.011727 0.007940
14 0.731457 0.264406 0.011727 0.005672
14 0.728086 0.244896 0.009675 0.007486
12 0.105687 0.268603 0.010261 0.008167
12 0.114629 0.242627 0.009381 0.012024
13 0.555262 0.268035 0.009968 0.008394
11 0.566403 0.241039 0.013486 0.008848
14 0.336118 0.268262 0.014952 0.009301
13 0.390501 0.265426 0.011140 0.004537
14 0.387130 0.233439 0.009675 0.007713
12 0.134418 0.264973 0.010261 0.005445
12 0.133392 0.242627 0.009381 0.012024
12 0.142773 0.242627 0.009381 0.012024
14 0.579742 0.264519 0.010847 0.006352
11 0.817649 0.263271 0.019349 0.005672
14 0.833040 0.233666 0.009675 0.008167
11 0.402961 0.263612 0.006743 0.008167
14 0.410144 0.229696 0.009968 0.007486
11 0.753591 0.266334 0.010261 0.015880
14 0.753152 0.241379 0.010554 0.007713
11 0.763852 0.266334 0.010261 0.015880
14 0.774113 0.266334 0.010261 0.015880
14 0.777485 0.237976 0.011140 0.008167
17 0.784374 0.266334 0.010261 0.015880
14 0.164028 0.261683 0.009675 0.007940
12 0.169745 0.240812 0.009381 0.008394
14 0.603489 0.261456 0.011434 0.008394
11 0.613163 0.242514 0.009088 0.006806
11 0.351803 0.261456 0.017004 0.009755
14 0.361038 0.237636 0.009675 0.007033
14 0.626649 0.258054 0.010847 0.006125
14 0.189387 0.258167 0.011140 0.007260
14 0.213281 0.255331 0.010847 0.007486
14 0.651568 0.255104 0.011434 0.007486
12 0.679126 0.251815 0.010261 0.006352
14 0.246116 0.251248 0.009675 0.006579
14 0.705805 0.248412 0.012020 0.008167
14 0.705951 0.268716 0.011727 0.007940
14 0.278364 0.248299 0.010847 0.007940
11 0.286280 0.265086 0.017297 0.007940
14 0.302697 0.244555 0.011434 0.007713
18 0.152888 0.242740 0.007329 0.003630
14 0.328203 0.241266 0.009675 0.007940
12 0.124011 0.242627 0.009381 0.012024
14 0.800498 0.233553 0.010261 0.008394
12 0.862064 0.230830 0.010261 0.007940
12 0.436382 0.226066 0.011434 0.008394
12 0.911756 0.223344 0.007036 0.006579
12 0.482410 0.223117 0.010847 0.007486
12 0.947523 0.220168 0.009968 0.007940
12 0.517150 0.219147 0.009381 0.007713
13 0.661536 0.188521 0.013193 0.005898
18 0.657432 0.178993 0.012020 0.004537
13 0.653034 0.161411 0.010261 0.006125
18 0.227499 0.186139 0.011727 0.007940
11 0.241865 0.180694 0.011727 0.007940
14 0.246409 0.159369 0.010847 0.007940
12 0.107153 0.180014 0.010261 0.007940
12 0.545588 0.179673 0.010554 0.007713
14 0.263412 0.177518 0.016711 0.006125
14 0.263412 0.155626 0.009675 0.006806
14 0.279830 0.176497 0.007329 0.004537
14 0.282029 0.168897 0.010554 0.004764
14 0.281296 0.152450 0.010261 0.007713
17 0.701407 0.176724 0.008502 0.005445
14 0.711668 0.151996 0.010261 0.007713
14 0.579889 0.175930 0.009968 0.007940
14 0.596159 0.172868 0.010261 0.008167
12 0.603928 0.148707 0.006450 0.004310
14 0.153474 0.172868 0.010261 0.008167
12 0.156992 0.145644 0.007916 0.008167
12 0.136470 0.177632 0.010261 0.007260
11 0.147024 0.152450 0.009088 0.008621
14 0.173996 0.169465 0.011434 0.007713
12 0.186456 0.144510 0.007036 0.004083
14 0.718411 0.167763 0.008502 0.004764
14 0.734242 0.165948 0.007329 0.004310
14 0.728965 0.149047 0.009675 0.006806
18 0.787599 0.165721 0.006157 0.006125
14 0.193345 0.165835 0.011434 0.007713
14 0.629874 0.165608 0.010847 0.008167
14 0.614043 0.169011 0.010261 0.007713
17 0.626356 0.153017 0.016124 0.006125
11 0.319848 0.165041 0.011727 0.010662
14 0.331428 0.142695 0.009675 0.005898
14 0.312372 0.172414 0.006157 0.008621
13 0.313838 0.145985 0.010847 0.008394
13 0.217678 0.162319 0.009675 0.006579
14 0.351656 0.164133 0.016124 0.011570
14 0.346966 0.138725 0.009088 0.007940
11 0.793902 0.160504 0.005277 0.005218
14 0.385957 0.159710 0.008502 0.008621
14 0.385224 0.132713 0.009381 0.007713
14 0.821167 0.159483 0.011727 0.009528
13 0.822046 0.131352 0.009968 0.007713
13 0.680592 0.158462 0.009088 0.007486
14 0.696423 0.155059 0.010261 0.006579
12 0.392847 0.151316 0.005277 0.004991
14 0.399443 0.128743 0.009675 0.007940
14 0.298006 0.148934 0.009675 0.006125
14 0.745676 0.145077 0.010261 0.008394
12 0.753591 0.164701 0.013779 0.010436
14 0.760921 0.141901 0.009088 0.007486
14 0.778657 0.138158 0.009381 0.008167
14 0.370273 0.135209 0.009968 0.007260
14 0.802844 0.135209 0.009675 0.007713
14 0.838317 0.127949 0.010261 0.007260
12 0.858546 0.123639 0.009675 0.007713
12 0.421431 0.123639 0.010261 0.007713
12 0.894459 0.121937 0.008795 0.007940
12 0.446497 0.120917 0.009968 0.007260
12 0.920405 0.116720 0.009675 0.007486
12 0.472149 0.116946 0.010261 0.008394
13 0.945617 0.076452 0.009675 0.008167
13 0.965259 0.070440 0.006157 0.004764
13 0.919232 0.071915 0.009675 0.007713
13 0.853709 0.069986 0.009968 0.006579
13 0.826884 0.066130 0.010261 0.007940
13 0.900762 0.065109 0.010261 0.007713
13 0.538405 0.063407 0.010261 0.006125
12 0.536939 0.035050 0.009675 0.005672
13 0.880240 0.061933 0.010261 0.007713
13 0.775286 0.061706 0.010261 0.007260
12 0.784521 0.034936 0.007036 0.004083
13 0.748901 0.058530 0.010261 0.008621
17 0.766051 0.032441 0.021108 0.005445
13 0.810906 0.058870 0.011140 0.007940
13 0.791850 0.054673 0.010554 0.006352
13 0.684403 0.051951 0.010261 0.008621
13 0.731017 0.048888 0.010847 0.004310
13 0.659631 0.047868 0.011140 0.005898
13 0.583553 0.045259 0.010261 0.007940
13 0.709909 0.044918 0.010847 0.008621
13 0.640868 0.042083 0.011140 0.006125
13 0.555116 0.041402 0.009675 0.006579
13 0.502932 0.038226 0.010847 0.007940
13 0.609059 0.038226 0.012020 0.008394
13 0.473615 0.034483 0.010847 0.006352
13 0.384491 0.031420 0.010847 0.007486
13 0.520375 0.031307 0.010554 0.007713
13 0.456318 0.031420 0.010261 0.007940
13 0.440193 0.031420 0.011434 0.008394
13 0.218704 0.029152 0.011140 0.007033
11 0.144386 0.029152 0.011434 0.007486
11 0.350484 0.028584 0.010847 0.007260
13 0.402228 0.028017 0.011140 0.007033
11 0.108766 0.025408 0.009381 0.007260
13 0.275579 0.023934 0.009381 0.007486
13 0.199941 0.024047 0.009968 0.007713
13 0.316916 0.023707 0.009381 0.007940
13 0.257256 0.023820 0.010261 0.008167
12 0.650689 0.021779 0.005570 0.004991
13 0.420405 0.022686 0.009968 0.008167
13 0.182498 0.020644 0.009675 0.007713
13 0.237027 0.020758 0.009675 0.008394
13 0.300059 0.016788 0.011434 0.007713
4 0.671504 0.158689 0.014365 0.021552
3 0.171797 0.022119 0.007622 0.020644
4 0.360451 0.135776 0.013779 0.022005
3 0.598505 0.038453 0.007329 0.022459
4 0.341982 0.334505 0.010847 0.022005
4 0.901055 0.321121 0.011434 0.021552
4 0.337584 0.028471 0.013193 0.020644
4 0.131926 0.029378 0.011140 0.020644
4 0.469364 0.223344 0.010554 0.021552
1 0.041483 0.153471 0.024333 0.051497
4 0.288625 0.017809 0.010847 0.022459
4 0.570947 0.045259 0.010847 0.022459
3 0.870273 0.062273 0.007916 0.021098
3 0.775579 0.334959 0.007916 0.021552
4 0.490619 0.038453 0.010847 0.022005
3 0.094547 0.410277 0.007916 0.022005
4 0.642773 0.454515 0.010261 0.021552
4 0.886983 0.121030 0.019642 0.022459
3 0.210642 0.458598 0.007916 0.021098
3 0.253738 0.849478 0.007329 0.021552
3 0.595573 0.358779 0.007916 0.022459
4 0.349311 0.458144 0.010847 0.021552
3 0.265758 0.345168 0.007329 0.022005
3 0.852096 0.325658 0.007329 0.021552
5 0.706098 0.045259 0.020815 0.022005
1 0.041190 0.251701 0.023160 0.045599
1 0.038845 0.352201 0.024919 0.052405
4 0.587364 0.741493 0.011434 0.022005
4 0.233802 0.159369 0.010261 0.021552
4 0.673556 0.050930 0.010847 0.021098
3 0.234975 0.523707 0.007916 0.022459
4 0.842128 0.068852 0.011434 0.021552
4 0.461009 0.320440 0.010847 0.021552
4 0.795808 0.135322 0.017883 0.021552
3 0.326444 0.842672 0.007329 0.022005
3 0.486807 0.513725 0.007329 0.020644
4 0.879361 0.628970 0.010847 0.022005
1 0.037086 0.658008 0.024333 0.052405
3 0.811346 0.751475 0.006743 0.022005
3 0.293902 0.444533 0.007916 0.021098
3 0.243770 0.938861 0.007916 0.022459
3 0.488860 0.927064 0.007916 0.021552
3 0.681765 0.523140 0.007916 0.022686
4 0.400322 0.434097 0.010847 0.021552
4 0.703459 0.865358 0.010847 0.020644
4 0.265758 0.248072 0.010261 0.022005
4 0.549252 0.868081 0.010847 0.022459
3 0.153181 0.464496 0.007916 0.021552
3 0.565377 0.938407 0.007329 0.022005
4 0.319115 0.927064 0.010847 0.022005
3 0.642187 0.930921 0.007329 0.021552
3 0.887863 0.538907 0.007329 0.022459
4 0.861771 0.956329 0.011434 0.021552
3 0.377748 0.562954 0.010847 0.020644
4 0.463647 0.420259 0.010847 0.022459
4 0.524480 0.409596 0.010554 0.022005
3 0.940633 0.512477 0.009675 0.020417
4 0.126942 0.688634 0.011140 0.021552
3 0.418792 0.323616 0.007329 0.022005
3 0.431105 0.539133 0.007329 0.022005
1 0.037379 0.553879 0.024333 0.051951
1 0.037086 0.877382 0.024919 0.045599
3 0.578863 0.652790 0.007916 0.023367
4 0.351363 0.938407 0.010847 0.022005
4 0.619613 0.751928 0.011434 0.022005
3 0.160803 0.668217 0.007916 0.020644
4 0.925975 0.850726 0.011434 0.021779
4 0.887276 0.740812 0.010847 0.021552
1 0.038552 0.445213 0.024919 0.044238
4 0.894606 0.840404 0.010847 0.022005
3 0.178393 0.838589 0.007916 0.022005
3 0.124157 0.469034 0.008502 0.021552
3 0.236734 0.348798 0.011434 0.021098
4 0.497068 0.417309 0.010847 0.022005
4 0.152595 0.261910 0.010261 0.022005
3 0.748021 0.338362 0.007916 0.022005
4 0.149077 0.358779 0.010847 0.022459
4 0.931985 0.076225 0.009968 0.020871
4 0.071240 0.550023 0.010554 0.021098
4 0.060979 0.539247 0.009968 0.021325
3 0.669892 0.347550 0.007036 0.021325
3 0.695104 0.345054 0.007036 0.021325
4 0.073585 0.149841 0.010554 0.021098
4 0.063911 0.139065 0.009968 0.021325
4 0.071680 0.876928 0.010261 0.021552
4 0.062152 0.866379 0.010554 0.021325
4 0.071826 0.348344 0.010554 0.020644
4 0.062445 0.337795 0.010554 0.021325
4 0.071533 0.444873 0.010554 0.020417
4 0.062152 0.434664 0.010554 0.020871
4 0.074758 0.042990 0.009968 0.020644
4 0.065523 0.032441 0.010261 0.020417
4 0.073292 0.964950 0.009968 0.020644
4 0.063911 0.954401 0.009968 0.021325
4 0.072413 0.251588 0.011140 0.020871
4 0.063618 0.241379 0.011140 0.021779
4 0.070947 0.654719 0.010554 0.021325
4 0.062445 0.644056 0.009968 0.021325
4 0.070800 0.780966 0.011434 0.021098
4 0.062445 0.770417 0.010554 0.020871
3 0.955292 0.068172 0.010847 0.021098
3 0.963354 0.068172 0.010554 0.021098
3 0.832161 0.562613 0.010847 0.021779
4 0.048373 0.032328 0.010554 0.022005
4 0.898124 0.223457 0.010847 0.021325
4 0.030343 0.782554 0.010847 0.022005
4 0.043682 0.770077 0.010554 0.022005
4 0.029757 0.969487 0.010847 0.022005
4 0.044269 0.953834 0.010554 0.022005