10 0.449412 0.883636 0.014118 0.006364
10 0.369118 0.877500 0.013529 0.005909
10 0.307647 0.865227 0.012941 0.005909
6 0.278529 0.869205 0.007647 0.015682
7 0.246471 0.869205 0.012941 0.015682
7 0.202647 0.869432 0.012353 0.016136
6 0.220882 0.868977 0.010000 0.024318
7 0.307647 0.808068 0.012941 0.016136
7 0.368235 0.808068 0.012941 0.016136
7 0.546176 0.736932 0.012353 0.015682
7 0.219706 0.737159 0.012353 0.016136
7 0.488824 0.736932 0.012941 0.015682
10 0.310588 0.732955 0.012941 0.005909
7 0.269412 0.737159 0.012941 0.016136
6 0.240882 0.736705 0.011176 0.023409
6 0.687647 0.606932 0.010588 0.023864
6 0.174412 0.605341 0.011176 0.023409
6 0.378824 0.532159 0.010588 0.023409
6 0.564706 0.459205 0.010588 0.022955
6 0.174706 0.385568 0.010588 0.023864
7 0.259412 0.318295 0.012941 0.016591
7 0.219706 0.318068 0.012353 0.016136
7 0.202647 0.317614 0.012353 0.017045
10 0.314118 0.314091 0.014118 0.006364
6 0.421176 0.317614 0.010588 0.023409
6 0.237059 0.316932 0.010588 0.023864
7 0.861471 0.249886 0.013529 0.017045
7 0.843529 0.249659 0.012941 0.016591
7 0.797941 0.254205 0.012353 0.024773
7 0.779118 0.249886 0.012353 0.016136
7 0.705000 0.249659 0.012353 0.015682
7 0.657941 0.249886 0.012353 0.016136
7 0.563235 0.250114 0.012353 0.016591
7 0.437059 0.250114 0.012941 0.016591
7 0.418529 0.250114 0.012353 0.015682
7 0.370588 0.254205 0.012941 0.024773
7 0.350882 0.250341 0.012353 0.016136
7 0.291471 0.250341 0.012353 0.016136
7 0.272059 0.250341 0.012353 0.016136
7 0.223824 0.250114 0.012353 0.015682
7 0.205294 0.248068 0.012941 0.019773
7 0.723529 0.249659 0.012941 0.015682
7 0.638824 0.249659 0.011765 0.015682
7 0.582353 0.249886 0.012941 0.016136
7 0.515294 0.254205 0.012941 0.024773
7 0.496176 0.249659 0.012353 0.015682
10 0.539706 0.202500 0.007647 0.005000
7 0.722353 0.182386 0.012941 0.015682
7 0.582353 0.182159 0.012941 0.016136
7 0.563235 0.182386 0.012353 0.015682
7 0.354412 0.182386 0.012353 0.015682
7 0.272647 0.182159 0.012353 0.016136
7 0.224118 0.182386 0.012941 0.016591
7 0.861176 0.181705 0.012941 0.017045
7 0.841765 0.182159 0.012941 0.016136
7 0.795882 0.182159 0.012941 0.017045
7 0.776471 0.181932 0.012941 0.015682
7 0.702941 0.180114 0.012941 0.019318
7 0.657353 0.179886 0.012353 0.020682
7 0.638529 0.181932 0.012353 0.015682
7 0.517059 0.181932 0.012941 0.015682
7 0.498235 0.182159 0.012941 0.016136
7 0.441176 0.182159 0.012941 0.016136
7 0.422941 0.182159 0.012941 0.016136
7 0.372059 0.182159 0.012353 0.016136
7 0.293529 0.182386 0.012941 0.016591
7 0.205294 0.182159 0.012941 0.016136
7 0.859706 0.114432 0.013529 0.017045
7 0.840882 0.114432 0.013529 0.017045
7 0.788529 0.114659 0.012353 0.015682
7 0.770000 0.114886 0.012941 0.016136
7 0.707353 0.114659 0.012353 0.015682
7 0.689412 0.114205 0.012941 0.016591
7 0.641765 0.114659 0.012941 0.015682
7 0.622059 0.114659 0.012353 0.015682
7 0.512353 0.114659 0.012941 0.016591
7 0.467941 0.114432 0.012353 0.016136
7 0.448824 0.114886 0.012941 0.016136
10 0.552647 0.110227 0.013529 0.005909
6 0.486176 0.114432 0.011176 0.023409
11 0.513382 0.888523 0.010294 0.007045
12 0.544559 0.881932 0.010294 0.008409
12 0.852500 0.879886 0.010882 0.007045
12 0.718088 0.876250 0.010294 0.007045
11 0.176912 0.875341 0.010294 0.007045
12 0.791618 0.873523 0.010294 0.007045
11 0.575147 0.872614 0.010294 0.007045
11 0.761029 0.870114 0.010294 0.007500
11 0.692794 0.869659 0.010294 0.007500
11 0.820441 0.867614 0.010294 0.007045
12 0.602059 0.866250 0.010588 0.006136
12 0.668676 0.863864 0.010294 0.007727
11 0.638088 0.860795 0.010294 0.007045
12 0.453382 0.823295 0.010294 0.007500
11 0.664412 0.820568 0.011176 0.007500
12 0.624265 0.820114 0.010882 0.007500
12 0.855882 0.817841 0.010000 0.007500
11 0.478088 0.816705 0.010294 0.007045
12 0.696324 0.814205 0.010294 0.007500
11 0.592059 0.813977 0.010000 0.007955
11 0.829706 0.811477 0.010588 0.006591
12 0.504265 0.810568 0.010294 0.006591
11 0.727500 0.808295 0.010294 0.007500
12 0.570588 0.807841 0.011176 0.007500
12 0.809853 0.805341 0.010294 0.007045
11 0.784265 0.802386 0.010882 0.007500
12 0.753088 0.802159 0.010882 0.007045
11 0.541912 0.801477 0.010882 0.007500
11 0.426471 0.801250 0.010000 0.007045
12 0.425735 0.778977 0.010294 0.007955
11 0.176324 0.798068 0.011471 0.007045
12 0.204412 0.794886 0.010588 0.007955
11 0.224559 0.791705 0.010294 0.007045
12 0.250441 0.785568 0.010294 0.008409
12 0.393971 0.782159 0.010294 0.007045
12 0.348235 0.776250 0.010000 0.007045
12 0.285735 0.776250 0.010294 0.007045
12 0.326324 0.772614 0.010294 0.007955
11 0.195294 0.762159 0.010588 0.007045
12 0.771618 0.753068 0.010294 0.007045
11 0.353088 0.749659 0.010882 0.007500
12 0.792206 0.746705 0.010294 0.007045
12 0.378088 0.746250 0.010294 0.007045
11 0.403971 0.743295 0.010294 0.007500
12 0.816324 0.740795 0.010294 0.007045
12 0.747500 0.740568 0.010294 0.007500
12 0.602941 0.740114 0.010000 0.007500
12 0.718676 0.737386 0.010294 0.007500
12 0.692794 0.737159 0.010294 0.007045
12 0.430147 0.737159 0.010882 0.007045
12 0.835441 0.734659 0.010882 0.006591
12 0.673088 0.734205 0.009706 0.006591
12 0.648382 0.734205 0.010882 0.006591
12 0.572794 0.734205 0.010294 0.006591
12 0.861618 0.731477 0.010294 0.007500
12 0.623676 0.731023 0.010882 0.007500
12 0.527206 0.728068 0.010294 0.007045
12 0.470147 0.728068 0.010882 0.007045
12 0.509265 0.724659 0.010294 0.007500
11 0.797059 0.699886 0.010588 0.007955
11 0.797059 0.686705 0.010000 0.007955
11 0.725735 0.699205 0.010294 0.007500
11 0.725735 0.682841 0.010294 0.007500
11 0.682500 0.696023 0.010882 0.007500
11 0.682206 0.679432 0.010294 0.007045
11 0.580000 0.692159 0.010000 0.007955
11 0.580147 0.676250 0.009706 0.007045
11 0.538088 0.688977 0.010294 0.007045
11 0.537794 0.672841 0.010294 0.007500
11 0.825735 0.686477 0.010294 0.007500
11 0.825441 0.664432 0.009706 0.007045
11 0.503971 0.685795 0.010294 0.007955
11 0.503529 0.669659 0.010000 0.007500
11 0.418382 0.685568 0.010882 0.007500
11 0.418382 0.669659 0.010882 0.007500
11 0.753971 0.683068 0.010294 0.007045
11 0.753971 0.661023 0.010294 0.006591
11 0.376176 0.682386 0.011176 0.007500
11 0.376029 0.667159 0.009706 0.007045
11 0.343971 0.679432 0.010294 0.007045
11 0.343676 0.663750 0.009706 0.007500
11 0.246912 0.679432 0.010882 0.007045
11 0.246618 0.663750 0.010882 0.007500
11 0.205735 0.676250 0.010294 0.007045
11 0.205441 0.660795 0.010882 0.007045
12 0.465441 0.676023 0.010882 0.007500
11 0.658088 0.673523 0.010294 0.007045
11 0.657794 0.657614 0.010882 0.007045
11 0.176912 0.673295 0.010294 0.007500
12 0.176618 0.657159 0.010882 0.007045
12 0.446176 0.672614 0.010588 0.007955
11 0.614265 0.670341 0.009706 0.007045
11 0.613971 0.654432 0.010294 0.007045
12 0.305735 0.670114 0.011471 0.007500
12 0.285147 0.667159 0.010294 0.007045
17 0.646324 0.623295 0.011471 0.007500
17 0.646176 0.601023 0.011176 0.007500
17 0.593382 0.623295 0.011471 0.007500
17 0.593088 0.601023 0.010882 0.007500
12 0.861029 0.601250 0.010294 0.007045
12 0.841324 0.598295 0.010882 0.007500
17 0.540882 0.598068 0.011765 0.007045
17 0.488088 0.598068 0.011471 0.007045
12 0.374265 0.597841 0.009706 0.006591
11 0.816912 0.594886 0.010882 0.007955
11 0.719706 0.594659 0.010588 0.007500
11 0.439118 0.594432 0.010000 0.007045
12 0.351029 0.594659 0.010294 0.007500
11 0.780147 0.591705 0.010882 0.007045
11 0.409265 0.591250 0.010294 0.007955
11 0.318676 0.591250 0.010294 0.007955
11 0.203971 0.591250 0.010294 0.007955
11 0.754559 0.588068 0.010294 0.007045
11 0.279265 0.587386 0.010294 0.007500
11 0.248382 0.584659 0.010882 0.007500
12 0.567500 0.548750 0.010294 0.007500
17 0.176618 0.548750 0.012059 0.007500
17 0.793529 0.545795 0.011765 0.007955
17 0.737500 0.545568 0.011471 0.007500
11 0.633676 0.545568 0.009706 0.007500
12 0.549412 0.545568 0.010000 0.007500
17 0.336029 0.544886 0.012059 0.007045
17 0.336029 0.551932 0.012059 0.007045
17 0.286765 0.545000 0.011765 0.007273
17 0.286765 0.552273 0.011765 0.007273
17 0.231765 0.545000 0.011765 0.007273
11 0.231765 0.552273 0.011765 0.007273
17 0.848088 0.542614 0.011471 0.007045
17 0.682206 0.542045 0.011471 0.006818
17 0.682206 0.548864 0.011471 0.006818
11 0.603235 0.542386 0.010000 0.007500
11 0.517059 0.542159 0.010588 0.007045
11 0.411912 0.542159 0.010882 0.007045
11 0.476618 0.538977 0.010882 0.007045
11 0.451029 0.535795 0.010294 0.007045
11 0.273382 0.485568 0.010294 0.007500
17 0.512941 0.484659 0.011765 0.007500
11 0.372500 0.484886 0.009706 0.007955
17 0.321471 0.484886 0.011765 0.007955
17 0.175588 0.484659 0.010588 0.007500
11 0.245735 0.481136 0.010294 0.007273
11 0.206029 0.481477 0.010882 0.008409
12 0.775735 0.475341 0.010294 0.007045
11 0.402794 0.475341 0.010294 0.007045
11 0.850441 0.471932 0.010294 0.007500
12 0.754853 0.471932 0.009706 0.007500
17 0.456176 0.472159 0.011765 0.007955
11 0.814559 0.468977 0.010294 0.007955
11 0.719265 0.468750 0.010294 0.007500
11 0.600588 0.468750 0.010588 0.007500
11 0.671471 0.465568 0.010588 0.007500
11 0.640735 0.462386 0.010882 0.006591
17 0.844118 0.411705 0.010588 0.007045
11 0.736324 0.411705 0.010294 0.007045
17 0.307647 0.411705 0.010588 0.007045
17 0.678676 0.411477 0.011471 0.007500
17 0.615147 0.411477 0.011471 0.007500
17 0.338529 0.411477 0.010000 0.007500
17 0.206618 0.411250 0.010882 0.007045
17 0.256176 0.411250 0.011176 0.007955
11 0.815441 0.408295 0.010294 0.007500
11 0.767500 0.408523 0.010294 0.007955
11 0.524853 0.408523 0.010294 0.007955
11 0.562206 0.408068 0.010294 0.007955
11 0.480441 0.405114 0.010294 0.007500
17 0.390441 0.402159 0.011471 0.007045
11 0.443088 0.401932 0.010882 0.007500
17 0.725882 0.343295 0.012353 0.007500
12 0.671029 0.340568 0.010294 0.007500
12 0.689265 0.337386 0.010294 0.007500
12 0.180294 0.337386 0.010588 0.007500
12 0.180000 0.321250 0.010000 0.007045
12 0.635441 0.337159 0.010882 0.007955
12 0.653382 0.330795 0.010294 0.007045
12 0.600147 0.330795 0.010882 0.007045
12 0.581618 0.324432 0.010294 0.007045
12 0.544265 0.321477 0.010294 0.006591
11 0.508088 0.321250 0.010294 0.007045
11 0.482941 0.321250 0.010588 0.007045
11 0.447206 0.321250 0.010882 0.007045
12 0.564265 0.318295 0.010882 0.007500
11 0.354118 0.288977 0.008235 0.005227
11 0.182500 0.275568 0.010882 0.007500
12 0.181912 0.262614 0.010882 0.007045
12 0.182206 0.247159 0.010294 0.007045
11 0.756912 0.269205 0.010294 0.007500
12 0.756176 0.253295 0.010000 0.007500
12 0.614412 0.268750 0.010000 0.007500
12 0.613824 0.253295 0.010000 0.007500
12 0.471618 0.268977 0.010294 0.007955
12 0.471176 0.252841 0.010588 0.006591
12 0.247206 0.266023 0.010882 0.007500
12 0.247500 0.249659 0.010294 0.006591
12 0.247500 0.256250 0.010294 0.006591
12 0.820882 0.265795 0.010588 0.007955
12 0.820735 0.255795 0.009706 0.007045
12 0.682353 0.265568 0.010588 0.007500
12 0.682206 0.255795 0.010294 0.007045
12 0.537794 0.265568 0.010882 0.007500
12 0.537794 0.255795 0.009706 0.007045
12 0.392647 0.265568 0.010588 0.007500
12 0.392794 0.255795 0.010294 0.007045
12 0.326912 0.262500 0.010294 0.006818
12 0.326912 0.269318 0.010294 0.006818
12 0.326029 0.253068 0.010882 0.007045
17 0.615882 0.207614 0.010588 0.007045
12 0.615294 0.194659 0.010000 0.007500
12 0.615588 0.178977 0.010000 0.007045
17 0.328971 0.207841 0.010882 0.007500
12 0.328676 0.194886 0.011471 0.007045
12 0.328676 0.178977 0.010294 0.007045
12 0.249559 0.204432 0.009706 0.007045
12 0.249706 0.194886 0.010000 0.007955
12 0.249265 0.176023 0.010294 0.007500
12 0.818382 0.204432 0.010882 0.007955
12 0.818382 0.194432 0.010882 0.007045
12 0.818088 0.176023 0.010882 0.007500
11 0.540735 0.197955 0.010882 0.006818
11 0.540735 0.204773 0.010882 0.006818
12 0.540147 0.176023 0.010882 0.007500
12 0.679853 0.197841 0.010294 0.007500
12 0.679853 0.181477 0.010294 0.006591
12 0.679853 0.188068 0.010294 0.006591
12 0.397647 0.197841 0.010588 0.007500
12 0.397500 0.181136 0.010294 0.006818
12 0.397500 0.187955 0.010294 0.006818
11 0.754118 0.194318 0.010588 0.006818
11 0.754118 0.201136 0.010588 0.006818
12 0.753676 0.185114 0.010882 0.007500
12 0.753676 0.172159 0.010882 0.007045
12 0.474559 0.194318 0.010294 0.006818
11 0.474559 0.201136 0.010294 0.006818
12 0.474265 0.184886 0.009706 0.007045
12 0.181324 0.194318 0.010882 0.006818
11 0.181324 0.201136 0.010882 0.006818
12 0.181029 0.185341 0.010294 0.007045
12 0.180882 0.172614 0.010000 0.007045
12 0.744559 0.140114 0.010294 0.007500
12 0.744559 0.127159 0.010294 0.007955
12 0.744559 0.111705 0.010294 0.007045
12 0.814118 0.130568 0.010588 0.007500
12 0.814265 0.114205 0.009706 0.006591
12 0.814265 0.120795 0.009706 0.006591
12 0.665588 0.130000 0.010588 0.007273
12 0.665588 0.137273 0.010588 0.007273
12 0.665588 0.108295 0.010588 0.007500
12 0.598235 0.126591 0.010588 0.006818
12 0.598235 0.133409 0.010588 0.006818
12 0.431324 0.117614 0.009706 0.007045
12 0.431471 0.095114 0.010588 0.007500
12 0.404265 0.117614 0.009706 0.007045
12 0.404265 0.094659 0.010882 0.007500
12 0.344853 0.117614 0.009706 0.007045
12 0.345147 0.095114 0.010294 0.007500
12 0.303382 0.117614 0.010294 0.007045
12 0.303088 0.095341 0.010882 0.007955
12 0.274265 0.117614 0.009706 0.007045
12 0.274265 0.095341 0.010882 0.007955
12 0.364559 0.117386 0.010294 0.007500
12 0.364412 0.095114 0.011176 0.007500
12 0.236618 0.117159 0.009706 0.007045
12 0.236912 0.095114 0.010294 0.007500
12 0.217500 0.117386 0.010294 0.007500
12 0.217206 0.095114 0.010882 0.007500
12 0.175147 0.117159 0.010294 0.007045
12 0.174853 0.095114 0.010882 0.007500
12 0.327353 0.114659 0.010588 0.007500
12 0.326912 0.092159 0.010294 0.007955
12 0.384265 0.114432 0.009706 0.007955
12 0.383529 0.091932 0.010588 0.008409
12 0.254412 0.114432 0.010000 0.007955
12 0.254559 0.092159 0.010294 0.007955
12 0.198382 0.113977 0.010882 0.007955
12 0.198382 0.092159 0.010882 0.007955
4 0.145735 0.101477 0.009706 0.018864
5 0.803676 0.111477 0.007941 0.015227
1 0.124265 0.113295 0.023235 0.046136
4 0.168971 0.201932 0.009118 0.018864
5 0.316324 0.089205 0.008529 0.016136
5 0.187500 0.089432 0.008529 0.015682
4 0.731912 0.111477 0.009118 0.018864
5 0.386618 0.178977 0.007941 0.015682
4 0.586029 0.133523 0.009118 0.018409
4 0.463088 0.201250 0.009118 0.018409
5 0.237500 0.201250 0.008529 0.015682
4 0.604559 0.178977 0.009706 0.019318
4 0.810147 0.256023 0.009118 0.018864
4 0.671324 0.256250 0.009118 0.018409
1 0.123382 0.181023 0.022647 0.046136
4 0.527206 0.256023 0.009118 0.018864
5 0.188088 0.111250 0.008529 0.015682
4 0.145735 0.169205 0.009706 0.018864
5 0.653971 0.133977 0.008529 0.015682
4 0.145735 0.237841 0.009706 0.018864
4 0.467500 0.405341 0.008529 0.018409
4 0.743088 0.201250 0.009118 0.018409
5 0.550735 0.405341 0.007941 0.015682
1 0.124559 0.458295 0.022647 0.046136
4 0.602206 0.268977 0.008529 0.018409
4 0.313676 0.269432 0.009118 0.018409
4 0.744853 0.268750 0.009118 0.018864
5 0.529265 0.201705 0.008529 0.015682
1 0.125147 0.384886 0.022647 0.045682
5 0.669559 0.178977 0.007941 0.015682
5 0.726618 0.542614 0.007941 0.015682
3 0.708676 0.468977 0.007353 0.019318
4 0.168382 0.336932 0.009118 0.018864
5 0.444853 0.468977 0.007941 0.016591
4 0.170735 0.246932 0.009118 0.018864
5 0.743971 0.469205 0.008529 0.016136
5 0.538676 0.542614 0.008529 0.015682
5 0.267794 0.585341 0.007941 0.015682
4 0.622794 0.337841 0.009706 0.018864
5 0.317206 0.111477 0.007941 0.015227
4 0.147500 0.446932 0.009706 0.018864
4 0.381912 0.256250 0.009118 0.018409
3 0.836618 0.542614 0.007941 0.020227
1 0.125441 0.531477 0.022059 0.046136
4 0.146029 0.305568 0.009118 0.018864
4 0.147206 0.657159 0.010294 0.018409
3 0.662500 0.734205 0.007941 0.018864
4 0.364265 0.667159 0.009118 0.019318
5 0.559853 0.804659 0.008529 0.016136
3 0.716324 0.808295 0.007353 0.019773
4 0.849265 0.731705 0.008529 0.018409
4 0.708382 0.594886 0.007941 0.018409
3 0.592206 0.542614 0.007353 0.020227
1 0.124853 0.605568 0.022059 0.046136
5 0.749559 0.867159 0.007941 0.015682
1 0.124559 0.735795 0.022647 0.045682
5 0.613382 0.817159 0.008529 0.015682
4 0.561029 0.734659 0.008529 0.017955
4 0.460735 0.268977 0.009118 0.018409
3 0.670147 0.542614 0.007941 0.020227
5 0.657500 0.860795 0.008529 0.015682
5 0.807500 0.201932 0.008529 0.015227
4 0.273971 0.667159 0.008529 0.019318
5 0.564265 0.869432 0.009118 0.015682
5 0.237794 0.246932 0.007941 0.016136
4 0.760735 0.752841 0.009118 0.018864
3 0.428676 0.594432 0.007353 0.020227
1 0.125441 0.667841 0.022059 0.046136
3 0.391912 0.856705 0.005588 0.013864
3 0.782206 0.545795 0.007353 0.019318
3 0.803088 0.468977 0.006765 0.020227
5 0.626912 0.857159 0.008529 0.015682
5 0.475147 0.594205 0.008529 0.016136
1 0.124559 0.316705 0.022647 0.045682
3 0.653971 0.820568 0.007353 0.020682
5 0.839559 0.469205 0.007941 0.016136
1 0.125147 0.806023 0.022647 0.046136
5 0.533382 0.878977 0.008529 0.015682
4 0.637206 0.734432 0.009118 0.019318
4 0.685147 0.813977 0.008529 0.018409
5 0.707794 0.734205 0.007941 0.015227
5 0.623676 0.542614 0.007941 0.015682
5 0.780735 0.869886 0.007941 0.015682
3 0.505735 0.542386 0.007353 0.019773
1 0.123971 0.248750 0.022647 0.046136
5 0.236618 0.581705 0.007941 0.015682
4 0.147500 0.856932 0.009706 0.017955
3 0.589853 0.469432 0.007353 0.020227
4 0.147500 0.373295 0.009706 0.018864
4 0.147500 0.594659 0.009706 0.018864
4 0.146912 0.724659 0.009706 0.018864
4 0.381912 0.782614 0.009118 0.018409
4 0.147206 0.520341 0.009118 0.018409
1 0.124559 0.868068 0.022647 0.046591
3 0.401912 0.542159 0.007941 0.019318
3 0.526912 0.688523 0.007353 0.018409
4 0.146912 0.795341 0.009706 0.019318
3 0.842206 0.880341 0.007353 0.020227
5 0.681912 0.866932 0.007941 0.016136
5 0.363529 0.594545 0.007059 0.015455
3 0.339706 0.594545 0.006471 0.019091
5 0.474706 0.867045 0.005882 0.011364
5 0.454706 0.860455 0.005882 0.011818
5 0.354706 0.848409 0.004706 0.011364
5 0.334412 0.845227 0.005294 0.011364
3 0.268235 0.551591 0.007059 0.018636
5 0.276176 0.542273 0.007647 0.014545
4 0.213235 0.552273 0.008824 0.018182
3 0.221176 0.545227 0.007059 0.018636
3 0.312206 0.179205 0.008529 0.018409
4 0.317647 0.179205 0.008235 0.018409