10 0.463700 0.807614 0.007611 0.004985
10 0.461944 0.678677 0.013466 0.005438
10 0.302693 0.671425 0.013466 0.006345
10 0.382319 0.671199 0.013466 0.006345
6 0.203015 0.657036 0.007904 0.016089
10 0.238437 0.652844 0.014344 0.005892
7 0.740047 0.582370 0.013466 0.015862
7 0.683255 0.582030 0.012295 0.015636
6 0.782787 0.579085 0.007611 0.009291
10 0.819087 0.578178 0.013466 0.006118
7 0.658080 0.581917 0.012295 0.016315
6 0.707553 0.581577 0.010539 0.022887
6 0.419057 0.581917 0.004977 0.028552
7 0.733021 0.508384 0.012881 0.016089
7 0.573185 0.508384 0.012881 0.016089
7 0.420667 0.507931 0.012295 0.016089
7 0.263466 0.507818 0.012881 0.016315
7 0.721019 0.433832 0.012881 0.015636
7 0.455796 0.433379 0.012881 0.016089
10 0.403689 0.428960 0.014052 0.005892
10 0.714578 0.354634 0.013466 0.005892
6 0.758782 0.359053 0.010539 0.024247
7 0.362119 0.284047 0.012295 0.016089
6 0.330064 0.283141 0.011417 0.023793
7 0.780152 0.210174 0.012881 0.016542
6 0.673302 0.206775 0.007611 0.009291
7 0.527225 0.209948 0.012881 0.015636
6 0.638173 0.210174 0.007611 0.016542
7 0.419496 0.209721 0.012881 0.016089
7 0.307377 0.209268 0.012295 0.015636
7 0.196429 0.208815 0.012881 0.016089
9 0.174180 0.208022 0.005855 0.025833
6 0.747951 0.209495 0.010539 0.023340
12 0.250146 0.870496 0.010831 0.007931
13 0.225556 0.861659 0.010831 0.007478
12 0.297717 0.861432 0.011124 0.007478
12 0.323478 0.857806 0.010539 0.007478
12 0.202576 0.855087 0.010539 0.007025
12 0.729655 0.854634 0.010831 0.007025
12 0.349971 0.854634 0.010246 0.007025
12 0.492681 0.854634 0.010539 0.007478
12 0.610802 0.854181 0.010831 0.007478
12 0.798302 0.851462 0.010539 0.007478
12 0.679450 0.851235 0.010539 0.007478
12 0.560158 0.851235 0.010246 0.007478
12 0.374561 0.851462 0.010246 0.007931
12 0.441745 0.851235 0.010539 0.007931
12 0.175498 0.848742 0.010246 0.007478
12 0.466774 0.848063 0.010831 0.007025
12 0.823770 0.848063 0.010539 0.007478
12 0.703601 0.848063 0.010246 0.007478
12 0.416423 0.848063 0.010831 0.007478
12 0.772980 0.847836 0.010831 0.007478
12 0.654420 0.848063 0.010246 0.007931
12 0.584748 0.847609 0.010246 0.007025
12 0.533811 0.847609 0.010246 0.007478
12 0.848800 0.844663 0.010246 0.007931
12 0.254098 0.791412 0.010539 0.007478
12 0.669057 0.790959 0.010831 0.007478
12 0.367681 0.791185 0.010539 0.007931
12 0.768296 0.790959 0.010246 0.007931
12 0.486680 0.790959 0.010246 0.007931
12 0.851288 0.788466 0.010539 0.007025
12 0.205943 0.788466 0.010831 0.007025
12 0.793472 0.788239 0.010246 0.007025
12 0.320550 0.788466 0.010539 0.007478
12 0.555621 0.788013 0.011124 0.007025
12 0.437939 0.787786 0.010539 0.007025
12 0.297278 0.785067 0.010831 0.007025
12 0.181352 0.785293 0.010831 0.007478
12 0.825381 0.785067 0.010831 0.007478
12 0.724093 0.784840 0.010831 0.007025
12 0.413495 0.785067 0.010246 0.007478
12 0.228776 0.785067 0.010831 0.007478
12 0.579625 0.784727 0.010539 0.007251
12 0.462383 0.784840 0.010831 0.007478
12 0.531762 0.784614 0.011417 0.007478
12 0.343530 0.784727 0.010831 0.007705
12 0.603484 0.781441 0.010831 0.007025
12 0.693208 0.781554 0.010539 0.007705
12 0.645053 0.778042 0.010831 0.007478
12 0.227605 0.734761 0.010246 0.006571
12 0.294643 0.731815 0.010831 0.007478
12 0.254245 0.728643 0.010831 0.007025
12 0.175790 0.725697 0.010831 0.007025
12 0.321575 0.725470 0.010831 0.007478
12 0.853776 0.725470 0.010831 0.007931
12 0.704186 0.725244 0.010246 0.007478
12 0.802693 0.722524 0.010539 0.007025
12 0.728776 0.722298 0.010246 0.007025
12 0.201112 0.722524 0.011124 0.007478
12 0.612998 0.722298 0.009953 0.007478
12 0.777078 0.719352 0.010831 0.007025
12 0.828308 0.719125 0.010246 0.007025
12 0.560158 0.719125 0.010246 0.007025
12 0.651786 0.719125 0.010831 0.007478
12 0.347336 0.715953 0.010831 0.007025
12 0.586505 0.715953 0.010246 0.007478
12 0.677693 0.713007 0.009953 0.007478
12 0.533958 0.712780 0.010539 0.007931
12 0.372073 0.709608 0.010539 0.007931
12 0.491657 0.709608 0.010831 0.008384
12 0.411739 0.704169 0.010831 0.007931
12 0.465896 0.703716 0.010831 0.008384
12 0.437939 0.700091 0.010539 0.007478
12 0.358460 0.660435 0.007319 0.005665
12 0.525615 0.656583 0.010831 0.007931
12 0.551230 0.650691 0.010539 0.007931
12 0.849093 0.647972 0.010831 0.007025
12 0.724093 0.644573 0.010246 0.007478
12 0.820989 0.641400 0.009660 0.007478
12 0.768150 0.641174 0.010539 0.007478
12 0.577137 0.641061 0.010246 0.007251
12 0.794643 0.637775 0.010831 0.007931
12 0.604215 0.637775 0.009953 0.007931
12 0.646809 0.635282 0.010246 0.007478
12 0.698770 0.634829 0.010539 0.007931
12 0.673156 0.631430 0.010246 0.007478
12 0.175790 0.598346 0.010831 0.007931
13 0.480240 0.576365 0.011417 0.007478
13 0.479947 0.563222 0.012002 0.007478
11 0.288056 0.576139 0.010539 0.007025
11 0.287617 0.563449 0.010246 0.007025
13 0.574795 0.576365 0.010831 0.007931
13 0.574649 0.563222 0.011710 0.007931
13 0.383050 0.576139 0.011417 0.007478
13 0.382758 0.562996 0.011417 0.007478
12 0.201844 0.576139 0.010831 0.007478
12 0.634221 0.570020 0.010246 0.007478
12 0.634075 0.553705 0.010539 0.007478
13 0.537032 0.569794 0.011417 0.007478
13 0.536739 0.553932 0.012002 0.007478
13 0.344262 0.570134 0.011124 0.008158
13 0.344116 0.554045 0.012002 0.007705
11 0.249707 0.570020 0.009953 0.007931
12 0.249854 0.553932 0.010831 0.007478
13 0.440135 0.569794 0.010831 0.007931
13 0.440135 0.553705 0.012002 0.007478
12 0.223507 0.563902 0.010831 0.007478
12 0.287324 0.520394 0.010246 0.007931
12 0.309865 0.514049 0.010831 0.007931
12 0.337968 0.504759 0.010831 0.007478
12 0.443648 0.504305 0.010246 0.007478
12 0.757465 0.498867 0.010246 0.007478
12 0.596751 0.498640 0.010831 0.007025
12 0.467067 0.498187 0.010246 0.007025
12 0.782641 0.492749 0.010246 0.007025
12 0.535861 0.492295 0.010831 0.007478
12 0.621048 0.492069 0.010246 0.007478
12 0.490486 0.492069 0.010246 0.007478
12 0.384514 0.491842 0.010246 0.007478
11 0.212676 0.488670 0.010831 0.007478
11 0.174912 0.485497 0.010246 0.007931
12 0.853484 0.483458 0.010246 0.007025
12 0.693355 0.483231 0.010831 0.007478
12 0.807377 0.483005 0.010539 0.007478
12 0.645931 0.483005 0.010831 0.007478
12 0.361680 0.482552 0.011417 0.007931
12 0.513612 0.481872 0.010246 0.007478
12 0.828893 0.476886 0.010246 0.007478
12 0.669350 0.475980 0.010831 0.007478
12 0.745755 0.446295 0.010831 0.007478
12 0.478776 0.445842 0.010831 0.007478
12 0.768296 0.440403 0.010246 0.007478
12 0.501903 0.439724 0.010246 0.007478
12 0.798741 0.431113 0.010246 0.007025
11 0.174619 0.430659 0.010246 0.007025
12 0.531762 0.430659 0.010246 0.007478
12 0.206089 0.424088 0.010539 0.007025
12 0.855533 0.419103 0.010246 0.007025
12 0.586651 0.417970 0.009953 0.007025
12 0.264491 0.417856 0.010831 0.007705
11 0.668472 0.415250 0.010831 0.007478
11 0.342799 0.414684 0.010539 0.007251
11 0.627781 0.412305 0.010246 0.007478
11 0.305767 0.411851 0.010246 0.007478
12 0.823478 0.409132 0.010539 0.007025
12 0.555328 0.408906 0.010539 0.007478
11 0.230386 0.407999 0.010539 0.007478
12 0.789520 0.378994 0.010539 0.007931
12 0.397102 0.378314 0.010831 0.007025
11 0.817623 0.372536 0.010539 0.007251
11 0.427547 0.371516 0.010831 0.007478
12 0.848946 0.366304 0.010539 0.007478
12 0.456235 0.365171 0.010831 0.007478
11 0.501610 0.355767 0.010246 0.007251
12 0.246926 0.355654 0.011417 0.007025
11 0.210919 0.352255 0.010831 0.007478
11 0.319233 0.352481 0.010831 0.008384
12 0.530445 0.349535 0.010539 0.007478
11 0.175205 0.349309 0.010831 0.007478
11 0.284104 0.349082 0.010831 0.007931
12 0.587237 0.343191 0.010539 0.007931
11 0.655591 0.340245 0.010831 0.007478
11 0.622512 0.337299 0.010246 0.007931
11 0.554596 0.333447 0.010246 0.007931
12 0.296399 0.290165 0.010246 0.007025
12 0.221751 0.290165 0.010831 0.007478
12 0.198185 0.286540 0.010539 0.007478
12 0.174619 0.283821 0.010831 0.007931
12 0.770345 0.275663 0.010246 0.007025
12 0.273273 0.274530 0.010246 0.007478
11 0.842945 0.272490 0.010246 0.007478
11 0.742242 0.272037 0.010246 0.007025
12 0.247951 0.271584 0.010539 0.007478
11 0.807231 0.269545 0.010246 0.007478
11 0.708285 0.268865 0.010246 0.007478
12 0.588554 0.268638 0.010831 0.007478
11 0.660275 0.266145 0.010246 0.007478
11 0.559280 0.265692 0.010831 0.007478
11 0.626317 0.262746 0.010246 0.007478
11 0.526200 0.262293 0.010246 0.007025
11 0.386270 0.262293 0.010246 0.007931
11 0.475556 0.259121 0.010831 0.007478
11 0.439256 0.255722 0.010831 0.007931
12 0.808987 0.229436 0.010246 0.007025
12 0.833285 0.222864 0.010246 0.007931
12 0.856996 0.216746 0.010831 0.007478
12 0.339432 0.215726 0.009660 0.007251
12 0.226288 0.215386 0.010539 0.007478
11 0.373536 0.209495 0.010539 0.007478
12 0.373390 0.187061 0.010831 0.007931
12 0.450673 0.200204 0.010831 0.007478
12 0.557523 0.194312 0.010246 0.007025
11 0.480094 0.193859 0.010539 0.007478
11 0.479947 0.178450 0.010831 0.007478
11 0.260831 0.193746 0.009953 0.007251
11 0.588261 0.187741 0.009660 0.008838
18 0.588261 0.172105 0.010831 0.007478
12 0.644467 0.140834 0.010246 0.007478
12 0.486680 0.140947 0.010831 0.008158
12 0.328893 0.140154 0.010246 0.007931
12 0.175498 0.139701 0.010246 0.007931
12 0.768589 0.135395 0.010246 0.007478
12 0.611827 0.134942 0.010539 0.007478
12 0.451405 0.134262 0.010539 0.007025
12 0.293765 0.134036 0.010246 0.007478
12 0.739900 0.128824 0.010246 0.007025
12 0.688964 0.128597 0.010246 0.007025
12 0.584748 0.128371 0.010246 0.007025
12 0.533226 0.128144 0.010246 0.007025
12 0.372512 0.127691 0.010831 0.007025
12 0.424912 0.127464 0.010246 0.007025
12 0.266833 0.127238 0.010246 0.007478
12 0.220433 0.127011 0.010539 0.007478
12 0.667008 0.125198 0.010831 0.007478
12 0.510246 0.124745 0.011124 0.007478
12 0.351142 0.124292 0.010246 0.007478
12 0.197746 0.123839 0.010831 0.007478
12 0.243413 0.117947 0.010246 0.007478
12 0.716920 0.113188 0.010539 0.007025
12 0.561329 0.112962 0.010246 0.007478
12 0.401786 0.112282 0.010831 0.007931
1 0.124268 0.116814 0.023126 0.046000
4 0.146663 0.105484 0.008782 0.018808
4 0.390662 0.112282 0.009075 0.018355
4 0.550790 0.112962 0.008489 0.018808
4 0.282933 0.133356 0.009075 0.019261
4 0.468238 0.186834 0.010246 0.023793
4 0.705064 0.113188 0.009075 0.018355
5 0.215603 0.212441 0.008489 0.015636
5 0.546399 0.191140 0.008489 0.015636
5 0.361680 0.206549 0.009075 0.015636
4 0.146516 0.196578 0.009660 0.018808
5 0.361973 0.184342 0.008489 0.015636
1 0.122512 0.506345 0.023126 0.046454
4 0.574502 0.418763 0.008489 0.019035
4 0.756879 0.135169 0.009660 0.019261
4 0.439842 0.133809 0.009075 0.019261
5 0.328308 0.212667 0.007904 0.015636
1 0.122219 0.656583 0.023126 0.046000
1 0.123097 0.207908 0.022541 0.046000
4 0.146809 0.270678 0.008489 0.020168
1 0.122804 0.432699 0.023126 0.046000
1 0.123390 0.357920 0.022541 0.046000
1 0.121633 0.581124 0.023126 0.046454
4 0.145638 0.495241 0.009660 0.018808
5 0.249854 0.190913 0.007904 0.016089
4 0.574649 0.343530 0.008782 0.019035
3 0.765369 0.721845 0.006733 0.015182
4 0.284397 0.860752 0.009660 0.019261
3 0.284836 0.785293 0.008197 0.019714
3 0.814549 0.785293 0.007319 0.019714
4 0.252196 0.418423 0.009075 0.018808
1 0.122365 0.282688 0.022834 0.046000
4 0.599971 0.134489 0.009660 0.018808
4 0.796985 0.229889 0.009075 0.018355
1 0.121926 0.796397 0.022541 0.046454
3 0.518735 0.784840 0.007611 0.020168
4 0.755416 0.790959 0.009660 0.018355
4 0.235217 0.355654 0.009660 0.019261
5 0.439842 0.197485 0.008489 0.016089
1 0.121926 0.730909 0.023126 0.046000
4 0.147834 0.345910 0.008782 0.018355
4 0.146516 0.570020 0.009660 0.018808
4 0.842652 0.419329 0.009660 0.018808
4 0.146224 0.719579 0.009660 0.018808
4 0.146809 0.421369 0.009075 0.017902
3 0.712822 0.785067 0.007026 0.019714
4 0.145053 0.644799 0.009660 0.018808
3 0.400468 0.785293 0.007611 0.020168
1 0.123975 0.863018 0.023712 0.046454
4 0.146224 0.852141 0.009660 0.019261
4 0.145785 0.785407 0.008782 0.017675
3 0.170228 0.785633 0.006733 0.019035
5 0.575966 0.170972 0.008489 0.018808
5 0.575966 0.183889 0.008489 0.018808