6 0.253298 0.802972 0.010554 0.023367
6 0.221636 0.803199 0.010554 0.023820
6 0.274113 0.802291 0.011140 0.022913
7 0.642627 0.675250 0.012899 0.016107
7 0.553210 0.675363 0.012313 0.016788
6 0.521988 0.674342 0.011434 0.023820
6 0.730871 0.673662 0.011140 0.023367
6 0.708883 0.673888 0.010554 0.022913
6 0.500733 0.674115 0.010554 0.023367
6 0.659191 0.673888 0.011434 0.023367
6 0.680446 0.673775 0.011140 0.024047
10 0.598651 0.620009 0.007036 0.002722
10 0.239812 0.615472 0.010554 0.002269
8 0.193052 0.600272 0.015538 0.034936
9 0.310320 0.594374 0.015538 0.036298
9 0.249927 0.600159 0.015538 0.034256
8 0.724714 0.537999 0.014658 0.026996
9 0.839930 0.542083 0.015245 0.026543
8 0.782175 0.542650 0.014658 0.029038
7 0.608619 0.476974 0.012899 0.015200
7 0.197889 0.470395 0.012313 0.027450
6 0.680152 0.475726 0.010554 0.023593
6 0.624743 0.475386 0.009968 0.023820
6 0.657285 0.474932 0.010554 0.023820
7 0.508062 0.399841 0.012899 0.015653
10 0.396951 0.387931 0.007622 0.002269
7 0.657578 0.338362 0.012899 0.015653
7 0.638816 0.339043 0.012899 0.016107
6 0.573146 0.209505 0.010554 0.023820
6 0.549692 0.209279 0.010554 0.023820
6 0.514219 0.209279 0.011140 0.023820
12 0.267224 0.899614 0.010261 0.007486
13 0.290384 0.893149 0.009675 0.007260
12 0.333920 0.890313 0.009968 0.007486
11 0.653034 0.888725 0.010261 0.007033
12 0.307095 0.886683 0.010261 0.007940
13 0.627822 0.885776 0.010261 0.007486
13 0.761947 0.882600 0.009968 0.007033
13 0.600704 0.882600 0.009968 0.007486
13 0.347992 0.877155 0.009968 0.007486
13 0.613896 0.876021 0.010554 0.007033
13 0.587071 0.876248 0.009675 0.007486
13 0.774993 0.875794 0.010261 0.007033
13 0.748021 0.875907 0.010261 0.007260
11 0.205658 0.874319 0.010261 0.007260
13 0.574025 0.873072 0.010554 0.007486
12 0.724274 0.872845 0.010847 0.007486
12 0.701114 0.872845 0.010261 0.007486
11 0.242304 0.870803 0.009675 0.007033
12 0.684697 0.869669 0.010261 0.007486
13 0.560246 0.869669 0.009968 0.007486
17 0.173410 0.868194 0.011434 0.007713
13 0.361184 0.867514 0.010554 0.007260
13 0.514219 0.866833 0.010554 0.007260
13 0.788625 0.866266 0.010554 0.007033
13 0.540751 0.863884 0.010261 0.006806
13 0.374817 0.861162 0.010261 0.007260
12 0.822193 0.860368 0.010261 0.007486
12 0.805482 0.860368 0.010847 0.007486
12 0.528144 0.860254 0.010847 0.007713
13 0.494137 0.857418 0.010847 0.007486
12 0.861917 0.857191 0.010554 0.007486
12 0.839343 0.857191 0.010554 0.007486
12 0.425535 0.854696 0.010847 0.007033
12 0.408238 0.854809 0.010261 0.007260
12 0.391234 0.854923 0.010261 0.007486
13 0.466872 0.854583 0.010261 0.007260
12 0.442099 0.854469 0.011140 0.007486
13 0.481091 0.851180 0.010554 0.007713
12 0.455145 0.828267 0.010261 0.007260
13 0.314571 0.825431 0.010554 0.007033
12 0.293023 0.825658 0.009675 0.007486
12 0.473761 0.825204 0.009968 0.007486
12 0.497948 0.821574 0.010261 0.007486
12 0.515831 0.818398 0.010847 0.007486
12 0.431545 0.812160 0.009968 0.007260
12 0.533714 0.811819 0.010261 0.007033
11 0.653474 0.811593 0.009968 0.007033
13 0.763119 0.811593 0.010554 0.007486
12 0.679713 0.811593 0.010261 0.007486
12 0.403401 0.809437 0.009968 0.007260
12 0.721636 0.808643 0.009675 0.007033
12 0.625476 0.808643 0.010847 0.007486
12 0.697889 0.808530 0.010261 0.007713
11 0.200674 0.807055 0.010261 0.007033
12 0.385371 0.806375 0.010261 0.007486
12 0.607007 0.805581 0.010261 0.006806
13 0.749927 0.805354 0.009968 0.006806
11 0.171944 0.803879 0.010261 0.007033
11 0.340223 0.803539 0.010261 0.007260
12 0.367781 0.803199 0.010261 0.007486
12 0.589710 0.802518 0.009675 0.007033
11 0.562592 0.802632 0.010554 0.007260
13 0.777191 0.795712 0.010554 0.007486
13 0.791557 0.792990 0.009968 0.006579
12 0.825711 0.789927 0.010261 0.007260
12 0.808121 0.789927 0.010261 0.007260
12 0.860891 0.789701 0.010261 0.007713
12 0.843301 0.789701 0.010261 0.007713
13 0.456758 0.758394 0.010554 0.007260
12 0.434477 0.758280 0.010554 0.007486
17 0.172237 0.756466 0.011434 0.007486
11 0.554383 0.754877 0.009968 0.007486
11 0.681179 0.754764 0.010261 0.007713
11 0.202726 0.752609 0.010261 0.007033
12 0.295368 0.752495 0.010261 0.007260
11 0.410144 0.752042 0.009968 0.006806
13 0.634125 0.751475 0.009968 0.006579
12 0.580035 0.751701 0.010847 0.007033
13 0.785840 0.751475 0.009675 0.007033
12 0.707857 0.751475 0.010847 0.007033
13 0.506889 0.751588 0.009968 0.007260
12 0.235561 0.749773 0.010261 0.007260
12 0.314717 0.749433 0.010261 0.007486
13 0.281442 0.749546 0.010554 0.007713
13 0.254764 0.749546 0.009968 0.007713
11 0.386250 0.748866 0.010261 0.007713
12 0.799179 0.748299 0.010554 0.007033
13 0.772208 0.748412 0.010554 0.007260
12 0.739226 0.748412 0.010261 0.007260
13 0.522574 0.748525 0.010847 0.007486
13 0.491205 0.748639 0.010261 0.007713
13 0.650396 0.748185 0.010847 0.007260
13 0.619613 0.748299 0.010261 0.007486
13 0.268396 0.746370 0.010261 0.006806
12 0.353415 0.746257 0.010261 0.007033
13 0.758868 0.745236 0.010847 0.007260
12 0.334066 0.743194 0.010261 0.007260
12 0.816916 0.742173 0.010847 0.007033
13 0.537819 0.741946 0.009675 0.007033
13 0.665934 0.741720 0.010261 0.007033
12 0.857666 0.738997 0.010261 0.007033
12 0.833920 0.735708 0.010847 0.007713
12 0.448402 0.704401 0.010261 0.007260
12 0.430226 0.700771 0.010261 0.007713
13 0.361038 0.697936 0.010261 0.007486
12 0.411903 0.697482 0.009968 0.007486
12 0.388742 0.694646 0.009968 0.007260
13 0.287159 0.692037 0.010261 0.007033
12 0.171211 0.692037 0.010554 0.007486
12 0.171357 0.669691 0.010261 0.007260
13 0.374817 0.691697 0.009675 0.007713
11 0.478305 0.691357 0.010261 0.007486
12 0.859425 0.690903 0.010261 0.007033
13 0.770449 0.690789 0.010554 0.007260
12 0.748901 0.690789 0.009675 0.007260
12 0.336998 0.688634 0.010261 0.007033
13 0.239959 0.685799 0.010847 0.007260
13 0.305922 0.685345 0.010261 0.007260
12 0.269276 0.682396 0.010847 0.007713
12 0.841689 0.681375 0.010554 0.007033
13 0.254031 0.679333 0.010261 0.007033
13 0.190120 0.679333 0.010261 0.007486
12 0.222955 0.676270 0.010261 0.007260
12 0.823952 0.675250 0.010261 0.007486
13 0.204485 0.672981 0.009675 0.007486
12 0.570214 0.669011 0.009968 0.007713
11 0.798739 0.668671 0.010261 0.007486
12 0.624890 0.646665 0.009675 0.007486
17 0.589123 0.646779 0.012020 0.007713
12 0.536939 0.630445 0.009675 0.007260
12 0.536500 0.601974 0.009968 0.007486
12 0.536353 0.585640 0.010261 0.007486
12 0.855614 0.620236 0.010261 0.007260
12 0.833333 0.616946 0.010261 0.007033
13 0.752419 0.613997 0.010261 0.007033
12 0.812079 0.613884 0.009968 0.007260
12 0.785547 0.611048 0.009675 0.006579
13 0.672677 0.608099 0.010261 0.007486
13 0.768543 0.607872 0.009675 0.007486
12 0.724861 0.604809 0.010261 0.006806
13 0.694225 0.601747 0.009968 0.007033
13 0.617561 0.601747 0.010261 0.007486
12 0.171357 0.599251 0.011434 0.007033
11 0.409118 0.598798 0.009675 0.007033
11 0.383612 0.599025 0.010847 0.007486
11 0.499414 0.598798 0.010847 0.007486
11 0.472735 0.598798 0.010261 0.007486
12 0.650689 0.598457 0.010847 0.007260
11 0.446643 0.598571 0.010261 0.007940
13 0.633245 0.595508 0.010554 0.006806
13 0.558194 0.595622 0.010554 0.007486
12 0.596599 0.592672 0.010554 0.007486
13 0.213574 0.592786 0.010261 0.008167
12 0.229258 0.589496 0.011140 0.007033
13 0.574318 0.589610 0.010554 0.007713
13 0.266051 0.586547 0.010261 0.007486
12 0.288332 0.583258 0.010261 0.007260
13 0.329376 0.579628 0.010261 0.007713
18 0.357520 0.577132 0.010261 0.007260
18 0.409118 0.576679 0.010261 0.007260
18 0.383758 0.576792 0.009968 0.007486
18 0.499560 0.573843 0.010554 0.007486
18 0.472589 0.573730 0.010554 0.007260
18 0.446350 0.573616 0.010847 0.007033
11 0.202287 0.562727 0.009968 0.007486
12 0.246409 0.559778 0.010847 0.007486
17 0.171797 0.554106 0.011727 0.007486
13 0.269716 0.553879 0.010554 0.007486
12 0.291703 0.547527 0.009968 0.006579
13 0.316183 0.544351 0.010847 0.007486
12 0.337438 0.537999 0.009968 0.007033
13 0.746262 0.537432 0.010261 0.007260
12 0.761800 0.534142 0.009675 0.007033
13 0.361917 0.531420 0.010847 0.007486
13 0.798446 0.530966 0.010261 0.007940
12 0.819408 0.528131 0.009968 0.007260
11 0.511140 0.525068 0.010261 0.007033
11 0.481237 0.525068 0.010261 0.007033
13 0.860891 0.524841 0.009675 0.007033
11 0.668865 0.524387 0.010261 0.007033
11 0.638669 0.524614 0.010847 0.007486
12 0.704632 0.521665 0.010261 0.006579
17 0.401202 0.521892 0.012020 0.007486
17 0.556875 0.521665 0.011434 0.007486
11 0.451334 0.515313 0.010261 0.007486
11 0.609059 0.515200 0.010261 0.007713
13 0.860305 0.489111 0.010261 0.007260
12 0.834506 0.485935 0.010261 0.007260
12 0.535327 0.467332 0.010554 0.006806
13 0.812811 0.483099 0.010261 0.007940
12 0.791117 0.479696 0.009088 0.007033
13 0.769276 0.479696 0.009968 0.007033
11 0.170771 0.479696 0.010261 0.007486
12 0.747142 0.476860 0.010261 0.006806
11 0.709323 0.476520 0.009675 0.007033
11 0.566843 0.473798 0.009675 0.007486
12 0.590589 0.470395 0.010261 0.007033
12 0.437262 0.467105 0.010847 0.006806
17 0.394313 0.467219 0.011727 0.007033
13 0.362210 0.463929 0.010847 0.007713
13 0.237027 0.463816 0.010261 0.007940
12 0.216652 0.463702 0.009968 0.007713
12 0.336412 0.460867 0.009675 0.007033
13 0.463207 0.460867 0.009968 0.007486
13 0.323219 0.457691 0.010261 0.007033
12 0.477426 0.457577 0.010261 0.007260
12 0.302551 0.454288 0.009968 0.007033
13 0.497215 0.451679 0.009968 0.007260
13 0.282175 0.451338 0.010261 0.007486
12 0.261067 0.448162 0.010261 0.007486
12 0.515538 0.445213 0.010261 0.007033
13 0.546321 0.415495 0.010847 0.007486
12 0.524333 0.415495 0.010261 0.007486
11 0.479478 0.415495 0.009675 0.007486
12 0.240106 0.415495 0.010554 0.007486
12 0.448402 0.412319 0.010847 0.007486
12 0.386250 0.412092 0.010847 0.007486
17 0.278511 0.412092 0.011140 0.007940
12 0.423629 0.408802 0.010554 0.007260
12 0.367781 0.408689 0.010261 0.007033
11 0.308854 0.405966 0.010261 0.007486
12 0.221489 0.405966 0.010847 0.007486
12 0.404867 0.405853 0.009968 0.007713
12 0.344034 0.405853 0.010261 0.007713
12 0.646878 0.402677 0.010261 0.007713
12 0.796687 0.399841 0.010261 0.007033
12 0.859132 0.399728 0.010847 0.007260
17 0.685429 0.399614 0.011727 0.007486
12 0.202726 0.399387 0.010261 0.007486
12 0.771475 0.396665 0.010261 0.007033
12 0.834213 0.396098 0.010261 0.008167
12 0.815157 0.393489 0.010847 0.007486
12 0.753152 0.393376 0.010554 0.007713
11 0.715773 0.393262 0.010261 0.007486
12 0.628994 0.393149 0.010261 0.007713
11 0.171064 0.393149 0.010261 0.007713
12 0.609938 0.387024 0.010847 0.007260
11 0.577397 0.380445 0.010261 0.007713
13 0.691733 0.364451 0.010261 0.007033
13 0.670624 0.364338 0.010261 0.007260
13 0.727792 0.360935 0.009675 0.007260
13 0.706098 0.361162 0.009675 0.007713
13 0.748021 0.357872 0.010847 0.007486
13 0.860012 0.354809 0.010261 0.007260
12 0.837145 0.354923 0.010261 0.007486
11 0.813398 0.354923 0.010847 0.007486
11 0.365729 0.354469 0.010261 0.007486
13 0.339050 0.351520 0.010847 0.007033
11 0.788772 0.351293 0.010847 0.007033
13 0.762093 0.348117 0.010261 0.007033
13 0.483289 0.347890 0.010847 0.006579
13 0.310320 0.347777 0.010847 0.007260
13 0.497361 0.341765 0.010847 0.007033
13 0.469950 0.341311 0.009968 0.007033
13 0.324978 0.341538 0.009675 0.007486
13 0.296687 0.341311 0.009968 0.007033
12 0.419378 0.338475 0.010847 0.007260
13 0.282175 0.338362 0.010847 0.007486
12 0.443272 0.338249 0.010554 0.007713
12 0.400176 0.334959 0.009968 0.007486
13 0.268690 0.335073 0.009675 0.008167
13 0.512606 0.332010 0.010847 0.007486
13 0.219144 0.331897 0.010261 0.007260
13 0.247875 0.328834 0.010261 0.006579
12 0.548080 0.325658 0.010261 0.007486
12 0.529610 0.325658 0.010847 0.007486
13 0.233802 0.325544 0.010261 0.007260
12 0.592641 0.322822 0.010261 0.007713
12 0.566843 0.322709 0.010261 0.007486
13 0.199208 0.322255 0.010261 0.007486
12 0.619760 0.318966 0.010554 0.007260
13 0.170331 0.318852 0.009968 0.007033
13 0.184990 0.315789 0.011140 0.007260
12 0.649370 0.303085 0.010554 0.007260
13 0.675315 0.296393 0.009675 0.007486
13 0.727939 0.293330 0.010554 0.007260
12 0.696130 0.290154 0.010261 0.007260
13 0.397391 0.286751 0.010847 0.007260
12 0.302257 0.286638 0.009968 0.007486
11 0.273380 0.286638 0.010261 0.007486
12 0.240838 0.283575 0.010847 0.006806
12 0.348871 0.283689 0.009968 0.007486
12 0.323512 0.283462 0.010847 0.007486
13 0.743624 0.280966 0.010261 0.007033
13 0.380827 0.280740 0.010554 0.007033
12 0.220317 0.280513 0.010847 0.007033
11 0.581208 0.277564 0.010261 0.007940
11 0.170185 0.277337 0.010261 0.007486
12 0.199062 0.276996 0.010554 0.007713
11 0.621665 0.274387 0.010261 0.007033
13 0.760334 0.271438 0.010847 0.007033
17 0.543536 0.271211 0.011727 0.007486
13 0.413662 0.270758 0.010554 0.007033
13 0.429346 0.267582 0.010261 0.007033
13 0.775872 0.265086 0.010261 0.007940
12 0.468631 0.264746 0.010261 0.007260
12 0.448402 0.264859 0.010847 0.007486
12 0.509968 0.264519 0.010847 0.007713
12 0.489446 0.264519 0.010847 0.007713
12 0.857666 0.258848 0.010847 0.006806
12 0.815743 0.258961 0.010261 0.007033
12 0.794928 0.258734 0.010847 0.007033
12 0.836558 0.258507 0.010847 0.007033
12 0.769422 0.236615 0.010261 0.007260
12 0.788772 0.233212 0.010261 0.007713
13 0.616681 0.232872 0.010847 0.007486
12 0.593521 0.232872 0.010261 0.007486
12 0.815010 0.230150 0.009968 0.007486
12 0.834799 0.226974 0.010847 0.007486
11 0.238200 0.222663 0.010847 0.007486
12 0.854148 0.220395 0.010261 0.007033
12 0.744650 0.220281 0.010554 0.007260
13 0.345500 0.219828 0.010847 0.007713
12 0.266637 0.219487 0.010261 0.007486
13 0.192612 0.219147 0.009968 0.007260
12 0.713281 0.217105 0.009968 0.007260
12 0.359132 0.216538 0.009968 0.007486
13 0.333480 0.216538 0.010261 0.007486
12 0.299619 0.216311 0.010554 0.007486
13 0.207710 0.216084 0.010847 0.007486
13 0.178393 0.216084 0.010847 0.007486
12 0.692905 0.213929 0.010261 0.007260
11 0.489739 0.213702 0.010847 0.006806
13 0.319408 0.213362 0.010261 0.007033
11 0.645412 0.210753 0.011434 0.007713
11 0.458663 0.210526 0.010847 0.007713
12 0.673263 0.210413 0.010847 0.007940
12 0.379214 0.210299 0.010847 0.007713
13 0.223248 0.209732 0.010261 0.007940
12 0.425535 0.207010 0.010261 0.007486
12 0.398857 0.203494 0.010847 0.007713
13 0.714013 0.165608 0.010261 0.006806
12 0.688508 0.165721 0.009675 0.007033
12 0.354002 0.165495 0.010261 0.007033
13 0.246409 0.165268 0.010847 0.007033
12 0.220903 0.165268 0.010261 0.007033
11 0.821900 0.162545 0.010261 0.007486
17 0.392260 0.161865 0.011727 0.007940
12 0.531662 0.159256 0.010261 0.006806
12 0.853122 0.159142 0.010554 0.007033
11 0.660657 0.159142 0.010261 0.007033
13 0.769129 0.159029 0.010261 0.007260
11 0.425828 0.158689 0.010847 0.007033
12 0.553650 0.156193 0.010847 0.007033
11 0.633539 0.156193 0.011140 0.007486
12 0.332307 0.155966 0.010261 0.007033
13 0.786719 0.155966 0.010261 0.007486
13 0.751539 0.156080 0.010261 0.007713
13 0.517297 0.155966 0.010847 0.007486
13 0.488420 0.155966 0.010554 0.007486
12 0.466286 0.155853 0.010847 0.007260
12 0.597332 0.152904 0.010261 0.007260
13 0.502639 0.152790 0.009675 0.007486
13 0.804016 0.149841 0.009675 0.007486
12 0.575491 0.149841 0.011140 0.007486
12 0.310026 0.149387 0.010261 0.007033
11 0.279244 0.142809 0.010847 0.007486
18 0.205951 0.134642 0.009675 0.007940
5 0.323659 0.684891 0.012899 0.017241
1 0.153767 0.148026 0.022574 0.045599
4 0.176781 0.136003 0.009968 0.018829
4 0.414101 0.206783 0.009675 0.019737
1 0.116242 0.209052 0.022574 0.046053
4 0.802990 0.229923 0.009381 0.018829
4 0.569774 0.277790 0.009675 0.018376
4 0.139695 0.196801 0.009675 0.018829
4 0.139695 0.265086 0.009088 0.019283
4 0.610818 0.274614 0.009675 0.019283
1 0.116535 0.276656 0.022574 0.046053
4 0.581648 0.322482 0.009381 0.019737
4 0.479185 0.213362 0.009675 0.019737
4 0.257842 0.335186 0.009088 0.020191
4 0.757989 0.236502 0.009675 0.018829
5 0.432278 0.335186 0.008502 0.016107
4 0.337877 0.283462 0.009088 0.018829
5 0.424949 0.463589 0.008502 0.016107
4 0.140575 0.386910 0.009088 0.018829
4 0.663588 0.296393 0.009675 0.018376
3 0.205658 0.463702 0.007329 0.019964
3 0.388889 0.334959 0.007329 0.019283
3 0.351656 0.464043 0.007329 0.019737
5 0.437702 0.408916 0.009381 0.015653
1 0.117268 0.399161 0.022867 0.046053
4 0.208590 0.332010 0.009088 0.018376
5 0.266784 0.409142 0.008209 0.015653
3 0.785840 0.399387 0.007329 0.019737
5 0.291850 0.450885 0.008502 0.015653
3 0.598798 0.386683 0.007329 0.020191
4 0.657432 0.523934 0.009675 0.019737
5 0.848285 0.396665 0.007916 0.015653
1 0.118294 0.476293 0.022574 0.046053
5 0.673263 0.396211 0.008502 0.015653
5 0.808707 0.524614 0.008502 0.015653
1 0.116828 0.337908 0.022574 0.046053
4 0.680592 0.363997 0.009088 0.018829
3 0.317942 0.580082 0.007329 0.019964
4 0.500293 0.525068 0.009675 0.018829
5 0.213574 0.672754 0.010261 0.015653
1 0.118587 0.537772 0.022574 0.046506
4 0.139988 0.325658 0.009088 0.018829
4 0.140868 0.464043 0.009088 0.018829
4 0.141454 0.602427 0.010261 0.018829
4 0.140868 0.525295 0.009675 0.018829
5 0.850044 0.486048 0.008502 0.015653
3 0.469804 0.525068 0.007329 0.020644
4 0.281003 0.547074 0.009675 0.019283
4 0.278950 0.893262 0.009088 0.018376
5 0.698476 0.473117 0.007916 0.015653
3 0.849751 0.524841 0.007329 0.019737
5 0.327617 0.534710 0.009088 0.016334
5 0.191586 0.396211 0.009088 0.015653
4 0.189827 0.807055 0.009675 0.017922
3 0.824245 0.486275 0.007329 0.019737
5 0.780563 0.476747 0.007916 0.015653
4 0.555995 0.473571 0.009088 0.019283
4 0.850630 0.857418 0.009675 0.018829
1 0.118587 0.743308 0.022574 0.045599
1 0.118587 0.804106 0.023160 0.045599
5 0.439607 0.512024 0.007916 0.016788
5 0.597039 0.511910 0.008502 0.015653
3 0.740985 0.614224 0.007329 0.019283
3 0.350191 0.698162 0.007329 0.019737
1 0.119173 0.874660 0.022574 0.046053
5 0.234389 0.556375 0.009088 0.016107
4 0.549985 0.869896 0.009381 0.019737
4 0.232190 0.871711 0.009381 0.018829
4 0.443418 0.827926 0.009088 0.018376
5 0.585605 0.589043 0.009088 0.015653
5 0.504691 0.441583 0.008502 0.016107
4 0.502785 0.867173 0.009968 0.018829
1 0.118880 0.614678 0.022574 0.046053
5 0.277485 0.580876 0.008502 0.016107
5 0.713134 0.869669 0.008502 0.015653
4 0.194664 0.874206 0.009381 0.018829
3 0.626942 0.524614 0.007329 0.020191
5 0.800792 0.611388 0.008502 0.014519
5 0.714013 0.601520 0.008502 0.015653
5 0.400322 0.695213 0.007916 0.014746
3 0.296834 0.685458 0.007916 0.020191
3 0.673996 0.869555 0.007622 0.019510
4 0.141747 0.791629 0.009675 0.018829
4 0.710789 0.807963 0.009088 0.017468
4 0.142187 0.862182 0.009968 0.018376
4 0.486221 0.821574 0.009088 0.018376
5 0.452213 0.457237 0.007916 0.015653
4 0.141161 0.730830 0.009088 0.018829
5 0.202873 0.589837 0.008795 0.016334
4 0.847405 0.739224 0.008502 0.018376
1 0.118734 0.675703 0.022867 0.046506
5 0.736001 0.534369 0.008502 0.015653
4 0.141161 0.663680 0.009675 0.018829
3 0.683524 0.602087 0.007329 0.019056
4 0.716212 0.360708 0.008209 0.018149
4 0.736148 0.357759 0.010554 0.017695
3 0.376869 0.411751 0.006743 0.019056
3 0.357227 0.409029 0.006157 0.019056