7 0.709218 0.844582 0.012794 0.015576
7 0.395464 0.844357 0.012213 0.015576
7 0.578947 0.844131 0.012794 0.016479
7 0.489096 0.843905 0.012213 0.016027
7 0.302413 0.843905 0.012213 0.015124
7 0.205874 0.843454 0.012213 0.015576
10 0.772318 0.839503 0.013376 0.005418
10 0.643210 0.839616 0.013376 0.006095
6 0.600756 0.843454 0.009887 0.023702
6 0.730445 0.842777 0.011050 0.023251
6 0.417272 0.842551 0.010468 0.023702
6 0.510323 0.842551 0.010468 0.023251
6 0.323059 0.842325 0.010468 0.023702
6 0.227682 0.841874 0.010468 0.023251
9 0.686682 0.842664 0.004943 0.071332
7 0.793254 0.765124 0.012794 0.015124
7 0.848212 0.764560 0.012213 0.017156
7 0.722012 0.764673 0.012213 0.015124
7 0.667054 0.764221 0.012794 0.016027
7 0.603082 0.764221 0.012794 0.015124
7 0.547543 0.764221 0.012213 0.015124
7 0.481826 0.763995 0.012213 0.015576
7 0.428031 0.763544 0.012794 0.016027
10 0.308811 0.550339 0.011050 0.004966
10 0.332073 0.550113 0.008723 0.004966
9 0.783367 0.406998 0.012794 0.026637
6 0.627072 0.194018 0.005525 0.028217
17 0.824513 0.873702 0.011341 0.006998
17 0.682320 0.873025 0.009596 0.007901
11 0.682611 0.860158 0.010177 0.007901
12 0.682030 0.837923 0.009596 0.007675
12 0.682030 0.827991 0.009596 0.007675
12 0.174760 0.872348 0.009887 0.007901
12 0.174615 0.859481 0.009596 0.007449
12 0.174760 0.843228 0.009887 0.007449
11 0.550596 0.872009 0.010177 0.008126
12 0.550451 0.843567 0.009887 0.007223
12 0.550451 0.850790 0.009887 0.007223
17 0.367113 0.859932 0.009596 0.007449
11 0.366822 0.843679 0.009596 0.007449
12 0.366822 0.827652 0.009596 0.006998
17 0.270282 0.859481 0.010177 0.006998
12 0.269700 0.846388 0.009596 0.006998
12 0.269700 0.830587 0.009596 0.007901
12 0.460599 0.846727 0.009887 0.006772
12 0.460599 0.853499 0.009887 0.006772
12 0.399680 0.791986 0.010177 0.007449
12 0.288601 0.791084 0.010177 0.007449
12 0.174324 0.791084 0.009596 0.007901
12 0.362169 0.788600 0.009596 0.007449
12 0.251381 0.788600 0.010177 0.007449
12 0.338325 0.785214 0.009596 0.007449
12 0.226083 0.784876 0.009596 0.008126
12 0.818988 0.780474 0.010177 0.007449
12 0.818116 0.761287 0.010177 0.006998
12 0.312445 0.779345 0.010177 0.006998
12 0.200204 0.778668 0.010177 0.006998
12 0.453766 0.772912 0.009596 0.007223
12 0.517592 0.770203 0.009887 0.008126
12 0.693079 0.767043 0.010177 0.006772
12 0.693079 0.773815 0.010177 0.006772
11 0.573568 0.766591 0.010759 0.006772
12 0.573568 0.773363 0.010759 0.006772
12 0.762722 0.763883 0.010468 0.006772
12 0.762722 0.770655 0.010468 0.006772
12 0.637540 0.763883 0.010759 0.006772
12 0.637540 0.770655 0.010759 0.006772
12 0.649462 0.723138 0.010177 0.007901
12 0.844868 0.717043 0.010177 0.007449
12 0.608462 0.717269 0.010759 0.007901
12 0.175051 0.715688 0.009887 0.006998
12 0.558883 0.714334 0.009887 0.006998
12 0.794853 0.714108 0.010177 0.007901
12 0.821896 0.710948 0.010759 0.007449
12 0.763739 0.711174 0.010759 0.007901
12 0.584908 0.710948 0.010177 0.007901
12 0.526752 0.710722 0.010177 0.007449
13 0.201948 0.710271 0.009596 0.007449
12 0.724193 0.707788 0.010759 0.006998
12 0.485897 0.707901 0.010468 0.007675
12 0.675051 0.704628 0.010177 0.006998
12 0.437191 0.704402 0.010177 0.006998
12 0.698313 0.701467 0.010177 0.007449
12 0.460599 0.701242 0.010468 0.007449
12 0.410875 0.701242 0.009887 0.007449
13 0.225938 0.701016 0.009887 0.007901
12 0.368857 0.694921 0.010177 0.007901
12 0.249927 0.694695 0.009596 0.007449
12 0.318843 0.691761 0.010177 0.006998
12 0.343850 0.688826 0.010177 0.006998
12 0.287874 0.688600 0.010468 0.007449
12 0.663710 0.648194 0.010177 0.007901
12 0.460163 0.647517 0.010177 0.007449
12 0.270282 0.647743 0.009596 0.007901
13 0.815789 0.646163 0.010759 0.007901
12 0.846322 0.645937 0.010177 0.007901
13 0.602646 0.645711 0.010177 0.007449
12 0.632887 0.645485 0.010177 0.007449
12 0.429921 0.645485 0.010177 0.007449
12 0.236551 0.645260 0.009596 0.007901
13 0.789619 0.642438 0.009596 0.007675
13 0.686973 0.642325 0.010177 0.007449
13 0.481099 0.641874 0.010177 0.006998
13 0.408694 0.641874 0.010759 0.006998
13 0.573568 0.641874 0.010177 0.007449
13 0.290928 0.641535 0.010177 0.007675
13 0.215470 0.641196 0.009887 0.007449
13 0.386886 0.635214 0.010177 0.007223
13 0.195551 0.634763 0.010177 0.007223
13 0.708491 0.632844 0.010177 0.007449
13 0.501163 0.631941 0.010759 0.007449
13 0.311864 0.632167 0.010177 0.007901
12 0.366095 0.629007 0.009887 0.006998
12 0.174905 0.628555 0.010759 0.007901
12 0.729136 0.626524 0.010759 0.006998
12 0.522826 0.625847 0.009887 0.007449
12 0.331492 0.625621 0.009887 0.006998
12 0.766938 0.620203 0.010177 0.007449
12 0.551759 0.619752 0.010177 0.007449
12 0.721285 0.582506 0.010177 0.007449
12 0.318552 0.581828 0.009596 0.007449
12 0.374527 0.578894 0.009887 0.006998
12 0.780023 0.579120 0.010177 0.007901
12 0.743239 0.576072 0.009305 0.007675
12 0.339779 0.574831 0.009596 0.007449
13 0.802995 0.573476 0.010177 0.007449
12 0.678831 0.572912 0.009596 0.007675
13 0.395900 0.572122 0.010177 0.007449
12 0.273190 0.571896 0.010177 0.006998
12 0.700640 0.569865 0.010177 0.007901
12 0.641029 0.569639 0.010759 0.007449
12 0.295580 0.568736 0.009596 0.007449
12 0.240622 0.568736 0.010177 0.007449
12 0.542309 0.566027 0.010468 0.006998
13 0.824222 0.563770 0.009596 0.007449
12 0.617912 0.563093 0.010468 0.007901
12 0.573277 0.563093 0.010177 0.007901
13 0.417127 0.562754 0.009596 0.007223
12 0.218814 0.562415 0.009596 0.006998
12 0.174469 0.562190 0.010468 0.007901
12 0.595377 0.559707 0.010177 0.006998
12 0.439227 0.559481 0.009596 0.006998
12 0.197005 0.558804 0.010177 0.006998
12 0.845449 0.557223 0.010177 0.007449
12 0.519192 0.556546 0.010177 0.006998
12 0.475720 0.556546 0.009887 0.006998
12 0.497383 0.553160 0.009596 0.006998
12 0.679558 0.509707 0.009887 0.007675
12 0.648008 0.506885 0.009596 0.007901
13 0.702094 0.503725 0.009596 0.007449
13 0.626636 0.500113 0.009887 0.007449
12 0.845885 0.497404 0.009887 0.006998
13 0.605263 0.496953 0.010759 0.006998
13 0.724193 0.494018 0.010177 0.007449
12 0.582146 0.493679 0.010468 0.007675
12 0.746002 0.490632 0.009596 0.007449
12 0.506688 0.490406 0.010177 0.006998
12 0.550451 0.490293 0.009887 0.007675
12 0.779006 0.487923 0.010468 0.006998
12 0.822768 0.487923 0.009596 0.007449
12 0.802268 0.484763 0.010468 0.006998
12 0.528787 0.483860 0.010177 0.006998
12 0.406950 0.483860 0.010759 0.006998
12 0.452166 0.483747 0.009887 0.007675
12 0.485752 0.481038 0.010177 0.007223
12 0.386304 0.477652 0.010177 0.007223
12 0.285694 0.477540 0.010177 0.006998
12 0.429631 0.477540 0.010759 0.007449
12 0.328148 0.477314 0.010177 0.007449
12 0.251963 0.474379 0.009596 0.007449
12 0.350829 0.467833 0.009596 0.007449
12 0.307502 0.467381 0.010177 0.006998
12 0.202384 0.467381 0.010468 0.007449
13 0.223757 0.464108 0.010177 0.007675
12 0.174033 0.463770 0.010759 0.007901
12 0.440390 0.431490 0.010177 0.007449
12 0.553795 0.424944 0.010177 0.006998
12 0.317534 0.425169 0.009887 0.007449
12 0.466415 0.424944 0.009887 0.007449
12 0.581419 0.421670 0.010177 0.007223
12 0.606426 0.418849 0.010177 0.007901
12 0.528787 0.418849 0.010759 0.007901
12 0.344432 0.415688 0.009596 0.006998
12 0.645536 0.415350 0.010468 0.007223
12 0.491858 0.415237 0.010177 0.007449
12 0.668508 0.412528 0.010468 0.007901
12 0.369148 0.409594 0.010177 0.006998
12 0.411021 0.409368 0.010177 0.006998
12 0.695406 0.409368 0.010177 0.007449
12 0.294126 0.408916 0.010177 0.007449
12 0.720122 0.406433 0.010759 0.007449
12 0.255743 0.406095 0.010177 0.007675
12 0.205147 0.405982 0.010177 0.007449
12 0.758069 0.403047 0.010468 0.007449
12 0.230300 0.402596 0.010468 0.007449
12 0.174324 0.402370 0.010177 0.007901
12 0.841960 0.399549 0.010177 0.008126
13 0.783803 0.399436 0.010177 0.007901
12 0.808520 0.396388 0.010177 0.007675
12 0.768974 0.352483 0.009596 0.007449
12 0.728555 0.352257 0.010177 0.007449
12 0.523699 0.349097 0.009887 0.007449
12 0.485315 0.348871 0.009887 0.007449
12 0.843559 0.343228 0.009887 0.007449
12 0.793399 0.343228 0.010177 0.007449
13 0.703838 0.339842 0.010177 0.007449
13 0.677959 0.339729 0.010177 0.007223
13 0.548415 0.339729 0.010468 0.007223
13 0.433411 0.337133 0.010177 0.007449
12 0.307648 0.336907 0.009887 0.006998
13 0.460744 0.336907 0.010177 0.007449
12 0.282204 0.336682 0.010177 0.006998
13 0.818697 0.336682 0.010759 0.007449
12 0.246583 0.333521 0.009887 0.007449
12 0.222594 0.333409 0.009596 0.007223
12 0.653242 0.333296 0.010177 0.007449
13 0.581128 0.333409 0.010177 0.007675
12 0.410730 0.330135 0.010177 0.007449
12 0.338325 0.329910 0.009596 0.007901
12 0.604972 0.326298 0.010177 0.007901
12 0.368566 0.323815 0.010177 0.006998
12 0.196569 0.323589 0.009887 0.007901
12 0.173161 0.317043 0.010177 0.007901
12 0.520646 0.278217 0.010177 0.007449
12 0.172434 0.275056 0.009887 0.006998
13 0.547252 0.274944 0.009887 0.007675
13 0.572114 0.272122 0.010177 0.007449
12 0.481390 0.272122 0.010177 0.007901
12 0.197296 0.272122 0.009596 0.007901
12 0.222594 0.268849 0.010177 0.007223
12 0.597703 0.268510 0.010177 0.006998
12 0.249346 0.266253 0.010177 0.007449
13 0.455656 0.265801 0.010468 0.007901
12 0.638122 0.265576 0.010759 0.007901
12 0.287438 0.262641 0.010759 0.007901
13 0.665019 0.261964 0.009887 0.007449
12 0.313318 0.259707 0.010177 0.007901
12 0.695987 0.259255 0.010177 0.007901
12 0.338616 0.256546 0.009596 0.007449
12 0.429340 0.256095 0.009596 0.007901
12 0.722012 0.255643 0.010468 0.007449
12 0.365222 0.252709 0.009887 0.007449
12 0.762867 0.252032 0.010177 0.007901
12 0.404042 0.249774 0.010177 0.007449
12 0.788747 0.248871 0.010759 0.007449
12 0.813609 0.245711 0.009887 0.007901
12 0.839634 0.242438 0.010759 0.008126
12 0.724193 0.210045 0.010759 0.007449
12 0.765193 0.210045 0.010177 0.007901
12 0.367694 0.207336 0.010759 0.007901
12 0.790782 0.206433 0.010177 0.007449
12 0.601047 0.203950 0.010468 0.006998
13 0.817389 0.203273 0.010468 0.006998
12 0.407531 0.201016 0.010177 0.007449
13 0.340651 0.201016 0.010177 0.007449
13 0.697150 0.200564 0.010177 0.007901
12 0.842541 0.199887 0.010177 0.007901
13 0.576040 0.197630 0.009887 0.007449
13 0.670980 0.194244 0.010759 0.007449
12 0.433411 0.191535 0.010177 0.006998
13 0.316662 0.191535 0.010468 0.006998
13 0.549433 0.191084 0.010759 0.006998
12 0.483425 0.191196 0.010177 0.007223
12 0.250800 0.188375 0.010177 0.006998
12 0.523117 0.188149 0.010468 0.007901
12 0.645827 0.187810 0.010468 0.008126
12 0.457837 0.185214 0.010177 0.007449
12 0.290346 0.184989 0.010177 0.007449
13 0.224193 0.178668 0.009887 0.007449
12 0.173597 0.175508 0.009887 0.007449
12 0.198750 0.171896 0.010177 0.007901
12 0.585635 0.141196 0.009887 0.006998
13 0.607008 0.138036 0.010759 0.007901
13 0.630125 0.134650 0.010468 0.006998
12 0.549724 0.134650 0.010177 0.006998
12 0.650916 0.131490 0.010177 0.007449
13 0.527624 0.128555 0.010177 0.006998
12 0.684501 0.128104 0.009887 0.007449
13 0.705438 0.125169 0.010468 0.007901
12 0.306484 0.122686 0.009887 0.007449
13 0.728264 0.121558 0.010759 0.007449
12 0.406804 0.119752 0.010468 0.007449
12 0.384269 0.119639 0.010177 0.007223
12 0.199913 0.119752 0.010177 0.007449
13 0.506252 0.119526 0.009887 0.007449
12 0.449695 0.119413 0.010759 0.007675
12 0.750654 0.118397 0.010177 0.007901
12 0.428613 0.116140 0.009887 0.006998
12 0.349811 0.116479 0.010468 0.007675
12 0.222158 0.116366 0.010468 0.007449
12 0.171562 0.116366 0.009887 0.007449
12 0.783076 0.115011 0.010468 0.007901
12 0.242949 0.113431 0.010177 0.007901
12 0.485461 0.112980 0.010177 0.007901
12 0.326985 0.112980 0.010759 0.008352
13 0.803867 0.111964 0.010759 0.007675
12 0.277552 0.110045 0.009596 0.007901
13 0.826258 0.108691 0.010177 0.007449
12 0.847630 0.105079 0.009887 0.007901
4 0.141756 0.113205 0.009596 0.018284
1 0.121402 0.125056 0.022972 0.045598
4 0.142919 0.259481 0.009596 0.018284
3 0.684937 0.259029 0.007270 0.020542
4 0.188572 0.119413 0.009014 0.018962
4 0.293399 0.122460 0.009305 0.019187
4 0.325531 0.330135 0.009014 0.018736
1 0.121692 0.348081 0.021809 0.045598
1 0.122419 0.417381 0.022099 0.046050
4 0.828584 0.400113 0.009014 0.018284
4 0.354754 0.324153 0.008723 0.018962
3 0.193370 0.405756 0.007560 0.020090
1 0.120529 0.271670 0.022390 0.045824
1 0.119802 0.194018 0.022099 0.045824
4 0.568043 0.333747 0.009014 0.019187
4 0.804158 0.647065 0.009596 0.018736
5 0.397790 0.405530 0.008142 0.016027
4 0.142919 0.336230 0.009014 0.018284
4 0.144664 0.474153 0.009596 0.018736
4 0.143501 0.405756 0.009596 0.018284
1 0.123146 0.485440 0.021809 0.045372
4 0.781477 0.715011 0.009596 0.018284
3 0.294708 0.468284 0.007270 0.020090
3 0.640448 0.333747 0.007270 0.019187
4 0.305467 0.691761 0.009596 0.019187
1 0.123146 0.554740 0.022390 0.045824
3 0.396482 0.331264 0.006688 0.020090
3 0.241058 0.474379 0.006979 0.019639
3 0.834254 0.646614 0.007560 0.020090
5 0.428031 0.428555 0.008723 0.015576
4 0.590433 0.645260 0.009596 0.018736
1 0.123873 0.623702 0.022681 0.046050
1 0.123582 0.693679 0.022681 0.045147
1 0.123728 0.842325 0.021809 0.045824
4 0.145246 0.750226 0.009014 0.018284
4 0.145391 0.830361 0.009305 0.018736
4 0.145246 0.682054 0.009014 0.018284
4 0.189154 0.467494 0.009014 0.018962
1 0.123728 0.762415 0.022390 0.045824
4 0.144373 0.543228 0.009596 0.018736
3 0.620820 0.645260 0.007560 0.020090
4 0.144955 0.612302 0.009014 0.018736
4 0.545944 0.715011 0.008433 0.018284
4 0.141902 0.181941 0.008723 0.018059
4 0.160657 0.175959 0.008433 0.018284