7 0.793860 0.862174 0.012865 0.023783
7 0.732456 0.858324 0.012865 0.016535
7 0.659357 0.858097 0.012865 0.016535
7 0.190351 0.860589 0.012865 0.022877
7 0.304678 0.857078 0.012281 0.016308
7 0.341228 0.856738 0.012865 0.016082
6 0.842105 0.855379 0.011111 0.023330
6 0.816959 0.855606 0.011111 0.022424
6 0.680702 0.854700 0.011111 0.022424
9 0.825439 0.799094 0.006433 0.025368
7 0.787135 0.794451 0.012865 0.016082
6 0.167544 0.789921 0.011111 0.022424
10 0.854094 0.714836 0.013450 0.005889
7 0.186842 0.722424 0.012281 0.022877
6 0.606725 0.715629 0.011111 0.021971
6 0.586257 0.715629 0.011111 0.021971
6 0.548246 0.715402 0.011111 0.021971
6 0.222222 0.715176 0.010526 0.021971
6 0.201754 0.714949 0.010526 0.021518
6 0.279240 0.714949 0.011111 0.021971
6 0.259064 0.715176 0.010526 0.022424
7 0.273977 0.453794 0.012865 0.016082
7 0.350877 0.453794 0.012281 0.015629
7 0.166374 0.453567 0.012865 0.016535
7 0.489181 0.453114 0.012865 0.016082
6 0.313450 0.450623 0.011111 0.022877
6 0.291813 0.450623 0.011111 0.023330
10 0.844883 0.373273 0.013743 0.005889
7 0.803655 0.377237 0.013158 0.016988
7 0.208772 0.310872 0.012865 0.015176
9 0.747076 0.310872 0.013450 0.027860
8 0.677778 0.314043 0.014035 0.022877
7 0.306433 0.309853 0.012865 0.016308
8 0.626608 0.316648 0.014620 0.028539
8 0.837135 0.302039 0.014620 0.032843
6 0.226023 0.306795 0.011111 0.021518
8 0.795322 0.313364 0.016374 0.036014
6 0.389766 0.176784 0.011111 0.021971
6 0.368713 0.177350 0.011111 0.023556
6 0.329825 0.177237 0.010526 0.023330
6 0.755848 0.175878 0.011111 0.022424
6 0.798538 0.175651 0.011111 0.022424
6 0.823684 0.175198 0.011111 0.023330
7 0.650000 0.109287 0.012281 0.027407
8 0.538596 0.122537 0.014035 0.031257
7 0.590643 0.115402 0.012865 0.017441
6 0.554094 0.112005 0.011111 0.021971
6 0.699123 0.111438 0.011111 0.022650
6 0.666082 0.111778 0.010526 0.022424
6 0.717836 0.111778 0.011111 0.023783
12 0.280848 0.885277 0.010819 0.008381
12 0.361111 0.879162 0.010526 0.007475
13 0.231579 0.875991 0.010526 0.007475
11 0.772222 0.874179 0.011111 0.007022
12 0.772222 0.881200 0.011111 0.007022
12 0.706140 0.877010 0.010526 0.007248
18 0.715205 0.874066 0.010526 0.007248
12 0.510965 0.873499 0.010819 0.007475
12 0.382602 0.873046 0.010234 0.007475
13 0.246930 0.872820 0.010234 0.007928
12 0.168567 0.872593 0.010234 0.007475
13 0.208918 0.872593 0.010234 0.007928
12 0.534064 0.863760 0.011404 0.007928
12 0.405409 0.863760 0.010234 0.007928
13 0.263304 0.863307 0.010234 0.007928
12 0.556579 0.857644 0.010819 0.007475
12 0.426170 0.857191 0.010819 0.007475
12 0.578216 0.851529 0.010819 0.008381
12 0.448392 0.851302 0.010819 0.007928
17 0.600439 0.841789 0.010819 0.007928
17 0.489327 0.841110 0.010819 0.007475
12 0.639327 0.835447 0.011404 0.008381
13 0.831579 0.797848 0.010526 0.007022
12 0.669883 0.797395 0.011111 0.007475
12 0.669152 0.781767 0.010819 0.007928
12 0.501462 0.797169 0.010526 0.007022
12 0.500731 0.781314 0.010819 0.007928
13 0.845614 0.795130 0.010526 0.007928
13 0.807164 0.794904 0.010819 0.007928
12 0.767398 0.794677 0.010819 0.007475
12 0.649854 0.794677 0.010819 0.007475
12 0.569444 0.794451 0.011404 0.007475
13 0.569298 0.778143 0.011111 0.007475
12 0.481140 0.793998 0.011404 0.007475
11 0.367836 0.793998 0.011111 0.007475
13 0.368275 0.777576 0.011404 0.007248
12 0.629971 0.790940 0.010819 0.007701
12 0.462427 0.790600 0.011404 0.007928
11 0.198684 0.790374 0.010234 0.007475
13 0.860819 0.788562 0.010526 0.007475
13 0.708041 0.788562 0.010234 0.007475
13 0.707749 0.778369 0.011404 0.007928
12 0.537719 0.788109 0.011111 0.007928
13 0.537719 0.777916 0.011111 0.007475
12 0.614327 0.787656 0.010526 0.007475
11 0.601901 0.784485 0.010819 0.007475
12 0.444591 0.787656 0.010819 0.007475
11 0.431725 0.784032 0.010819 0.007022
11 0.273977 0.787203 0.010526 0.007022
11 0.224269 0.787203 0.011111 0.007475
11 0.299269 0.784485 0.010234 0.007022
13 0.722515 0.781993 0.010526 0.007928
13 0.384357 0.781314 0.010819 0.007022
13 0.553947 0.781314 0.010819 0.007928
11 0.325877 0.781087 0.010819 0.007928
13 0.737135 0.778596 0.011111 0.007475
13 0.399415 0.777690 0.010526 0.007022
13 0.751316 0.772480 0.010819 0.007928
13 0.584942 0.772027 0.011404 0.007928
13 0.414474 0.771348 0.010819 0.007928
12 0.167982 0.733975 0.010234 0.007475
11 0.502632 0.727860 0.010526 0.007022
13 0.651316 0.724915 0.010234 0.007475
11 0.526462 0.724689 0.010819 0.007022
12 0.629971 0.724802 0.010819 0.007701
12 0.323830 0.724462 0.010234 0.007928
18 0.324269 0.709513 0.007018 0.003398
12 0.301608 0.724236 0.010819 0.007928
17 0.787281 0.722197 0.010819 0.007475
17 0.786696 0.706342 0.011988 0.007475
17 0.455556 0.721291 0.011696 0.007022
12 0.748684 0.718800 0.010819 0.007475
12 0.419591 0.718120 0.010526 0.007475
12 0.731140 0.715629 0.010819 0.006569
12 0.402193 0.715176 0.010234 0.007022
12 0.714181 0.709287 0.010819 0.007475
12 0.385526 0.708834 0.010819 0.007022
11 0.685234 0.702718 0.010234 0.007475
11 0.354094 0.702492 0.010526 0.007475
12 0.390205 0.675085 0.010234 0.007475
12 0.389327 0.659003 0.009649 0.007022
11 0.337573 0.674858 0.011404 0.008381
11 0.167982 0.674405 0.010234 0.007928
12 0.224123 0.674179 0.010234 0.007928
12 0.223246 0.658550 0.009649 0.007475
17 0.442544 0.671687 0.011988 0.007475
17 0.441667 0.656059 0.011404 0.007022
11 0.272807 0.671461 0.012281 0.007475
17 0.271784 0.655379 0.011988 0.007022
11 0.473830 0.668743 0.010819 0.007022
12 0.515643 0.668743 0.010819 0.007475
12 0.406433 0.668516 0.010526 0.007022
12 0.406140 0.652661 0.010526 0.007928
12 0.239474 0.668177 0.010526 0.006795
12 0.239181 0.652435 0.009942 0.007475
12 0.200146 0.668290 0.010234 0.007022
11 0.299269 0.668063 0.010819 0.007022
12 0.367105 0.668063 0.010819 0.007475
12 0.367105 0.675538 0.010819 0.007475
12 0.855994 0.666704 0.010819 0.007475
12 0.557164 0.665572 0.010819 0.007475
12 0.838743 0.663307 0.011404 0.007022
12 0.597515 0.662401 0.010819 0.007022
12 0.539035 0.662174 0.010234 0.007022
12 0.820760 0.660136 0.011111 0.007475
12 0.653070 0.659683 0.010819 0.007475
12 0.574708 0.659456 0.010819 0.007475
12 0.755263 0.656738 0.011111 0.007475
12 0.695175 0.656285 0.010819 0.007022
12 0.618860 0.656285 0.011404 0.007475
12 0.732018 0.653794 0.010819 0.007928
11 0.789766 0.653794 0.011111 0.008381
12 0.673830 0.653567 0.010234 0.007928
12 0.709795 0.650170 0.010819 0.007022
12 0.523830 0.613137 0.010234 0.008154
12 0.360380 0.612344 0.010819 0.008381
12 0.450585 0.609626 0.010526 0.007475
12 0.490351 0.609173 0.011111 0.007475
12 0.827632 0.607135 0.010819 0.007928
12 0.426901 0.606795 0.010526 0.007248
12 0.655556 0.606908 0.011111 0.007928
12 0.467690 0.606682 0.010234 0.007928
12 0.810673 0.603964 0.010819 0.007475
11 0.846930 0.603964 0.010819 0.007928
12 0.408626 0.603737 0.011404 0.007928
12 0.621491 0.603511 0.011404 0.007928
12 0.343275 0.602605 0.011111 0.007022
12 0.581433 0.602605 0.010819 0.007928
12 0.794298 0.600566 0.010819 0.007022
12 0.598684 0.600113 0.010234 0.007475
12 0.557456 0.599887 0.010819 0.007475
12 0.778509 0.597395 0.010819 0.007928
12 0.706140 0.597169 0.010526 0.007928
17 0.308772 0.596716 0.011696 0.007928
12 0.539912 0.596489 0.010819 0.007928
12 0.391374 0.596489 0.010819 0.007928
12 0.688012 0.593771 0.011111 0.007022
12 0.746637 0.593771 0.010234 0.007475
13 0.275585 0.593318 0.010819 0.007022
12 0.722953 0.591053 0.010819 0.007475
12 0.671345 0.590827 0.010526 0.007475
12 0.252193 0.590374 0.010819 0.007475
13 0.233772 0.586976 0.010234 0.007475
12 0.209649 0.583805 0.010526 0.007475
13 0.193421 0.581087 0.010234 0.007475
12 0.167105 0.577916 0.010234 0.007928
12 0.502193 0.545527 0.010819 0.008381
12 0.422661 0.545753 0.010819 0.008834
12 0.263889 0.545300 0.010234 0.007928
17 0.598977 0.542129 0.010234 0.007475
12 0.438158 0.542129 0.010234 0.007475
12 0.233480 0.542129 0.010234 0.007475
12 0.340789 0.541676 0.010819 0.007475
12 0.662427 0.541676 0.010819 0.007928
12 0.630556 0.541450 0.011404 0.007475
12 0.217251 0.540091 0.009942 0.007928
12 0.406579 0.539185 0.010234 0.007475
12 0.568567 0.538732 0.010234 0.007022
12 0.485380 0.539185 0.010526 0.007928
12 0.455702 0.538958 0.010234 0.007475
12 0.324123 0.538958 0.010234 0.007475
12 0.308480 0.536467 0.010526 0.007928
12 0.519006 0.536014 0.010526 0.007475
12 0.390205 0.536240 0.010234 0.007928
12 0.552193 0.535561 0.011404 0.007475
12 0.200877 0.535561 0.010526 0.007928
13 0.718567 0.532616 0.009649 0.007475
12 0.373246 0.532616 0.010234 0.007928
11 0.285673 0.532390 0.011111 0.007475
11 0.167105 0.532163 0.010819 0.007022
12 0.535380 0.532163 0.011111 0.007928
12 0.646637 0.529219 0.010819 0.007475
13 0.731433 0.529219 0.010819 0.007928
13 0.705409 0.529219 0.010234 0.007928
13 0.744883 0.526048 0.010819 0.007022
13 0.691228 0.525821 0.011111 0.007022
13 0.780409 0.523103 0.010526 0.007928
13 0.758333 0.522650 0.010234 0.007475
13 0.793860 0.519932 0.010526 0.007022
13 0.817105 0.519706 0.010819 0.007475
13 0.861550 0.514043 0.010819 0.007475
13 0.830702 0.516874 0.010526 0.007248
13 0.841228 0.513930 0.010526 0.007248
11 0.701901 0.481200 0.010819 0.007928
12 0.667544 0.478256 0.011111 0.007928
11 0.825000 0.477803 0.010234 0.007928
12 0.611842 0.476217 0.010819 0.007928
11 0.799561 0.475538 0.010819 0.007022
12 0.648830 0.475538 0.011111 0.007022
12 0.760526 0.472367 0.010526 0.007475
12 0.594591 0.472593 0.010819 0.007928
12 0.630556 0.472254 0.011404 0.007701
12 0.575585 0.469422 0.010234 0.007022
12 0.186988 0.469649 0.010819 0.007475
17 0.526754 0.469422 0.011988 0.007475
11 0.849561 0.469196 0.010819 0.007475
11 0.727924 0.469196 0.010819 0.007475
12 0.255994 0.447678 0.010819 0.007475
12 0.367982 0.447452 0.010234 0.007475
17 0.210673 0.447452 0.011404 0.007475
12 0.471930 0.425481 0.011111 0.007928
17 0.437427 0.425481 0.012281 0.007928
17 0.389766 0.425028 0.011696 0.007475
11 0.301316 0.403058 0.009649 0.007022
11 0.300439 0.384258 0.010234 0.007475
11 0.300000 0.367950 0.010526 0.006569
11 0.300000 0.374519 0.010526 0.006569
17 0.274854 0.403284 0.010526 0.007475
11 0.274415 0.384485 0.010819 0.007022
11 0.274269 0.367950 0.011111 0.006569
11 0.274269 0.374519 0.011111 0.006569
11 0.327485 0.403284 0.011111 0.007928
11 0.327193 0.384032 0.010526 0.007475
11 0.326901 0.374632 0.010526 0.006795
11 0.326901 0.367837 0.010526 0.006795
12 0.368275 0.402152 0.010234 0.007475
12 0.367690 0.386976 0.010234 0.006116
12 0.367836 0.371348 0.011111 0.007475
17 0.197807 0.401472 0.010819 0.007928
11 0.197515 0.384485 0.010234 0.007475
11 0.197368 0.368403 0.011111 0.007022
17 0.223099 0.400340 0.010526 0.007475
11 0.222368 0.384032 0.010819 0.007475
11 0.222368 0.368403 0.010234 0.007022
12 0.705556 0.396716 0.010526 0.007475
12 0.779678 0.393545 0.010819 0.007022
17 0.746491 0.393545 0.012281 0.007475
12 0.654240 0.390600 0.010234 0.007475
12 0.679094 0.390374 0.010819 0.007928
13 0.613012 0.386976 0.010819 0.007022
13 0.506433 0.386750 0.011111 0.007022
12 0.566228 0.384485 0.010819 0.007475
12 0.631140 0.384145 0.010819 0.007701
13 0.590789 0.380861 0.010819 0.007475
13 0.529386 0.380634 0.010819 0.007475
13 0.450292 0.374519 0.010526 0.007475
13 0.391520 0.374292 0.010526 0.007475
12 0.482310 0.371348 0.010819 0.007475
12 0.430848 0.371348 0.010819 0.007928
13 0.464766 0.368177 0.010819 0.006569
13 0.414181 0.368177 0.010234 0.007022
11 0.166520 0.362061 0.010819 0.007475
12 0.325877 0.338279 0.010234 0.008381
12 0.351023 0.331937 0.010234 0.006569
13 0.590936 0.331710 0.010526 0.007022
12 0.608480 0.328313 0.011111 0.007475
13 0.639912 0.325821 0.010234 0.007475
12 0.373392 0.322990 0.010526 0.007248
12 0.661404 0.322650 0.011111 0.007475
11 0.513304 0.319253 0.011404 0.007022
13 0.699561 0.319253 0.010819 0.007475
11 0.483772 0.319026 0.010819 0.007022
12 0.391667 0.316535 0.010234 0.007022
12 0.730409 0.316308 0.010526 0.007928
12 0.554532 0.316082 0.010819 0.007928
11 0.165205 0.313590 0.010526 0.007475
12 0.192836 0.310646 0.010234 0.007475
11 0.455409 0.310193 0.010234 0.007475
13 0.767105 0.309966 0.010234 0.007475
12 0.416667 0.310193 0.010526 0.007928
12 0.782456 0.306569 0.011696 0.007022
13 0.805702 0.303398 0.010234 0.007928
12 0.825292 0.300000 0.009649 0.007475
13 0.859211 0.297055 0.010819 0.007475
11 0.347222 0.265572 0.010819 0.007022
12 0.387281 0.262174 0.010234 0.007022
13 0.415205 0.255606 0.010526 0.007475
13 0.279678 0.252661 0.010234 0.007022
17 0.316813 0.252661 0.011988 0.007475
11 0.810380 0.250963 0.007310 0.008154
11 0.817982 0.232956 0.010819 0.007475
12 0.255994 0.249490 0.010234 0.007022
12 0.432602 0.249264 0.010819 0.007475
13 0.463012 0.246546 0.010819 0.007928
13 0.238158 0.246319 0.010234 0.007475
12 0.210380 0.246546 0.010819 0.007928
13 0.191374 0.243148 0.011404 0.007475
17 0.697807 0.242469 0.011404 0.007022
13 0.772076 0.242469 0.010234 0.007475
13 0.858333 0.242242 0.010819 0.007475
12 0.742251 0.242242 0.010234 0.007475
12 0.165936 0.240430 0.010819 0.007928
12 0.480848 0.239977 0.010234 0.007475
13 0.662427 0.239524 0.010819 0.007022
12 0.789035 0.239071 0.010234 0.007928
12 0.637865 0.236580 0.010819 0.007475
13 0.508918 0.233409 0.010234 0.007475
13 0.614474 0.233182 0.010819 0.007475
12 0.587281 0.230238 0.010234 0.007022
13 0.569444 0.227746 0.010234 0.007475
12 0.834942 0.226161 0.010819 0.007022
12 0.543421 0.224122 0.011404 0.007928
17 0.166082 0.204870 0.012281 0.007475
17 0.591813 0.191959 0.011696 0.007475
12 0.553655 0.189241 0.010234 0.007022
12 0.491959 0.189241 0.010819 0.007475
12 0.472368 0.186297 0.011404 0.007928
12 0.528801 0.186070 0.010819 0.007928
13 0.250146 0.183579 0.010234 0.006569
11 0.412719 0.183352 0.011404 0.007022
12 0.452778 0.183126 0.010819 0.007022
12 0.510673 0.182899 0.010819 0.007022
13 0.272661 0.180408 0.009649 0.007475
13 0.235819 0.177010 0.010819 0.007475
11 0.197807 0.177010 0.010819 0.007475
13 0.286550 0.173839 0.010526 0.007022
11 0.850000 0.172480 0.011111 0.007475
13 0.677485 0.169762 0.010526 0.007022
11 0.308918 0.167497 0.010234 0.008381
13 0.698246 0.166591 0.011111 0.007475
11 0.624415 0.163420 0.010819 0.007475
13 0.664181 0.163420 0.010819 0.007928
13 0.714181 0.160476 0.010234 0.007928
11 0.731725 0.154134 0.010234 0.007928
13 0.510819 0.143715 0.010526 0.007475
12 0.633333 0.140317 0.011111 0.007928
12 0.632602 0.124462 0.010819 0.007022
12 0.632456 0.108607 0.011111 0.007928
13 0.525000 0.140091 0.010819 0.007475
13 0.488743 0.140317 0.010819 0.008381
12 0.607164 0.139411 0.010234 0.007475
12 0.606140 0.121857 0.010526 0.007248
11 0.615789 0.118007 0.010526 0.007248
12 0.857749 0.136467 0.010819 0.007022
12 0.806579 0.135787 0.010234 0.007022
12 0.787719 0.132616 0.011111 0.007928
13 0.164181 0.131710 0.010819 0.007022
12 0.835673 0.131937 0.011696 0.007928
13 0.473977 0.131257 0.010526 0.007475
11 0.738012 0.130351 0.010526 0.007475
12 0.773538 0.130125 0.010819 0.007475
12 0.820906 0.129672 0.010819 0.007475
13 0.179094 0.125368 0.010234 0.007475
13 0.460088 0.124915 0.010819 0.007475
13 0.193567 0.119253 0.010526 0.007022
13 0.446930 0.118800 0.010819 0.007022
13 0.216520 0.112458 0.010819 0.007928
12 0.258918 0.109740 0.010234 0.007475
12 0.365936 0.109513 0.010234 0.007475
12 0.233772 0.109513 0.010234 0.007475
12 0.402632 0.106342 0.010526 0.007022
12 0.381140 0.106342 0.010234 0.007022
12 0.297953 0.106342 0.010526 0.007022
12 0.274708 0.106342 0.010234 0.007022
11 0.332018 0.102945 0.010234 0.007928
13 0.434064 0.102718 0.010819 0.007928
1 0.118421 0.115402 0.022807 0.046433
5 0.606579 0.652888 0.011988 0.015629
5 0.533772 0.220045 0.008480 0.016535
4 0.286696 0.107022 0.009064 0.018800
3 0.797222 0.136467 0.007310 0.017894
4 0.246345 0.109740 0.009064 0.018800
3 0.497807 0.233522 0.007310 0.020385
3 0.354825 0.109740 0.007310 0.020159
3 0.297515 0.167497 0.007895 0.020159
4 0.499561 0.144281 0.008480 0.018573
5 0.627924 0.232956 0.007895 0.016535
4 0.137573 0.103171 0.009064 0.018347
5 0.755994 0.306569 0.009649 0.016082
4 0.806287 0.519706 0.008480 0.019706
4 0.392251 0.106795 0.008480 0.019253
4 0.760965 0.242242 0.009649 0.019706
4 0.205702 0.112231 0.009649 0.019706
3 0.543713 0.189468 0.007310 0.019706
5 0.182602 0.307475 0.007895 0.015176
1 0.118567 0.245640 0.021930 0.045980
3 0.847515 0.242469 0.007310 0.019253
3 0.603070 0.233635 0.007310 0.019706
5 0.186404 0.397169 0.008480 0.016082
5 0.404240 0.307022 0.007895 0.015629
3 0.688012 0.166591 0.007602 0.020159
5 0.262135 0.177237 0.007895 0.016082
5 0.816228 0.296602 0.008480 0.015629
3 0.689766 0.319139 0.007602 0.019932
5 0.338743 0.327860 0.008480 0.016082
5 0.451901 0.243375 0.007895 0.015629
4 0.140351 0.571574 0.009942 0.018347
3 0.849561 0.297508 0.007310 0.020612
4 0.138158 0.233862 0.009649 0.018800
4 0.140497 0.639977 0.009649 0.018347
3 0.479094 0.608947 0.006725 0.021065
1 0.120906 0.651529 0.023099 0.045980
3 0.529094 0.662627 0.007895 0.019253
1 0.120906 0.717441 0.022515 0.045527
5 0.847515 0.132390 0.008480 0.016535
5 0.580848 0.328086 0.008480 0.014723
5 0.304240 0.249490 0.008480 0.015629
3 0.472807 0.319479 0.007602 0.019253
4 0.851316 0.513817 0.008480 0.019253
4 0.806579 0.232729 0.009649 0.018347
4 0.186404 0.790827 0.008480 0.018800
5 0.225877 0.243375 0.008480 0.015629
4 0.820614 0.798075 0.009064 0.019253
3 0.184211 0.581087 0.007602 0.019706
4 0.260965 0.787429 0.009064 0.018800
3 0.404240 0.255379 0.007310 0.019253
4 0.694006 0.396942 0.008480 0.018800
5 0.644591 0.387429 0.007895 0.015176
5 0.444006 0.306795 0.007895 0.015629
4 0.438743 0.609400 0.009064 0.019253
4 0.570029 0.603058 0.009649 0.018347
3 0.610380 0.602831 0.007310 0.019706
5 0.186111 0.366138 0.008480 0.015629
1 0.119737 0.793092 0.022515 0.045527
5 0.651316 0.319479 0.008480 0.016082
5 0.403363 0.364100 0.009064 0.014723
4 0.378216 0.659456 0.009064 0.018347
4 0.769591 0.523783 0.009357 0.018800
1 0.119737 0.582899 0.022515 0.045527
4 0.502339 0.319706 0.009357 0.019253
4 0.141228 0.780861 0.009357 0.018347
3 0.603363 0.386523 0.007310 0.018347
5 0.580117 0.377010 0.009357 0.015629
3 0.495760 0.386976 0.007310 0.019253
3 0.381871 0.374745 0.007602 0.019706
4 0.586988 0.663080 0.009064 0.018800
4 0.221345 0.875991 0.009357 0.018800
4 0.141374 0.706116 0.009649 0.018347
3 0.736404 0.594224 0.007895 0.019706
3 0.669444 0.390374 0.007310 0.020159
5 0.518129 0.377237 0.009357 0.015629
5 0.361842 0.319026 0.008480 0.015629
4 0.212135 0.658550 0.009064 0.018800
4 0.139766 0.843715 0.008772 0.016761
1 0.120468 0.855266 0.021637 0.045300
4 0.137719 0.297848 0.008772 0.017667
1 0.119006 0.309626 0.021637 0.045753
4 0.138889 0.441223 0.008187 0.018120
1 0.119883 0.453001 0.021637 0.045300
4 0.139474 0.503964 0.008772 0.017667
1 0.120175 0.515062 0.021637 0.045300
4 0.138596 0.365572 0.008772 0.018120
1 0.120175 0.376670 0.021637 0.044847
4 0.743567 0.657758 0.008187 0.020385
3 0.722222 0.653681 0.006433 0.019479
4 0.138012 0.167610 0.008772 0.018120
1 0.119298 0.179162 0.022222 0.044847
3 0.685380 0.656399 0.006433 0.019026
5 0.664327 0.650283 0.007602 0.014949
4 0.252339 0.375085 0.008772 0.018120
3 0.260819 0.368743 0.006433 0.018120