10 0.554252 0.849705 0.013490 0.006125
7 0.496481 0.852427 0.012903 0.015200
9 0.279179 0.858553 0.005279 0.044691
6 0.523167 0.848571 0.011144 0.022005
9 0.253372 0.853335 0.005279 0.041515
9 0.185337 0.851293 0.005279 0.041515
10 0.848387 0.772005 0.013490 0.006352
7 0.804985 0.774274 0.013490 0.016788
6 0.824340 0.770985 0.011144 0.024274
7 0.333431 0.697255 0.012903 0.016561
8 0.429619 0.621484 0.014663 0.022005
8 0.550147 0.621257 0.015249 0.022005
7 0.680938 0.616720 0.012903 0.016107
10 0.508798 0.376815 0.013490 0.005898
10 0.232551 0.377042 0.013490 0.006352
7 0.595308 0.378970 0.012903 0.016107
7 0.471554 0.378743 0.012903 0.016107
7 0.273314 0.378743 0.012903 0.016107
7 0.197067 0.378630 0.012903 0.016334
10 0.552493 0.374319 0.012903 0.006352
6 0.487977 0.375567 0.011730 0.022459
6 0.213196 0.375794 0.011144 0.022913
6 0.685044 0.294465 0.005279 0.028584
7 0.684457 0.151543 0.012317 0.016788
13 0.275806 0.875907 0.010850 0.008167
13 0.409238 0.875113 0.010264 0.007940
12 0.672874 0.874206 0.009677 0.007940
12 0.608211 0.874093 0.010557 0.007713
13 0.719501 0.873639 0.010264 0.007260
13 0.699707 0.873979 0.010557 0.007940
13 0.652639 0.873752 0.011437 0.007940
13 0.632405 0.873752 0.010850 0.007940
13 0.767009 0.873639 0.010264 0.008167
12 0.740909 0.873525 0.010850 0.007940
13 0.857331 0.873412 0.011437 0.008167
13 0.836510 0.873525 0.010850 0.008394
12 0.809238 0.873299 0.010264 0.007940
13 0.788416 0.873525 0.010850 0.008394
12 0.249707 0.869442 0.010264 0.007033
12 0.248534 0.853562 0.010264 0.007940
13 0.296041 0.869215 0.010264 0.007486
12 0.383431 0.868534 0.010264 0.007486
12 0.382405 0.852654 0.010557 0.007486
13 0.428592 0.868081 0.010264 0.007486
12 0.181525 0.867173 0.010557 0.007486
12 0.180792 0.854129 0.010850 0.007713
13 0.227859 0.866720 0.011144 0.007940
12 0.316862 0.866039 0.010850 0.007486
12 0.315982 0.853108 0.010264 0.007940
13 0.361290 0.865812 0.010557 0.007486
17 0.469648 0.864564 0.011437 0.007260
12 0.468768 0.852201 0.010850 0.007033
13 0.208504 0.860594 0.009971 0.007486
13 0.341202 0.859460 0.010264 0.007486
17 0.705132 0.799682 0.011437 0.007260
11 0.704839 0.780740 0.010850 0.007486
11 0.393402 0.790835 0.010850 0.007260
12 0.393109 0.775181 0.010850 0.006806
12 0.392522 0.758621 0.010264 0.008167
12 0.353959 0.787886 0.010557 0.007713
12 0.330938 0.784823 0.010264 0.007033
17 0.737243 0.783462 0.011144 0.006579
12 0.304545 0.781987 0.011437 0.007260
12 0.279032 0.782101 0.010850 0.007486
12 0.784018 0.780626 0.010850 0.007260
18 0.652933 0.780399 0.013783 0.007260
18 0.653519 0.799909 0.013783 0.007260
12 0.252053 0.779152 0.010850 0.007033
13 0.586657 0.777564 0.010264 0.007033
12 0.234457 0.776316 0.012023 0.007713
13 0.601173 0.774274 0.009971 0.006806
13 0.562903 0.774387 0.010850 0.007486
12 0.209384 0.773253 0.011144 0.007033
12 0.182845 0.773140 0.010850 0.007260
13 0.520381 0.771438 0.010264 0.007033
13 0.544575 0.771211 0.010557 0.007486
13 0.494868 0.768262 0.010850 0.007940
13 0.615396 0.767809 0.010264 0.007486
13 0.479326 0.765086 0.010264 0.007033
13 0.455865 0.762137 0.010264 0.007486
13 0.431232 0.758848 0.010264 0.007713
11 0.292815 0.697595 0.010850 0.007260
12 0.524780 0.696915 0.010264 0.006806
12 0.710997 0.696348 0.010850 0.007486
12 0.201173 0.694873 0.010557 0.007260
12 0.181672 0.694760 0.011437 0.007486
11 0.266716 0.694419 0.010264 0.007260
13 0.248240 0.694419 0.010850 0.007260
12 0.468182 0.693852 0.010850 0.007033
12 0.656158 0.693512 0.010264 0.006806
12 0.486364 0.690676 0.010850 0.007940
12 0.861144 0.690336 0.010850 0.007713
12 0.675220 0.689882 0.010850 0.007713
12 0.224194 0.688521 0.010850 0.007260
12 0.843842 0.687046 0.010264 0.007486
12 0.419355 0.684097 0.010557 0.007033
12 0.819208 0.683870 0.010264 0.007486
12 0.608504 0.683757 0.010557 0.007260
12 0.794868 0.683643 0.010850 0.007486
12 0.769648 0.680694 0.010850 0.007033
13 0.626246 0.680581 0.010264 0.007260
12 0.584604 0.680694 0.010264 0.007486
13 0.437390 0.680694 0.010264 0.007486
12 0.393109 0.680921 0.010850 0.007940
12 0.375513 0.677858 0.010850 0.007260
13 0.452933 0.677405 0.010850 0.007713
13 0.641202 0.677064 0.010850 0.007486
12 0.565249 0.677178 0.010850 0.007713
12 0.752639 0.676951 0.010850 0.007713
12 0.357771 0.674456 0.010557 0.007713
12 0.547654 0.673662 0.010264 0.007486
12 0.733578 0.673094 0.010264 0.008167
13 0.181085 0.636683 0.012023 0.007486
13 0.318475 0.630785 0.010557 0.007940
13 0.262317 0.630672 0.010264 0.007713
13 0.246188 0.630672 0.010850 0.007713
12 0.222434 0.630672 0.010264 0.007713
13 0.205718 0.630785 0.010850 0.007940
13 0.374927 0.630331 0.010264 0.007486
13 0.573460 0.623866 0.009677 0.007260
13 0.573167 0.607985 0.010264 0.007260
12 0.528152 0.623639 0.011144 0.007260
12 0.527859 0.607985 0.010557 0.006806
13 0.511290 0.623752 0.010850 0.007486
13 0.510997 0.607759 0.010264 0.007260
13 0.495015 0.623752 0.010557 0.007486
13 0.494282 0.607985 0.010850 0.006806
12 0.470235 0.623752 0.010850 0.007486
12 0.469648 0.608099 0.010850 0.007033
13 0.446774 0.623752 0.010850 0.007486
13 0.625367 0.623525 0.010264 0.007486
13 0.624927 0.607872 0.010557 0.007033
13 0.608651 0.623525 0.009677 0.007486
13 0.607918 0.607872 0.010557 0.007033
12 0.590176 0.623525 0.010264 0.007486
12 0.589589 0.607872 0.010264 0.007033
12 0.641789 0.623299 0.011437 0.007940
12 0.641202 0.607872 0.010850 0.007033
13 0.302053 0.614791 0.009971 0.006806
12 0.278886 0.614905 0.010557 0.007033
11 0.847947 0.614791 0.010850 0.007260
12 0.341496 0.608553 0.010264 0.007486
12 0.393402 0.608099 0.010850 0.007486
13 0.358798 0.608212 0.010850 0.007713
12 0.784897 0.605263 0.010264 0.007713
13 0.805718 0.601860 0.010850 0.007260
12 0.754839 0.601747 0.010557 0.007033
12 0.731818 0.598798 0.010850 0.007486
13 0.825953 0.598457 0.010264 0.007260
12 0.707478 0.595054 0.010264 0.008167
13 0.210411 0.563181 0.010850 0.007940
13 0.836804 0.560572 0.010850 0.007713
13 0.233431 0.560118 0.009971 0.007260
13 0.446774 0.560118 0.010850 0.008167
13 0.725073 0.557396 0.011437 0.007260
13 0.468768 0.556942 0.010264 0.007260
13 0.256452 0.557055 0.010850 0.007486
13 0.862610 0.554446 0.010850 0.007260
12 0.765103 0.554106 0.010557 0.007033
13 0.481085 0.553652 0.010850 0.007033
13 0.269941 0.553879 0.010264 0.007486
12 0.602493 0.553539 0.010264 0.007260
12 0.425953 0.553426 0.010264 0.007033
13 0.816276 0.551157 0.010850 0.007940
13 0.750880 0.550930 0.010264 0.007940
13 0.291935 0.550590 0.010850 0.007260
13 0.849707 0.550703 0.010850 0.007940
12 0.639150 0.550590 0.010850 0.007713
12 0.352933 0.550476 0.010850 0.007486
13 0.502786 0.550363 0.010264 0.007713
12 0.391349 0.550250 0.010264 0.007940
13 0.782405 0.547641 0.011144 0.006806
13 0.802346 0.547300 0.011144 0.007033
13 0.738710 0.547414 0.010557 0.007260
13 0.313050 0.547300 0.010850 0.007033
12 0.585630 0.547074 0.010557 0.007033
12 0.369795 0.547074 0.010557 0.007033
13 0.704692 0.547074 0.010557 0.007486
13 0.524340 0.546960 0.011144 0.007260
13 0.684604 0.544124 0.009677 0.007486
13 0.663196 0.544238 0.010264 0.007713
12 0.569501 0.544011 0.010557 0.007260
12 0.329765 0.544238 0.010850 0.007713
13 0.537537 0.543784 0.009971 0.007260
12 0.552639 0.540608 0.010850 0.007260
12 0.181085 0.524955 0.010264 0.007260
12 0.625220 0.467786 0.010557 0.007260
13 0.581085 0.465064 0.010264 0.007260
13 0.653519 0.461661 0.010850 0.006806
13 0.554545 0.461320 0.009971 0.006579
13 0.679472 0.458598 0.009971 0.007033
12 0.527566 0.458371 0.009971 0.007033
13 0.705425 0.455309 0.010264 0.007260
13 0.731378 0.452473 0.010557 0.007033
13 0.503226 0.452019 0.010557 0.007033
13 0.765982 0.449297 0.011144 0.007033
13 0.484311 0.448843 0.010850 0.007033
12 0.401320 0.448616 0.010264 0.007033
13 0.790762 0.446348 0.010264 0.007486
12 0.181085 0.445780 0.010850 0.007713
12 0.463490 0.445554 0.010264 0.007713
13 0.427126 0.445213 0.010264 0.007486
12 0.854985 0.442945 0.010850 0.007486
13 0.444721 0.442264 0.010264 0.007486
12 0.302786 0.442264 0.010264 0.007486
11 0.817742 0.439655 0.010264 0.007260
11 0.368915 0.438861 0.010557 0.007486
13 0.283138 0.438748 0.010850 0.007713
13 0.265543 0.435685 0.010850 0.007940
12 0.324780 0.435572 0.010850 0.008167
11 0.209531 0.432509 0.010264 0.007940
11 0.236657 0.432055 0.010557 0.007940
12 0.179619 0.378857 0.010264 0.007260
13 0.377419 0.372731 0.010557 0.007713
12 0.456158 0.372505 0.010850 0.007713
13 0.422434 0.369102 0.010264 0.007713
11 0.855572 0.367173 0.010850 0.007486
12 0.393988 0.365812 0.010850 0.007486
13 0.365836 0.365926 0.010850 0.007713
12 0.759091 0.363544 0.010264 0.007033
11 0.720088 0.363544 0.010850 0.007033
11 0.829765 0.360594 0.010850 0.007940
11 0.805425 0.360368 0.010264 0.007940
12 0.342962 0.359120 0.010850 0.007713
12 0.781672 0.356851 0.010850 0.008167
12 0.324194 0.355490 0.011437 0.008621
12 0.678446 0.353108 0.010264 0.007486
12 0.307771 0.352654 0.010264 0.007940
13 0.693402 0.350045 0.009677 0.007260
12 0.656158 0.349932 0.010264 0.007486
12 0.291056 0.349251 0.010850 0.008394
13 0.706891 0.346983 0.010850 0.007486
12 0.640762 0.346416 0.010557 0.007713
12 0.618622 0.343466 0.010264 0.008167
12 0.545308 0.317151 0.010264 0.007713
11 0.202786 0.316130 0.010264 0.007486
12 0.201613 0.300476 0.011437 0.007940
12 0.467742 0.313861 0.010557 0.007486
17 0.495455 0.313181 0.012610 0.007033
12 0.439883 0.310231 0.010557 0.007486
12 0.420528 0.306715 0.010557 0.007260
12 0.400733 0.303426 0.010850 0.007033
12 0.254106 0.303426 0.010850 0.007486
13 0.844575 0.302405 0.010557 0.007713
12 0.360264 0.300703 0.010850 0.007940
12 0.227126 0.300476 0.010850 0.007940
13 0.861144 0.299229 0.010850 0.006806
12 0.726833 0.298548 0.010850 0.006806
12 0.341202 0.297414 0.011437 0.006806
12 0.314516 0.297300 0.010850 0.007033
13 0.814223 0.296053 0.010850 0.007713
11 0.786657 0.295826 0.010850 0.007713
12 0.706012 0.295485 0.010264 0.007033
12 0.293988 0.294351 0.010850 0.007486
13 0.831232 0.292763 0.010850 0.007486
12 0.765543 0.292196 0.010850 0.007713
12 0.665249 0.291629 0.010850 0.007033
12 0.273314 0.290721 0.010557 0.007486
12 0.745015 0.289133 0.009677 0.007033
11 0.631525 0.288453 0.011437 0.007033
12 0.609531 0.285277 0.010850 0.007033
12 0.590469 0.282328 0.010264 0.007486
12 0.570088 0.278698 0.010557 0.007486
18 0.180205 0.238430 0.010264 0.007713
11 0.180499 0.205989 0.010850 0.007260
12 0.246774 0.238544 0.010850 0.008394
12 0.245894 0.209279 0.010264 0.007940
13 0.810264 0.237976 0.010557 0.008167
13 0.809824 0.221302 0.010850 0.007033
13 0.791496 0.237182 0.010557 0.007486
13 0.790762 0.221075 0.010264 0.007033
12 0.708358 0.237182 0.010850 0.007486
12 0.708065 0.220622 0.010264 0.007033
13 0.495748 0.236388 0.011437 0.007713
13 0.495015 0.219714 0.011144 0.007033
13 0.477566 0.236275 0.011437 0.007486
13 0.476979 0.219714 0.010264 0.007033
12 0.391349 0.235481 0.011437 0.007260
12 0.390762 0.219260 0.010264 0.007486
13 0.642669 0.234006 0.010850 0.007940
13 0.642082 0.216992 0.010850 0.007486
13 0.605572 0.233666 0.010557 0.008167
13 0.605425 0.216992 0.010264 0.007486
11 0.534018 0.233439 0.010557 0.008167
12 0.533284 0.216538 0.010264 0.007033
13 0.355132 0.232985 0.010557 0.008621
13 0.354252 0.215858 0.010557 0.007940
13 0.318182 0.232191 0.010557 0.008394
13 0.317742 0.215971 0.010850 0.007260
13 0.828006 0.230830 0.010850 0.007033
13 0.828006 0.215177 0.010850 0.007486
13 0.753959 0.230603 0.010557 0.007033
13 0.753519 0.214723 0.009677 0.007033
13 0.773167 0.230150 0.011437 0.007033
13 0.772581 0.214496 0.010264 0.007486
13 0.513930 0.229809 0.011437 0.007260
13 0.513636 0.213362 0.010850 0.007033
13 0.457918 0.229809 0.010850 0.007260
13 0.457331 0.213022 0.010850 0.007260
13 0.438123 0.229242 0.011144 0.007486
13 0.437683 0.213135 0.010264 0.007033
13 0.623900 0.226860 0.010850 0.007260
13 0.623607 0.210753 0.010264 0.007713
13 0.587830 0.226860 0.010264 0.007260
13 0.587830 0.210753 0.010264 0.007713
12 0.557331 0.226633 0.010264 0.007260
12 0.557038 0.210526 0.010850 0.007713
13 0.337537 0.226066 0.010557 0.007486
13 0.337097 0.209959 0.010850 0.007940
13 0.299267 0.225839 0.010264 0.007486
13 0.298387 0.209732 0.010850 0.007940
12 0.274194 0.225839 0.010557 0.007486
12 0.274047 0.209279 0.010264 0.007940
13 0.735044 0.224138 0.010264 0.007713
13 0.734457 0.208031 0.010264 0.007260
13 0.419795 0.222550 0.010850 0.007713
13 0.419208 0.206443 0.010850 0.007260
11 0.213490 0.212568 0.010557 0.007260
12 0.213783 0.238090 0.010557 0.008394
18 0.779032 0.157554 0.012023 0.007940
12 0.778446 0.134301 0.010850 0.007713
18 0.707478 0.156307 0.010850 0.008167
12 0.706891 0.127382 0.010850 0.007486
12 0.511290 0.152337 0.010264 0.007486
13 0.536217 0.151996 0.010850 0.007713
13 0.552053 0.149047 0.009677 0.008167
13 0.567302 0.145871 0.010850 0.007713
11 0.479032 0.145531 0.011437 0.007486
13 0.445308 0.145304 0.010850 0.007486
13 0.582698 0.142809 0.009971 0.007940
13 0.422434 0.142128 0.010850 0.007486
13 0.285924 0.141901 0.011144 0.008394
13 0.197214 0.141674 0.010850 0.007940
12 0.732991 0.140426 0.010264 0.007260
13 0.599413 0.139746 0.010557 0.007260
13 0.309238 0.138952 0.010850 0.007940
12 0.757918 0.137137 0.010850 0.007033
13 0.620968 0.136343 0.010264 0.006806
13 0.326100 0.135549 0.010557 0.007033
13 0.270088 0.135436 0.010557 0.007260
13 0.406452 0.135322 0.010557 0.007486
13 0.636364 0.133280 0.010557 0.007940
13 0.213050 0.132260 0.010850 0.008167
13 0.813636 0.131012 0.010850 0.007033
13 0.651760 0.130104 0.010850 0.007033
13 0.390469 0.128970 0.011437 0.007486
13 0.341789 0.128970 0.011437 0.007486
13 0.246481 0.128743 0.010850 0.007486
12 0.856305 0.128176 0.010557 0.007713
12 0.831525 0.128176 0.010850 0.007713
13 0.181818 0.128176 0.011144 0.007713
12 0.685777 0.127155 0.010850 0.007486
13 0.373167 0.126361 0.010850 0.007713
13 0.229179 0.125794 0.011437 0.007940
13 0.797801 0.124546 0.010850 0.007260
13 0.357331 0.122958 0.010850 0.007260
4 0.696628 0.220622 0.009677 0.018829
3 0.242962 0.303652 0.007331 0.019737
1 0.120381 0.123752 0.022581 0.046960
5 0.234164 0.206329 0.007918 0.015653
4 0.843842 0.367173 0.009677 0.018376
3 0.608651 0.132146 0.011437 0.028358
3 0.484018 0.313407 0.007331 0.020191
4 0.415249 0.445894 0.009384 0.018829
3 0.468182 0.145304 0.007331 0.020644
4 0.388710 0.303652 0.009091 0.019283
3 0.411290 0.368988 0.007918 0.019283
4 0.196921 0.433417 0.008504 0.018829
1 0.119208 0.457237 0.022581 0.046053
4 0.354985 0.366266 0.009091 0.019283
3 0.298094 0.138725 0.007331 0.021098
3 0.818768 0.361048 0.007625 0.020644
3 0.826540 0.560005 0.006745 0.019283
4 0.719062 0.452246 0.009384 0.018376
4 0.433871 0.145985 0.009091 0.018829
3 0.845894 0.128063 0.007331 0.021098
5 0.329765 0.292990 0.008504 0.015200
4 0.257918 0.134868 0.009091 0.019737
4 0.379032 0.218807 0.009091 0.019283
4 0.455572 0.314088 0.009091 0.018829
5 0.561144 0.603675 0.008504 0.015426
4 0.169208 0.446121 0.009971 0.019283
4 0.569062 0.464496 0.009677 0.018829
3 0.389736 0.448843 0.007625 0.019283
3 0.668035 0.458598 0.007038 0.019737
4 0.773460 0.604923 0.008504 0.018829
4 0.596921 0.684324 0.009091 0.019283
3 0.345601 0.672981 0.007331 0.020191
3 0.791642 0.547981 0.009091 0.019283
3 0.696921 0.594714 0.006745 0.020191
3 0.281672 0.697936 0.007331 0.020644
3 0.195161 0.631125 0.007331 0.019056
4 0.576100 0.777564 0.009091 0.018829
4 0.407478 0.684324 0.009091 0.019283
3 0.381672 0.774841 0.007331 0.019737
3 0.380352 0.550023 0.008211 0.020191
4 0.843842 0.443398 0.009677 0.019283
4 0.668035 0.352654 0.009971 0.018376
4 0.341935 0.550930 0.009971 0.020191
4 0.805718 0.439882 0.009677 0.019056
4 0.356745 0.439315 0.009091 0.018376
3 0.197801 0.772913 0.007918 0.019510
3 0.516276 0.458598 0.007331 0.020191
4 0.641789 0.460867 0.009677 0.018829
1 0.119795 0.537092 0.022581 0.046053
1 0.120088 0.776429 0.022581 0.046506
4 0.783138 0.683870 0.009677 0.018829
4 0.246481 0.556828 0.009091 0.018829
3 0.227126 0.432963 0.007918 0.020644
4 0.715103 0.557282 0.009091 0.017922
3 0.512170 0.696574 0.007331 0.019737
4 0.724487 0.783462 0.009091 0.018376
3 0.699853 0.696801 0.007331 0.020191
3 0.722141 0.672981 0.007331 0.019737
4 0.414663 0.552972 0.008798 0.018829
4 0.693402 0.455422 0.009677 0.019283
1 0.118035 0.292763 0.022581 0.046506
1 0.118915 0.616946 0.022581 0.046053
1 0.119795 0.697028 0.022581 0.046506
1 0.118915 0.377155 0.022581 0.046506
1 0.120674 0.854015 0.023167 0.046506
3 0.580792 0.282781 0.007331 0.019283
1 0.119501 0.208371 0.022581 0.046506
4 0.612463 0.467446 0.009677 0.018376
4 0.778006 0.445894 0.009971 0.019283
3 0.213050 0.688181 0.007331 0.019283
3 0.254985 0.435912 0.007331 0.020191
4 0.170528 0.773480 0.009677 0.019737
3 0.292522 0.781647 0.007331 0.020191
4 0.265836 0.782101 0.009091 0.019283
3 0.458504 0.607872 0.007331 0.019283
3 0.535630 0.672074 0.007331 0.019737
3 0.170674 0.637591 0.007038 0.019283
3 0.223314 0.776202 0.007331 0.020191
3 0.331818 0.608553 0.007331 0.019283
4 0.543548 0.461093 0.009091 0.019737
5 0.143402 0.534483 0.007038 0.014973
5 0.150733 0.525181 0.007625 0.015426
4 0.168328 0.525408 0.008798 0.017695
3 0.833138 0.686706 0.007038 0.019056
3 0.808504 0.684324 0.005865 0.020191
3 0.627713 0.550136 0.006158 0.019056
4 0.652053 0.544691 0.009091 0.018149
3 0.533138 0.771098 0.007038 0.018603
4 0.508504 0.771325 0.008211 0.019056
3 0.468035 0.764746 0.007038 0.019510
4 0.443988 0.762250 0.008211 0.018149
4 0.197361 0.562954 0.008798 0.017468
3 0.221701 0.559437 0.007038 0.019056
4 0.793695 0.360481 0.008504 0.018603
3 0.771994 0.356397 0.006158 0.019510
3 0.722287 0.139292 0.007038 0.019964
4 0.745455 0.136570 0.007625 0.019056
3 0.629912 0.346869 0.006452 0.019964
4 0.606158 0.343013 0.008211 0.017695
3 0.343109 0.787659 0.005865 0.019510
4 0.319062 0.785163 0.008211 0.018149
5 0.143402 0.121597 0.008211 0.014973
5 0.151320 0.112069 0.007625 0.014973
4 0.694575 0.547187 0.008504 0.018149
3 0.673900 0.542763 0.006452 0.017922
5 0.142815 0.375454 0.007625 0.015426
5 0.150733 0.365472 0.008211 0.014519
3 0.437243 0.559097 0.006452 0.018829
4 0.456012 0.557169 0.011144 0.018149
5 0.142522 0.205989 0.008211 0.014973
5 0.150440 0.196234 0.007625 0.015426
3 0.491349 0.549909 0.006745 0.019056
4 0.513783 0.546960 0.008798 0.018603
5 0.142522 0.290381 0.007625 0.015880
5 0.149560 0.280399 0.007625 0.014973
3 0.281672 0.550590 0.006158 0.019510
4 0.303079 0.546733 0.009091 0.018149
5 0.143402 0.614791 0.007625 0.014973
5 0.150440 0.605263 0.007625 0.014973
5 0.143988 0.851407 0.008211 0.015426
5 0.151906 0.842105 0.007625 0.014973
5 0.142522 0.455535 0.007625 0.014973
5 0.150440 0.446234 0.007625 0.015426
5 0.144282 0.694873 0.007625 0.015426
5 0.151320 0.685345 0.007625 0.015426
5 0.144282 0.773367 0.008211 0.014519
5 0.151026 0.763838 0.007625 0.015426
4 0.753226 0.449864 0.007918 0.017695
3 0.745015 0.449183 0.006745 0.019056