10 0.177353 0.843864 0.013529 0.005909
10 0.793235 0.752045 0.013529 0.005909
10 0.459706 0.751136 0.013529 0.005909
10 0.846176 0.749318 0.013529 0.005909
6 0.764412 0.752159 0.011176 0.023409
6 0.431471 0.751250 0.011176 0.023409
10 0.273235 0.145227 0.013529 0.005909
12 0.210735 0.870909 0.009706 0.008182
12 0.379265 0.865341 0.010294 0.007955
12 0.229853 0.864886 0.010294 0.007955
12 0.563088 0.859432 0.010882 0.007955
12 0.400441 0.858750 0.010294 0.007500
12 0.359265 0.858750 0.010294 0.007500
12 0.582059 0.856023 0.010588 0.007500
12 0.542794 0.856023 0.010294 0.007500
12 0.339853 0.855568 0.010294 0.007500
13 0.251029 0.855568 0.010294 0.007500
12 0.600441 0.853068 0.010294 0.007955
12 0.524559 0.852614 0.010294 0.007955
12 0.319853 0.852614 0.010294 0.007955
12 0.505441 0.849432 0.010882 0.007045
12 0.419265 0.849205 0.010294 0.007500
12 0.299853 0.849318 0.010294 0.007727
12 0.268676 0.848977 0.010294 0.007045
12 0.631471 0.846932 0.010588 0.007500
12 0.486912 0.846477 0.010294 0.007500
12 0.467353 0.843068 0.010000 0.007955
12 0.438088 0.843068 0.010294 0.007955
12 0.708088 0.837614 0.010294 0.007045
12 0.649559 0.837614 0.010882 0.007045
12 0.669412 0.833977 0.010000 0.007955
12 0.727794 0.831250 0.009706 0.007045
12 0.688529 0.831023 0.010000 0.007500
12 0.744559 0.825341 0.010294 0.007955
12 0.764559 0.816023 0.010294 0.007500
18 0.846029 0.810114 0.014412 0.007500
18 0.799559 0.809432 0.014412 0.007045
12 0.560882 0.781250 0.010000 0.007955
12 0.343676 0.781250 0.009706 0.007955
12 0.234265 0.781250 0.009706 0.007955
12 0.670882 0.780795 0.010000 0.007955
13 0.694559 0.778750 0.010294 0.007500
13 0.654559 0.778750 0.010294 0.007500
13 0.582206 0.778523 0.010294 0.007045
13 0.365147 0.778750 0.010294 0.007500
13 0.327206 0.778750 0.009706 0.007500
13 0.543382 0.778295 0.010294 0.007500
13 0.256029 0.778523 0.010294 0.007955
13 0.216912 0.778295 0.010294 0.007500
13 0.710735 0.775341 0.009706 0.007045
13 0.598382 0.775114 0.009706 0.007500
13 0.310441 0.775568 0.010294 0.008409
13 0.272206 0.775341 0.010294 0.007955
13 0.200441 0.775114 0.010294 0.007500
13 0.638088 0.774886 0.010294 0.007955
13 0.527500 0.775114 0.010294 0.008409
13 0.381912 0.775114 0.009706 0.008409
11 0.739559 0.772386 0.009706 0.007500
12 0.616176 0.772159 0.010000 0.007955
12 0.504265 0.772159 0.009706 0.007955
11 0.407500 0.772159 0.010294 0.007955
12 0.288088 0.772159 0.010294 0.007955
12 0.176029 0.772273 0.009706 0.008182
12 0.370147 0.707386 0.009706 0.008409
13 0.389853 0.704205 0.010294 0.007500
13 0.354559 0.704432 0.010294 0.007955
11 0.253382 0.704432 0.010294 0.007955
13 0.339853 0.701250 0.010294 0.007955
12 0.234559 0.701250 0.010294 0.007955
13 0.404118 0.700795 0.010000 0.007955
17 0.854265 0.698068 0.010882 0.007045
13 0.324853 0.698295 0.009706 0.007500
12 0.214559 0.698295 0.010294 0.007500
12 0.419559 0.697841 0.010882 0.007500
13 0.310294 0.695000 0.010588 0.007273
11 0.277500 0.695114 0.010294 0.007500
12 0.805882 0.691705 0.010000 0.007955
12 0.196471 0.691932 0.010588 0.008409
12 0.438382 0.691023 0.009706 0.007500
13 0.824559 0.688523 0.010294 0.007045
13 0.791324 0.688295 0.009706 0.007500
13 0.839706 0.685568 0.010588 0.007500
13 0.775735 0.685568 0.010294 0.007500
12 0.176324 0.685568 0.010294 0.007500
12 0.560441 0.685114 0.010294 0.007500
12 0.757794 0.682500 0.010882 0.007727
11 0.728088 0.682159 0.010294 0.007045
11 0.696765 0.681932 0.010000 0.007500
12 0.541324 0.681705 0.009706 0.007045
12 0.456324 0.681705 0.010294 0.007045
12 0.677794 0.678977 0.010882 0.007955
12 0.523088 0.678750 0.010882 0.008409
12 0.658676 0.675341 0.010294 0.007045
12 0.503971 0.675568 0.010294 0.007500
12 0.475588 0.675341 0.010000 0.007045
12 0.639706 0.672386 0.010588 0.007500
12 0.621029 0.669205 0.010294 0.007500
17 0.584118 0.669205 0.011176 0.007500
12 0.538088 0.632159 0.010294 0.007955
12 0.554265 0.629205 0.009706 0.008409
12 0.521029 0.629205 0.010294 0.008409
12 0.405000 0.625909 0.010000 0.007727
12 0.504559 0.625795 0.010294 0.007955
12 0.422353 0.625568 0.010000 0.007500
12 0.311324 0.623295 0.010882 0.007500
12 0.569853 0.622841 0.010294 0.007500
11 0.452353 0.622841 0.010588 0.007500
12 0.388382 0.622841 0.009706 0.007500
12 0.488382 0.622614 0.010882 0.007955
12 0.286029 0.620114 0.009706 0.007500
12 0.237647 0.620114 0.010000 0.007500
12 0.363382 0.619886 0.010294 0.007955
13 0.848088 0.617386 0.010294 0.007500
12 0.677794 0.616932 0.010882 0.007500
12 0.339265 0.616932 0.010294 0.007500
12 0.212206 0.616932 0.010294 0.007500
12 0.270294 0.616705 0.010588 0.007955
13 0.862206 0.613977 0.010294 0.007045
13 0.833382 0.613977 0.010294 0.007045
13 0.819265 0.613977 0.010294 0.007045
11 0.797794 0.614205 0.010882 0.007500
12 0.661029 0.613750 0.010294 0.006591
12 0.586176 0.613750 0.010588 0.007500
12 0.253235 0.613750 0.010588 0.007500
12 0.195147 0.613750 0.010294 0.007500
12 0.782206 0.611250 0.010294 0.007955
12 0.644559 0.610568 0.010294 0.007500
12 0.176912 0.610568 0.010294 0.007500
12 0.764559 0.607841 0.010294 0.007500
12 0.627500 0.607386 0.010294 0.007500
12 0.602353 0.607386 0.010588 0.007500
12 0.749265 0.604659 0.010294 0.007500
12 0.733088 0.601477 0.009706 0.007500
17 0.696912 0.601250 0.011471 0.007045
12 0.238971 0.558523 0.009706 0.007955
11 0.259853 0.555568 0.010294 0.007500
12 0.219118 0.555568 0.010588 0.007500
12 0.287206 0.552159 0.010882 0.007955
12 0.197500 0.552159 0.010294 0.007955
12 0.398971 0.551705 0.009706 0.007955
12 0.307206 0.549432 0.009706 0.007955
12 0.176912 0.549432 0.010294 0.007955
11 0.426324 0.548977 0.010294 0.007955
12 0.380441 0.548068 0.010294 0.007955
12 0.581029 0.545568 0.010294 0.007500
12 0.460441 0.545568 0.010294 0.007500
12 0.359853 0.545795 0.010294 0.007955
12 0.339853 0.545795 0.010294 0.007955
12 0.859265 0.542841 0.010294 0.007500
12 0.602500 0.542614 0.010882 0.007955
12 0.554706 0.542386 0.010000 0.007500
12 0.480441 0.542386 0.010294 0.007500
12 0.840294 0.539659 0.010000 0.007500
12 0.533235 0.539205 0.010000 0.007500
12 0.512794 0.539545 0.010294 0.008182
12 0.820441 0.536477 0.010294 0.007500
12 0.628382 0.536250 0.009706 0.007955
12 0.778676 0.530114 0.010294 0.007500
12 0.800147 0.526932 0.009706 0.007500
12 0.758824 0.527159 0.010000 0.007955
12 0.654706 0.526705 0.010588 0.007955
12 0.732500 0.523750 0.009706 0.007500
12 0.706618 0.520568 0.010294 0.006591
12 0.676176 0.520341 0.010000 0.007045
12 0.819853 0.477614 0.010294 0.007955
12 0.802794 0.474205 0.010294 0.007500
12 0.678382 0.474205 0.009706 0.007500
17 0.847941 0.473977 0.011176 0.007955
13 0.749559 0.471477 0.009706 0.007500
13 0.778382 0.471250 0.009706 0.007955
13 0.726618 0.468295 0.009706 0.007500
12 0.697647 0.468068 0.010000 0.007955
12 0.620735 0.468068 0.010882 0.007955
13 0.764265 0.464659 0.009706 0.007500
13 0.639412 0.464659 0.010000 0.007500
12 0.600735 0.464659 0.009706 0.007500
12 0.268088 0.461932 0.010294 0.007500
13 0.655147 0.461250 0.010294 0.007045
12 0.248971 0.455795 0.010882 0.007955
12 0.555735 0.455341 0.010294 0.007955
11 0.499265 0.452159 0.010294 0.007045
13 0.287647 0.452386 0.010588 0.007500
12 0.230147 0.452386 0.009706 0.007500
12 0.536324 0.451932 0.010294 0.007500
12 0.203529 0.449432 0.010000 0.007955
12 0.582647 0.448750 0.010000 0.007500
12 0.421029 0.448864 0.010294 0.007727
12 0.306324 0.446250 0.010294 0.007045
12 0.175735 0.446477 0.010294 0.007500
12 0.395147 0.446023 0.010294 0.007500
12 0.440441 0.445568 0.010294 0.007500
13 0.459265 0.442614 0.010294 0.007955
12 0.375147 0.442614 0.010294 0.007955
12 0.325147 0.439659 0.010294 0.007500
13 0.476029 0.439205 0.009706 0.007500
12 0.356765 0.439432 0.010588 0.007955
13 0.453088 0.399432 0.009706 0.007955
12 0.527941 0.398409 0.010588 0.008182
13 0.427500 0.396477 0.010294 0.007500
13 0.568382 0.396250 0.010882 0.007955
13 0.467500 0.396250 0.010294 0.007955
11 0.546618 0.395795 0.010882 0.007955
13 0.640294 0.393068 0.010000 0.007955
13 0.482206 0.393523 0.010294 0.008864
13 0.613971 0.389659 0.010294 0.007500
13 0.583676 0.389659 0.009706 0.007500
13 0.496618 0.389659 0.009706 0.007500
13 0.663088 0.386477 0.009706 0.007500
13 0.598382 0.386477 0.009706 0.007500
12 0.511029 0.386705 0.010294 0.007955
12 0.801029 0.383295 0.010294 0.007500
13 0.781471 0.380114 0.010588 0.007500
12 0.228824 0.377841 0.010000 0.007500
12 0.825588 0.376932 0.010588 0.007500
13 0.766912 0.376932 0.010294 0.007500
12 0.212059 0.374659 0.010000 0.007500
13 0.398676 0.373977 0.010294 0.007045
13 0.383382 0.374318 0.010294 0.007727
11 0.362059 0.374205 0.010588 0.007500
13 0.744853 0.373750 0.009706 0.007500
12 0.193971 0.371705 0.010294 0.007955
12 0.343382 0.371250 0.010294 0.007955
13 0.722794 0.370568 0.010294 0.007500
12 0.327500 0.368068 0.010294 0.007045
12 0.175882 0.368068 0.010000 0.007045
13 0.414118 0.367614 0.010588 0.007045
12 0.842794 0.367386 0.010294 0.007500
13 0.708971 0.367159 0.009706 0.007045
12 0.310000 0.365114 0.010588 0.007500
13 0.686912 0.364205 0.010294 0.007500
12 0.290735 0.361932 0.009706 0.007500
17 0.252500 0.361932 0.010882 0.007500
12 0.860147 0.361250 0.010882 0.007045
17 0.175735 0.325341 0.011471 0.007955
12 0.751471 0.323523 0.010588 0.007955
12 0.205441 0.322841 0.009706 0.008409
13 0.736618 0.321023 0.009706 0.007500
11 0.637059 0.321250 0.010588 0.007955
13 0.771029 0.320909 0.010294 0.008182
12 0.618382 0.317841 0.009706 0.007500
13 0.785882 0.317841 0.010000 0.008409
13 0.722206 0.317614 0.010294 0.007955
12 0.222353 0.315568 0.010000 0.007500
13 0.707500 0.314659 0.010294 0.007500
12 0.600735 0.314659 0.009706 0.007500
12 0.801029 0.313977 0.010294 0.007955
13 0.694559 0.311705 0.010294 0.007045
11 0.661618 0.311705 0.010294 0.007045
12 0.338676 0.309432 0.010294 0.007955
12 0.823824 0.308523 0.010000 0.007955
12 0.582794 0.308523 0.010294 0.007955
13 0.524265 0.308523 0.009706 0.007955
12 0.321618 0.306250 0.010294 0.007045
12 0.239118 0.306250 0.010000 0.007045
13 0.538382 0.305341 0.009706 0.007045
13 0.510000 0.305568 0.010000 0.007500
13 0.495294 0.305568 0.010000 0.007500
11 0.471912 0.305341 0.010882 0.007045
12 0.304118 0.303068 0.010000 0.007955
12 0.566471 0.302386 0.010000 0.007500
12 0.454118 0.302273 0.010588 0.007727
12 0.256912 0.300114 0.010294 0.007500
12 0.286912 0.299886 0.010294 0.007955
12 0.437353 0.299205 0.010588 0.007500
12 0.841176 0.298750 0.010000 0.007500
12 0.418676 0.296023 0.010294 0.007500
12 0.400441 0.293295 0.010294 0.007500
17 0.362500 0.293295 0.010882 0.007500
12 0.858382 0.292159 0.010294 0.007045
12 0.247059 0.250795 0.010588 0.007955
12 0.822206 0.249659 0.010294 0.007500
13 0.731324 0.249432 0.009706 0.007955
13 0.228971 0.247841 0.009706 0.007500
13 0.268088 0.247386 0.010294 0.007500
17 0.845000 0.246705 0.011176 0.007955
13 0.748088 0.246705 0.010294 0.007955
13 0.703382 0.246705 0.010294 0.007955
13 0.285882 0.244432 0.010000 0.007955
13 0.210294 0.244091 0.010000 0.007727
13 0.765147 0.243068 0.010294 0.007955
12 0.304559 0.241023 0.010294 0.008409
13 0.192794 0.240795 0.010294 0.007955
13 0.783382 0.240341 0.010294 0.007955
13 0.174559 0.238295 0.010294 0.007500
12 0.802206 0.237159 0.010294 0.007955
12 0.330441 0.234886 0.010294 0.007955
12 0.470294 0.227841 0.010588 0.007500
12 0.351765 0.224886 0.010588 0.007045
13 0.669118 0.224205 0.010000 0.007500
11 0.626324 0.224205 0.010294 0.007500
12 0.448824 0.224205 0.010588 0.007500
13 0.652500 0.223977 0.009706 0.007955
12 0.426765 0.221477 0.010588 0.007500
12 0.604853 0.221023 0.009706 0.007500
12 0.371912 0.218523 0.009706 0.007045
12 0.582941 0.218068 0.010000 0.007045
12 0.406324 0.218295 0.010294 0.007500
13 0.686765 0.217614 0.010000 0.007045
12 0.561029 0.215114 0.010294 0.008409
17 0.494853 0.211932 0.010882 0.007500
12 0.540588 0.211477 0.010588 0.007500
12 0.307500 0.171477 0.010294 0.007500
11 0.816618 0.171250 0.009706 0.007955
12 0.795147 0.167955 0.009118 0.007273
12 0.329118 0.165341 0.010588 0.007955
12 0.775147 0.165114 0.010294 0.008409
11 0.848088 0.161477 0.010294 0.007500
12 0.753382 0.158523 0.010294 0.007955
13 0.683235 0.158523 0.010588 0.007955
12 0.465441 0.158523 0.010882 0.007955
12 0.350441 0.156023 0.010294 0.007500
13 0.701618 0.155341 0.010294 0.007045
12 0.443971 0.155341 0.010294 0.007045
13 0.665000 0.155114 0.010000 0.007500
13 0.647206 0.155114 0.009706 0.007500
11 0.620882 0.155341 0.010588 0.007955
12 0.732206 0.152159 0.010294 0.007955
12 0.598088 0.152159 0.010294 0.007955
12 0.423971 0.152159 0.010294 0.007955
12 0.402500 0.149205 0.010882 0.007500
12 0.370441 0.149432 0.010294 0.007955
12 0.577941 0.148750 0.010000 0.007500
12 0.556176 0.145795 0.010588 0.007955
12 0.534706 0.142614 0.010588 0.007045
17 0.490588 0.142841 0.011176 0.007500
1 0.121912 0.296250 0.023235 0.045682
1 0.161912 0.146250 0.023235 0.046591
5 0.812500 0.305568 0.007941 0.016136
1 0.123088 0.371477 0.022059 0.046136
4 0.652794 0.386023 0.008529 0.018864
1 0.121912 0.222386 0.023235 0.046136
3 0.483382 0.211932 0.007353 0.019773
4 0.184559 0.134659 0.009706 0.018864
3 0.241029 0.362159 0.007353 0.019318
4 0.409265 0.449205 0.009706 0.018864
1 0.123676 0.530114 0.022059 0.046136
3 0.814265 0.376477 0.007941 0.021591
4 0.665147 0.474205 0.009706 0.018864
4 0.447500 0.545114 0.009706 0.019773
5 0.319559 0.232841 0.007941 0.013409
4 0.145147 0.209659 0.009706 0.018864
4 0.570441 0.448977 0.009706 0.018409
4 0.145441 0.284659 0.009118 0.017955
4 0.146618 0.443068 0.009118 0.018409
1 0.123971 0.455341 0.022647 0.045682
4 0.146029 0.591932 0.009118 0.017955
1 0.125735 0.678523 0.022647 0.045682
4 0.738676 0.470795 0.008529 0.018409
4 0.719853 0.523523 0.008529 0.019318
3 0.572794 0.669432 0.007353 0.019318
5 0.428971 0.688068 0.007941 0.015682
3 0.440147 0.623295 0.006765 0.019773
4 0.486618 0.451250 0.009118 0.018409
4 0.568676 0.545341 0.009706 0.019318
3 0.835147 0.474659 0.007353 0.019773
4 0.297794 0.623750 0.009118 0.019773
4 0.224853 0.619659 0.009118 0.018864
4 0.790147 0.474659 0.009118 0.018864
4 0.413088 0.549659 0.009118 0.018864
1 0.124559 0.603977 0.022647 0.045682
4 0.146618 0.517614 0.009118 0.018409
3 0.617500 0.536250 0.007353 0.020227
4 0.218971 0.452841 0.009118 0.019773
4 0.191324 0.449659 0.009118 0.018864
4 0.145735 0.358977 0.009706 0.018409
4 0.747206 0.527159 0.009118 0.019318
4 0.642794 0.526932 0.009706 0.019773
4 0.147206 0.833523 0.009118 0.018409
1 0.124853 0.752386 0.022059 0.046136
1 0.124559 0.845568 0.022647 0.046136
4 0.146618 0.740568 0.009118 0.018864
4 0.146618 0.666477 0.009118 0.018864
4 0.374412 0.623182 0.008824 0.018182
4 0.351471 0.619545 0.008824 0.018182
4 0.698529 0.366818 0.007647 0.018182
4 0.675588 0.364091 0.007647 0.018182
4 0.756471 0.376818 0.008235 0.018182
4 0.734118 0.373636 0.008235 0.019091