7 0.668669 0.796666 0.012603 0.015650
10 0.736079 0.792470 0.013775 0.005897
7 0.604484 0.796553 0.013189 0.015877
6 0.705305 0.793037 0.007327 0.010206
7 0.624121 0.796439 0.012603 0.016103
7 0.251612 0.795078 0.013189 0.016103
7 0.193875 0.795305 0.012603 0.015650
6 0.644197 0.795078 0.010551 0.023361
7 0.424971 0.725675 0.012309 0.015196
7 0.351407 0.725448 0.012896 0.015196
6 0.306565 0.724994 0.005275 0.028805
6 0.544256 0.583012 0.010551 0.023361
6 0.611079 0.518939 0.011137 0.023134
6 0.718494 0.454752 0.011430 0.023134
6 0.807737 0.383647 0.011137 0.023815
10 0.766852 0.375595 0.013775 0.005897
10 0.572831 0.375595 0.013775 0.005897
10 0.522421 0.375595 0.013775 0.005897
10 0.369138 0.375595 0.013189 0.005897
10 0.324004 0.375595 0.014361 0.005897
10 0.724062 0.375482 0.013775 0.006124
10 0.670428 0.375369 0.013189 0.005897
10 0.623242 0.375595 0.013775 0.006351
10 0.467907 0.375369 0.013775 0.005897
10 0.417497 0.375369 0.013775 0.005897
7 0.200469 0.321728 0.012896 0.014743
7 0.274033 0.321501 0.012309 0.015196
7 0.222450 0.321501 0.012309 0.015196
10 0.341735 0.316398 0.014068 0.006351
6 0.518757 0.319460 0.011723 0.023361
6 0.245897 0.318780 0.011137 0.023361
7 0.339977 0.257541 0.012309 0.015650
7 0.570047 0.257315 0.012896 0.015196
7 0.549531 0.257541 0.011723 0.015650
7 0.504689 0.257315 0.012309 0.015196
7 0.359613 0.257541 0.012896 0.015650
7 0.856096 0.257088 0.012896 0.015196
7 0.836166 0.257088 0.012896 0.015196
7 0.694021 0.257088 0.012309 0.015196
7 0.647128 0.256861 0.012309 0.015650
7 0.625733 0.257088 0.012896 0.016103
7 0.485346 0.257088 0.012309 0.015196
7 0.426729 0.257315 0.012309 0.015650
7 0.405920 0.257315 0.012896 0.015650
7 0.790739 0.256861 0.012309 0.015196
7 0.770809 0.256861 0.012309 0.015196
7 0.714537 0.256748 0.012309 0.015423
9 0.823710 0.185983 0.009086 0.037650
7 0.424971 0.117374 0.013482 0.015196
7 0.476846 0.116693 0.012896 0.015650
7 0.402696 0.116920 0.012309 0.016103
10 0.517878 0.112270 0.014068 0.006351
6 0.446659 0.114879 0.011137 0.022908
11 0.304807 0.873554 0.010551 0.007485
11 0.261430 0.873327 0.009965 0.007485
12 0.499560 0.870832 0.010844 0.007938
11 0.534877 0.867884 0.010551 0.007938
11 0.229191 0.867430 0.009965 0.007485
12 0.333968 0.867203 0.010258 0.007485
11 0.475381 0.864255 0.011137 0.007485
12 0.567849 0.861760 0.010258 0.006577
12 0.206477 0.861080 0.009672 0.006577
11 0.362104 0.861080 0.010258 0.007031
12 0.860199 0.860399 0.009965 0.007031
12 0.454426 0.858131 0.009672 0.007938
12 0.738423 0.856543 0.010258 0.007031
11 0.423212 0.854729 0.010551 0.007485
12 0.387896 0.854502 0.010258 0.007485
11 0.173652 0.854502 0.009672 0.007485
12 0.805832 0.853595 0.010258 0.007485
11 0.594226 0.852234 0.010258 0.007485
11 0.775059 0.850193 0.010258 0.007938
11 0.714097 0.849739 0.009672 0.007485
11 0.828546 0.847471 0.010551 0.007485
12 0.618406 0.846110 0.009965 0.007485
12 0.686987 0.843389 0.010551 0.007485
11 0.655481 0.839986 0.009672 0.007938
11 0.776084 0.803470 0.010551 0.007938
12 0.473916 0.801656 0.010551 0.007485
12 0.584555 0.798707 0.009672 0.007485
12 0.584701 0.776480 0.009965 0.007485
12 0.494725 0.798254 0.009965 0.007031
12 0.802022 0.797120 0.010844 0.007031
12 0.514068 0.792357 0.010551 0.007485
12 0.453546 0.791903 0.009672 0.007031
11 0.831331 0.791222 0.010258 0.007485
12 0.392292 0.788841 0.010258 0.007711
12 0.417497 0.788728 0.010258 0.007938
12 0.533998 0.786006 0.010551 0.007485
12 0.306125 0.785552 0.010258 0.007485
12 0.364889 0.785325 0.009965 0.007938
12 0.344812 0.782377 0.010258 0.007485
12 0.273740 0.782150 0.010551 0.007485
12 0.857708 0.781470 0.010258 0.007031
12 0.325762 0.779202 0.009672 0.007485
12 0.553634 0.776026 0.009965 0.007485
12 0.233441 0.775573 0.010258 0.007938
12 0.173652 0.775346 0.010258 0.007938
12 0.213511 0.771944 0.010258 0.007938
12 0.727872 0.751758 0.009672 0.007031
11 0.194168 0.750284 0.010258 0.008165
11 0.699443 0.744954 0.010258 0.007485
11 0.663247 0.744954 0.009965 0.008392
11 0.228019 0.744273 0.010551 0.007938
12 0.614742 0.741778 0.009672 0.007485
12 0.586313 0.741551 0.010258 0.007485
11 0.255275 0.740871 0.009965 0.007485
12 0.558763 0.738376 0.010258 0.007485
12 0.487837 0.738149 0.010258 0.007485
12 0.534437 0.735201 0.010844 0.007485
12 0.446952 0.734747 0.010551 0.007031
12 0.283265 0.734861 0.010258 0.007711
12 0.510111 0.732025 0.010258 0.007485
11 0.770662 0.729984 0.010844 0.007031
12 0.324004 0.728396 0.009672 0.006577
12 0.397128 0.728396 0.009965 0.007031
12 0.373535 0.725221 0.010258 0.007485
12 0.805539 0.723633 0.010258 0.007031
11 0.830598 0.720458 0.010551 0.007485
12 0.858294 0.714108 0.010258 0.007485
12 0.410170 0.683262 0.010258 0.007485
11 0.524472 0.682581 0.010258 0.007485
12 0.385404 0.680653 0.010551 0.008165
11 0.480510 0.680313 0.010258 0.007938
11 0.694461 0.678272 0.010258 0.007485
11 0.693875 0.668292 0.010258 0.007485
11 0.354777 0.677364 0.009672 0.007938
11 0.448564 0.676684 0.009672 0.007938
12 0.235346 0.676457 0.010551 0.008392
11 0.310815 0.673962 0.010844 0.007485
12 0.211020 0.673736 0.010551 0.007485
11 0.819607 0.672375 0.009672 0.007938
11 0.819314 0.656271 0.010258 0.007485
11 0.782093 0.671808 0.010844 0.006804
11 0.782093 0.678612 0.010844 0.006804
11 0.649619 0.671694 0.009672 0.007031
11 0.273593 0.671014 0.010258 0.007485
11 0.173798 0.670560 0.009965 0.007031
11 0.725528 0.669199 0.010258 0.007031
11 0.724941 0.656044 0.010258 0.007031
11 0.614742 0.649467 0.010258 0.007938
11 0.560375 0.645838 0.009965 0.007485
17 0.487251 0.607054 0.011430 0.007485
17 0.486665 0.590950 0.011430 0.007938
17 0.416618 0.606827 0.012016 0.007938
17 0.415592 0.590950 0.011137 0.007938
12 0.769783 0.601610 0.010258 0.007031
12 0.634086 0.601384 0.012016 0.007938
11 0.632034 0.588229 0.010258 0.007031
11 0.846131 0.598889 0.009965 0.007485
12 0.744578 0.598435 0.010258 0.007031
17 0.343640 0.597755 0.011430 0.007485
17 0.275791 0.597528 0.011723 0.007485
11 0.814039 0.595260 0.009672 0.007938
11 0.712046 0.594466 0.010844 0.006804
11 0.712046 0.601270 0.010844 0.006804
11 0.586899 0.594239 0.010258 0.006804
11 0.586899 0.601043 0.010258 0.006804
11 0.215416 0.594352 0.009965 0.007485
11 0.666178 0.591404 0.010551 0.007938
11 0.172479 0.590950 0.010258 0.007485
12 0.849209 0.534021 0.010258 0.007485
12 0.816676 0.530619 0.009672 0.007485
11 0.777403 0.527671 0.010844 0.007938
11 0.644050 0.527217 0.010258 0.007485
11 0.731682 0.524042 0.009672 0.007031
17 0.555832 0.524042 0.010844 0.007031
17 0.555539 0.514289 0.011430 0.007485
17 0.361518 0.521093 0.011430 0.007485
12 0.236372 0.521093 0.009672 0.007938
11 0.692995 0.520753 0.009672 0.007711
11 0.306125 0.517918 0.010844 0.007485
17 0.493113 0.517351 0.012016 0.006804
17 0.493113 0.524155 0.012016 0.006804
17 0.423652 0.517351 0.011430 0.006804
17 0.423652 0.524155 0.011430 0.006804
12 0.205012 0.517691 0.010258 0.007485
11 0.173652 0.514629 0.009672 0.007258
11 0.275352 0.514516 0.010258 0.007485
17 0.527403 0.462803 0.011430 0.007031
17 0.665152 0.459628 0.011430 0.007485
12 0.326641 0.456906 0.010258 0.007031
17 0.598769 0.456226 0.011137 0.007485
17 0.459408 0.456226 0.012016 0.007938
12 0.293230 0.453731 0.010258 0.007031
11 0.401084 0.453504 0.010258 0.007031
11 0.261870 0.450556 0.009672 0.007485
11 0.367087 0.450329 0.010258 0.007485
11 0.753957 0.450102 0.010258 0.007938
11 0.213804 0.447380 0.009672 0.007485
11 0.845692 0.446927 0.009672 0.007485
11 0.806272 0.443978 0.010551 0.007485
11 0.173652 0.443978 0.010258 0.007485
17 0.173652 0.402812 0.011430 0.007258
11 0.842761 0.379791 0.010844 0.007485
17 0.172773 0.345770 0.010258 0.007938
12 0.171747 0.333749 0.009965 0.007485
12 0.171307 0.311749 0.009672 0.007031
12 0.851553 0.333976 0.010258 0.007485
12 0.829279 0.330574 0.010258 0.007031
12 0.805979 0.323770 0.010551 0.007485
12 0.721571 0.321048 0.009965 0.007485
12 0.782386 0.317646 0.010258 0.007031
11 0.598329 0.314924 0.010258 0.007938
11 0.553048 0.314924 0.010551 0.007938
12 0.676583 0.314470 0.010258 0.007485
11 0.629982 0.314697 0.010258 0.007938
12 0.745457 0.314470 0.010258 0.007938
12 0.699297 0.311522 0.009965 0.007031
17 0.746923 0.282037 0.010258 0.007485
12 0.746043 0.269335 0.009672 0.007485
12 0.745750 0.247108 0.010258 0.007485
17 0.601700 0.282264 0.010551 0.007938
12 0.600674 0.269335 0.010844 0.007485
12 0.600381 0.247108 0.010258 0.007485
12 0.314918 0.282264 0.010258 0.007938
17 0.461460 0.282037 0.010258 0.007938
12 0.460873 0.269562 0.010258 0.007485
12 0.460580 0.247335 0.010258 0.007485
11 0.670135 0.279542 0.010258 0.007485
12 0.669842 0.269109 0.009672 0.007485
12 0.668816 0.247108 0.009965 0.007031
11 0.525938 0.279315 0.010258 0.007485
12 0.525498 0.269562 0.009965 0.007938
12 0.524766 0.247562 0.010258 0.007485
11 0.381741 0.279088 0.010258 0.007938
12 0.381448 0.269335 0.009672 0.007485
12 0.380862 0.247335 0.009672 0.007031
12 0.811841 0.278635 0.008792 0.007938
12 0.811694 0.268882 0.009672 0.007485
12 0.811401 0.246655 0.010258 0.007485
12 0.282972 0.270016 0.010844 0.007485
12 0.237544 0.270016 0.010258 0.007485
12 0.263775 0.266614 0.009965 0.007031
12 0.172186 0.260490 0.010258 0.007031
12 0.217907 0.260490 0.010844 0.007485
12 0.198857 0.257541 0.010258 0.007031
12 0.452374 0.217850 0.009672 0.007485
12 0.499267 0.217623 0.009672 0.007938
12 0.480070 0.214221 0.009965 0.008392
12 0.563599 0.204922 0.010551 0.007485
12 0.519783 0.205149 0.010258 0.007938
12 0.377638 0.205149 0.010844 0.007938
12 0.422479 0.205149 0.010258 0.008392
12 0.402696 0.201746 0.009965 0.007031
12 0.545281 0.201746 0.009672 0.007485
12 0.357415 0.195849 0.010258 0.007485
12 0.312573 0.195849 0.010844 0.007485
12 0.638189 0.195396 0.010258 0.007031
12 0.591882 0.195396 0.010258 0.007485
12 0.338658 0.192674 0.010258 0.007485
12 0.619285 0.192220 0.010551 0.007938
12 0.281213 0.183375 0.010258 0.007485
12 0.236518 0.183375 0.010551 0.007485
12 0.707943 0.182468 0.010258 0.007485
12 0.662808 0.182468 0.010258 0.007485
12 0.804074 0.182241 0.010258 0.007485
12 0.850821 0.182014 0.009965 0.007485
12 0.261137 0.180653 0.009965 0.007485
12 0.688746 0.179519 0.009965 0.007938
12 0.829719 0.179066 0.009965 0.007938
12 0.216295 0.173849 0.009965 0.007485
12 0.171307 0.173849 0.010258 0.007938
12 0.738423 0.172942 0.010258 0.007031
12 0.783558 0.172488 0.010258 0.007031
12 0.197978 0.170674 0.010258 0.007485
12 0.764508 0.168859 0.009672 0.007938
17 0.271542 0.142776 0.010844 0.007031
17 0.270809 0.123724 0.010551 0.007938
11 0.270662 0.107621 0.009672 0.007485
17 0.314625 0.142776 0.010258 0.007485
17 0.314332 0.126673 0.009672 0.007031
11 0.313892 0.110796 0.010551 0.007938
17 0.215416 0.142549 0.009965 0.007485
11 0.214683 0.130075 0.009672 0.007031
11 0.214977 0.114198 0.009672 0.007031
12 0.372655 0.142549 0.010258 0.007938
12 0.372069 0.129394 0.010258 0.007031
12 0.371776 0.113518 0.010258 0.007031
12 0.608880 0.141869 0.010258 0.007938
12 0.559349 0.141869 0.010844 0.008392
12 0.587778 0.138013 0.010258 0.007938
11 0.170721 0.129848 0.010844 0.007031
11 0.170721 0.136879 0.010844 0.007031
12 0.632327 0.129168 0.010258 0.007938
12 0.682737 0.128714 0.010258 0.007938
12 0.661049 0.125539 0.010258 0.007031
12 0.771981 0.118961 0.010551 0.007031
12 0.722304 0.118961 0.010258 0.007031
12 0.750147 0.115786 0.009672 0.007938
12 0.800703 0.106033 0.009965 0.007485
12 0.850234 0.105806 0.009965 0.007485
12 0.828986 0.103085 0.010258 0.007485
1 0.119578 0.117827 0.022860 0.046042
3 0.817849 0.102971 0.007327 0.020866
4 0.357708 0.113291 0.008499 0.018825
4 0.139947 0.105126 0.009086 0.018825
5 0.739302 0.112611 0.008499 0.015650
4 0.202081 0.114198 0.009086 0.019279
3 0.303048 0.126219 0.007620 0.019279
1 0.118552 0.192901 0.023154 0.045589
3 0.677169 0.179973 0.006741 0.019279
3 0.650645 0.125312 0.007620 0.019732
5 0.348916 0.518145 0.009086 0.015650
3 0.534437 0.201293 0.007327 0.019732
5 0.575762 0.134838 0.007913 0.015650
3 0.819314 0.179633 0.007327 0.019052
5 0.752784 0.165911 0.007913 0.016103
5 0.185375 0.167725 0.007913 0.015650
1 0.122362 0.456906 0.022567 0.045589
3 0.250440 0.181107 0.006741 0.018825
5 0.800264 0.275006 0.008499 0.016557
4 0.140533 0.180653 0.009672 0.018372
4 0.140826 0.244840 0.009672 0.018825
4 0.157239 0.137333 0.009086 0.018825
1 0.122362 0.654003 0.022567 0.046042
3 0.202960 0.594126 0.007327 0.019279
4 0.478458 0.517464 0.009086 0.019279
1 0.120311 0.257541 0.022567 0.046042
5 0.202374 0.443298 0.008499 0.015196
5 0.807591 0.653096 0.008499 0.016103
5 0.607708 0.189159 0.008499 0.016330
5 0.468787 0.211046 0.007913 0.016103
3 0.391852 0.201633 0.007620 0.019506
5 0.411049 0.520413 0.007913 0.015196
5 0.712046 0.396802 0.005569 0.010206
5 0.327814 0.189952 0.007913 0.015196
1 0.122948 0.520866 0.022567 0.045589
1 0.122655 0.584600 0.022567 0.046042
3 0.794402 0.444432 0.007327 0.018825
1 0.120604 0.320821 0.022567 0.045589
4 0.574297 0.741098 0.009086 0.018825
5 0.370018 0.275232 0.008499 0.016103
4 0.142292 0.308800 0.009672 0.018825
4 0.144050 0.508392 0.008499 0.018825
1 0.122655 0.724994 0.022567 0.045589
3 0.252784 0.266387 0.007327 0.019732
5 0.514508 0.275459 0.007913 0.015650
4 0.380715 0.788728 0.009379 0.018825
4 0.214097 0.744273 0.008499 0.018372
5 0.763042 0.846791 0.008499 0.016103
4 0.600967 0.649467 0.009086 0.018825
4 0.792351 0.723180 0.009086 0.019279
3 0.406506 0.788954 0.007034 0.020640
4 0.197685 0.674189 0.009086 0.018825
3 0.848623 0.860626 0.007327 0.019732
1 0.121483 0.385915 0.022567 0.046042
5 0.401671 0.603652 0.008499 0.015650
5 0.680686 0.517691 0.007913 0.016103
5 0.195633 0.856997 0.007327 0.015196
4 0.649912 0.744954 0.009086 0.018825
3 0.603605 0.740871 0.006741 0.019279
5 0.833382 0.443071 0.007913 0.016557
5 0.586166 0.453277 0.008792 0.015650
3 0.804074 0.530392 0.007327 0.019279
5 0.657532 0.275686 0.007913 0.015650
5 0.187720 0.254366 0.008499 0.015650
4 0.296747 0.674416 0.009086 0.018825
5 0.263921 0.594352 0.008499 0.016103
5 0.249707 0.869472 0.008206 0.015650
4 0.442263 0.791903 0.009379 0.019279
5 0.642878 0.837718 0.007327 0.014743
3 0.350381 0.861080 0.007327 0.019279
3 0.768904 0.671921 0.007327 0.020186
4 0.636723 0.671467 0.009086 0.018825
3 0.292204 0.873554 0.007620 0.019732
1 0.122216 0.869698 0.022860 0.045589
5 0.719666 0.520073 0.008499 0.015423
5 0.315064 0.453504 0.008206 0.016103
5 0.837925 0.530846 0.008792 0.016103
5 0.793523 0.850646 0.008499 0.016557
5 0.554660 0.857904 0.007913 0.015650
1 0.121483 0.793944 0.023154 0.045589
4 0.323124 0.867430 0.009086 0.019279
5 0.702081 0.846110 0.007327 0.016103
3 0.443288 0.857904 0.006741 0.019732
5 0.447392 0.453504 0.008499 0.015650
4 0.574590 0.594579 0.009672 0.018825
4 0.143464 0.571898 0.009086 0.018825
4 0.142878 0.781923 0.009086 0.018825
4 0.143611 0.712520 0.009379 0.018825
5 0.582210 0.849059 0.009086 0.016103
4 0.143464 0.641982 0.008499 0.018372
5 0.224941 0.518145 0.008499 0.016103
4 0.142438 0.374121 0.009379 0.018825
4 0.143171 0.857904 0.009086 0.018372
5 0.675410 0.839306 0.007913 0.016103
4 0.142145 0.444318 0.008206 0.018145
3 0.162368 0.444318 0.006448 0.019052