6 0.247872 0.790626 0.005577 0.028824
6 0.765923 0.653200 0.005577 0.028597
7 0.733490 0.574330 0.013502 0.014753
7 0.677722 0.574103 0.012328 0.015207
7 0.651306 0.574103 0.012328 0.015207
10 0.816848 0.569224 0.013502 0.005901
6 0.781333 0.570245 0.007044 0.009759
6 0.700616 0.571834 0.011154 0.023377
7 0.749780 0.504880 0.012621 0.014753
7 0.619753 0.504199 0.013208 0.015207
7 0.239360 0.504312 0.013208 0.015433
7 0.484737 0.503972 0.013208 0.016114
7 0.746698 0.429755 0.012328 0.015207
7 0.408571 0.429074 0.012328 0.015660
10 0.375110 0.424194 0.013502 0.005901
7 0.717934 0.354176 0.012915 0.015660
10 0.518638 0.297776 0.013502 0.005901
7 0.395950 0.289038 0.007631 0.010667
6 0.374817 0.289946 0.006457 0.015207
7 0.617259 0.283364 0.012328 0.015660
6 0.588201 0.280980 0.010566 0.023604
10 0.406516 0.271788 0.013502 0.006582
7 0.768418 0.200862 0.013502 0.016341
6 0.737893 0.198933 0.011154 0.022923
7 0.512474 0.130163 0.012328 0.015660
7 0.404168 0.130163 0.012915 0.015207
7 0.297329 0.129029 0.012915 0.015660
7 0.184033 0.129029 0.012915 0.016114
12 0.462724 0.873468 0.010273 0.007490
12 0.429850 0.873581 0.010273 0.007717
12 0.846493 0.867453 0.009979 0.007263
12 0.744497 0.867227 0.010273 0.007263
12 0.485618 0.867113 0.010273 0.007490
12 0.408130 0.867113 0.010273 0.007490
12 0.643822 0.866886 0.010860 0.007490
12 0.190637 0.861439 0.010860 0.007944
12 0.266070 0.861212 0.010273 0.007944
12 0.331230 0.858034 0.010273 0.007036
12 0.288524 0.858148 0.009979 0.007263
12 0.388025 0.857808 0.009979 0.007490
12 0.517611 0.857581 0.009686 0.007490
12 0.232609 0.855084 0.010273 0.007490
12 0.804520 0.854857 0.009979 0.007490
12 0.702818 0.854517 0.010273 0.007263
12 0.598620 0.854403 0.009686 0.007036
12 0.309510 0.854857 0.010860 0.007944
12 0.536542 0.854517 0.010566 0.007717
12 0.364397 0.851793 0.010273 0.007263
12 0.826387 0.851680 0.009686 0.007490
12 0.776636 0.851566 0.010566 0.007263
12 0.212063 0.851793 0.010273 0.007717
12 0.724244 0.851339 0.009686 0.007263
12 0.676108 0.851226 0.009686 0.007036
12 0.571324 0.851226 0.010273 0.007490
12 0.621221 0.850999 0.010273 0.007490
12 0.167449 0.848842 0.010273 0.007263
12 0.305254 0.807422 0.009979 0.007490
12 0.327267 0.804358 0.010566 0.007717
12 0.228940 0.804358 0.009979 0.007717
12 0.746258 0.801067 0.010273 0.007490
12 0.188582 0.800840 0.010273 0.007490
12 0.639859 0.800613 0.009979 0.007490
12 0.364984 0.800726 0.009686 0.007717
12 0.264015 0.800613 0.009686 0.007490
12 0.535368 0.800499 0.009979 0.007717
12 0.427796 0.800386 0.009686 0.007490
12 0.209128 0.797662 0.010273 0.007490
12 0.286029 0.794485 0.010273 0.007036
12 0.166275 0.794371 0.010273 0.007263
12 0.386117 0.791307 0.009686 0.007944
12 0.807896 0.788357 0.010273 0.007036
12 0.699442 0.788016 0.009979 0.006809
12 0.487819 0.787676 0.009979 0.007490
12 0.593044 0.787449 0.009099 0.007490
12 0.828441 0.785406 0.010273 0.007490
12 0.778691 0.785293 0.010566 0.007263
12 0.718521 0.785066 0.009979 0.007263
12 0.459789 0.784839 0.010273 0.007263
12 0.406956 0.784839 0.010273 0.007263
12 0.669944 0.784725 0.010273 0.007490
12 0.613296 0.784612 0.010273 0.007263
12 0.566628 0.784612 0.010273 0.007717
12 0.509246 0.784498 0.010566 0.007490
12 0.848400 0.782229 0.010273 0.007490
12 0.613883 0.747730 0.010273 0.007036
12 0.674787 0.744666 0.009979 0.008171
12 0.268711 0.744326 0.010273 0.007490
12 0.233490 0.741829 0.010273 0.007944
12 0.635016 0.741262 0.010273 0.007717
12 0.291606 0.739106 0.010273 0.007036
12 0.210743 0.738992 0.009979 0.007263
12 0.694599 0.738311 0.009686 0.007263
12 0.570883 0.738198 0.009979 0.007490
12 0.533314 0.735134 0.009979 0.007717
12 0.593044 0.734793 0.009686 0.007490
12 0.190050 0.732297 0.010273 0.007490
12 0.434253 0.731843 0.010273 0.007490
12 0.312151 0.729233 0.010273 0.007263
12 0.718080 0.728779 0.009686 0.007263
12 0.511887 0.728665 0.010566 0.007490
12 0.468007 0.728665 0.009686 0.007490
12 0.167009 0.726169 0.010566 0.007036
12 0.335045 0.725942 0.010273 0.007036
12 0.489874 0.725715 0.010566 0.007036
12 0.846199 0.722991 0.009979 0.007036
12 0.368506 0.722991 0.010273 0.007490
11 0.738333 0.722537 0.010273 0.007490
12 0.411652 0.722537 0.010860 0.007944
12 0.390520 0.719587 0.009686 0.007036
12 0.822865 0.716523 0.010273 0.007717
12 0.777077 0.716409 0.010273 0.007490
12 0.799677 0.713459 0.010860 0.007036
12 0.526856 0.678166 0.009979 0.007263
12 0.582330 0.675783 0.009392 0.007944
12 0.548723 0.672379 0.010273 0.007490
12 0.182125 0.669428 0.009686 0.007036
12 0.484004 0.669201 0.009979 0.007490
12 0.603610 0.668861 0.009686 0.007263
12 0.844585 0.666591 0.010273 0.007717
12 0.447461 0.666024 0.010860 0.007490
12 0.505430 0.665797 0.010566 0.007944
12 0.801145 0.663073 0.010273 0.007036
12 0.204579 0.663073 0.009979 0.007036
12 0.347373 0.662960 0.010273 0.007263
12 0.822278 0.660009 0.010273 0.007263
12 0.226446 0.659782 0.010273 0.007263
12 0.425448 0.659555 0.010273 0.007263
12 0.626357 0.659328 0.010566 0.007263
12 0.382154 0.659555 0.010566 0.007717
12 0.248459 0.656491 0.009686 0.007036
12 0.779278 0.656491 0.009979 0.007490
12 0.405048 0.656378 0.010566 0.007263
12 0.746551 0.653541 0.010273 0.007490
12 0.323305 0.653654 0.010273 0.007717
12 0.281626 0.653654 0.010273 0.007717
12 0.646610 0.653200 0.009979 0.007717
12 0.303640 0.650136 0.010860 0.007036
12 0.724978 0.647072 0.009979 0.007263
12 0.681978 0.646959 0.010273 0.007036
18 0.160112 0.647526 0.011447 0.010440
12 0.703111 0.643895 0.010273 0.007263
12 0.165688 0.589764 0.010273 0.007490
13 0.377018 0.577054 0.011447 0.007036
13 0.376724 0.561394 0.012034 0.007490
11 0.283387 0.577054 0.009686 0.007036
11 0.283681 0.561167 0.010273 0.007944
13 0.574259 0.576827 0.011447 0.007036
13 0.573672 0.561167 0.011447 0.007490
13 0.479601 0.576827 0.011154 0.007036
13 0.478867 0.560940 0.012034 0.007944
13 0.532580 0.570699 0.010273 0.006582
13 0.533020 0.554358 0.011154 0.007490
12 0.190930 0.570472 0.010273 0.007036
12 0.627678 0.570132 0.009099 0.006809
12 0.627678 0.554358 0.010273 0.007036
13 0.337394 0.570472 0.010860 0.007490
13 0.337394 0.555039 0.010860 0.007490
11 0.246404 0.570472 0.009686 0.007490
12 0.245964 0.554925 0.009979 0.007263
13 0.436161 0.570245 0.011154 0.007490
13 0.435721 0.554358 0.011447 0.007490
12 0.855151 0.568202 0.012034 0.011575
12 0.215879 0.561280 0.009686 0.007717
12 0.262988 0.520086 0.009979 0.007490
12 0.505136 0.517136 0.010566 0.007490
12 0.283827 0.513958 0.009392 0.007036
12 0.770913 0.510781 0.010273 0.007490
12 0.640593 0.510440 0.010273 0.007263
12 0.526563 0.510440 0.009979 0.007717
12 0.310684 0.507490 0.010273 0.006809
12 0.790431 0.501135 0.009979 0.007263
12 0.551512 0.501021 0.009392 0.007036
12 0.454799 0.501021 0.010273 0.007036
12 0.658497 0.500794 0.010273 0.007036
12 0.589375 0.500794 0.009979 0.007036
12 0.415762 0.500794 0.010860 0.007490
11 0.198268 0.500908 0.010273 0.007717
11 0.165688 0.497957 0.010860 0.007263
11 0.381567 0.497844 0.010566 0.007490
12 0.351189 0.497617 0.010860 0.007944
12 0.849721 0.495120 0.009979 0.007036
12 0.811271 0.495234 0.010566 0.007263
12 0.720135 0.494893 0.010273 0.007036
12 0.569856 0.494666 0.010273 0.007036
12 0.434987 0.494666 0.010566 0.007036
12 0.681098 0.494553 0.009686 0.007263
12 0.330056 0.494553 0.009686 0.007263
12 0.829909 0.488879 0.010273 0.007263
12 0.700470 0.488425 0.009686 0.006809
12 0.427062 0.454153 0.009979 0.007717
12 0.446140 0.450635 0.010566 0.007944
11 0.329028 0.447685 0.009979 0.007036
12 0.466539 0.447685 0.010273 0.007490
12 0.492956 0.447231 0.010273 0.007490
12 0.764162 0.445075 0.010273 0.007717
12 0.512915 0.444507 0.010273 0.007490
12 0.543440 0.441330 0.010273 0.007490
12 0.165688 0.441443 0.010860 0.007717
12 0.785295 0.438493 0.010273 0.007263
12 0.564573 0.438266 0.010273 0.006809
12 0.186528 0.438266 0.010273 0.006809
12 0.205166 0.435315 0.009979 0.007263
12 0.229968 0.435315 0.010273 0.007717
12 0.583505 0.435089 0.010566 0.007717
12 0.610214 0.434862 0.009979 0.007717
12 0.810244 0.432365 0.010860 0.006809
12 0.630026 0.431684 0.009686 0.006809
12 0.250514 0.431911 0.010273 0.007263
12 0.648665 0.428734 0.010566 0.007263
12 0.270913 0.428847 0.009979 0.007490
11 0.708394 0.425556 0.010273 0.007263
11 0.299824 0.425443 0.010273 0.007036
12 0.849574 0.423059 0.009686 0.007263
11 0.677576 0.422719 0.009686 0.007036
12 0.830349 0.419768 0.009979 0.007036
12 0.743910 0.379936 0.009686 0.007717
12 0.766950 0.376078 0.009979 0.007717
12 0.822571 0.373581 0.010860 0.007263
12 0.791018 0.373241 0.009979 0.007490
12 0.522160 0.372220 0.009979 0.007263
12 0.845759 0.370177 0.010273 0.007717
11 0.606545 0.369269 0.009686 0.007263
11 0.484737 0.369042 0.010273 0.007263
11 0.569122 0.365978 0.009979 0.007490
12 0.318462 0.365751 0.009979 0.007490
11 0.450396 0.365751 0.009686 0.007944
11 0.397857 0.362574 0.010273 0.007490
11 0.288377 0.362006 0.010273 0.007263
11 0.361315 0.359396 0.010566 0.007490
11 0.253889 0.358942 0.010566 0.007490
11 0.203258 0.355311 0.010273 0.007036
11 0.165395 0.352360 0.010860 0.007490
12 0.416055 0.301407 0.006164 0.004539
11 0.432785 0.295506 0.006751 0.004539
12 0.213824 0.295847 0.010273 0.007036
12 0.296595 0.295733 0.010273 0.007263
12 0.189756 0.292215 0.010273 0.007036
12 0.559290 0.289832 0.006751 0.004085
12 0.839742 0.291194 0.010566 0.007717
12 0.506164 0.289492 0.006751 0.004312
11 0.447461 0.289492 0.006751 0.004312
12 0.166862 0.289038 0.010273 0.007036
12 0.492075 0.286995 0.006751 0.004766
11 0.810831 0.287676 0.010273 0.007036
11 0.774729 0.284498 0.010860 0.007036
12 0.476225 0.283023 0.006751 0.004993
11 0.643088 0.283591 0.010566 0.007490
11 0.727326 0.280980 0.010566 0.006809
12 0.274141 0.279505 0.009979 0.007490
11 0.692251 0.277690 0.010273 0.007490
12 0.243763 0.276328 0.010273 0.007490
12 0.544614 0.274626 0.006164 0.004539
12 0.528177 0.270994 0.006164 0.004539
12 0.797329 0.225715 0.010273 0.007490
13 0.826827 0.219927 0.010566 0.007717
12 0.848547 0.213913 0.009979 0.007490
12 0.519372 0.212438 0.010273 0.007263
12 0.349868 0.211984 0.010566 0.007717
12 0.166569 0.211189 0.010273 0.007490
12 0.655269 0.206423 0.010860 0.007490
12 0.476812 0.205402 0.010860 0.007717
12 0.306575 0.205175 0.009686 0.007717
12 0.626504 0.200068 0.009686 0.007490
12 0.574112 0.199955 0.009979 0.007717
12 0.454799 0.199047 0.010273 0.007717
12 0.406663 0.199160 0.010273 0.007944
12 0.280158 0.198593 0.009686 0.007263
12 0.224684 0.198706 0.010273 0.007490
12 0.547402 0.196550 0.010566 0.007263
12 0.378779 0.195983 0.009686 0.007490
12 0.196214 0.194848 0.009686 0.007490
12 0.432492 0.189628 0.010273 0.007036
12 0.604784 0.184294 0.009686 0.006809
12 0.257264 0.182819 0.009686 0.007490
11 0.434840 0.145824 0.010273 0.007490
12 0.327414 0.145710 0.010273 0.007717
12 0.215292 0.145030 0.010273 0.007717
12 0.701937 0.143895 0.010273 0.007717
12 0.846052 0.137994 0.010860 0.007263
12 0.758585 0.131525 0.009686 0.007490
12 0.816701 0.131298 0.010860 0.007490
12 0.536689 0.130390 0.010860 0.007490
11 0.468007 0.129936 0.009686 0.007490
12 0.467567 0.107354 0.009979 0.007717
12 0.731289 0.127894 0.010273 0.006582
11 0.249927 0.122787 0.010273 0.007263
12 0.792926 0.121766 0.010273 0.007490
12 0.159525 0.121879 0.011447 0.009532
11 0.565013 0.118021 0.010566 0.007263
11 0.564866 0.102247 0.010860 0.007490
11 0.359260 0.117567 0.010566 0.007717
4 0.552539 0.102701 0.008512 0.018384
4 0.136337 0.116092 0.009686 0.018838
1 0.112269 0.127894 0.022601 0.046074
5 0.718374 0.124262 0.007925 0.015660
4 0.238186 0.122560 0.009099 0.018611
5 0.781186 0.117680 0.009099 0.015660
4 0.135163 0.185542 0.009686 0.018838
4 0.315087 0.144462 0.009099 0.019746
5 0.834605 0.134703 0.009099 0.016114
5 0.506751 0.209147 0.008512 0.016114
4 0.202671 0.144235 0.009686 0.018838
5 0.746551 0.128121 0.007925 0.015207
5 0.592750 0.180209 0.007925 0.015887
5 0.212944 0.195302 0.007925 0.015660
5 0.562225 0.196664 0.007925 0.015660
1 0.112269 0.351226 0.023188 0.046074
4 0.422219 0.144689 0.009686 0.018838
4 0.407543 0.301748 0.006751 0.012937
5 0.245817 0.178734 0.007925 0.014753
5 0.689903 0.140604 0.008512 0.015660
4 0.813913 0.220041 0.008805 0.018838
4 0.474171 0.787676 0.008512 0.019292
5 0.338274 0.208693 0.008512 0.016568
5 0.154535 0.207785 0.008512 0.016114
4 0.784855 0.226169 0.009392 0.018384
4 0.232022 0.276441 0.009099 0.018611
5 0.185354 0.192124 0.007925 0.013845
1 0.112856 0.197798 0.022601 0.046074
1 0.111682 0.281775 0.023188 0.046074
4 0.135163 0.339424 0.009099 0.018838
4 0.217640 0.435429 0.009099 0.018384
4 0.135750 0.560940 0.009099 0.018838
4 0.480041 0.447685 0.009099 0.018384
4 0.690197 0.854403 0.009686 0.018838
1 0.112562 0.428620 0.022014 0.045620
5 0.535515 0.192578 0.008512 0.015660
4 0.791752 0.854857 0.009686 0.018384
4 0.505283 0.857581 0.009686 0.019292
5 0.643528 0.203019 0.008512 0.016114
5 0.367038 0.191897 0.008512 0.015660
5 0.296008 0.202111 0.008512 0.016114
1 0.113443 0.503745 0.022014 0.046074
4 0.794687 0.788357 0.009686 0.019746
3 0.523188 0.800159 0.007925 0.019746
3 0.627972 0.800159 0.007338 0.020200
3 0.733050 0.800613 0.007338 0.019292
4 0.809363 0.373695 0.010273 0.018384
1 0.113736 0.791080 0.022601 0.046074
4 0.587467 0.854290 0.008512 0.018611
1 0.114030 0.861212 0.022014 0.046527
4 0.509392 0.372333 0.009099 0.019292
4 0.154535 0.289492 0.009099 0.019746
4 0.261374 0.279505 0.009099 0.019292
1 0.113443 0.722310 0.022601 0.046527
3 0.352069 0.799932 0.007338 0.020654
4 0.136043 0.416137 0.010273 0.018838
5 0.394922 0.196210 0.007925 0.015207
4 0.135456 0.269973 0.009686 0.018838
1 0.113736 0.652633 0.022014 0.046074
4 0.136484 0.778824 0.009979 0.017930
4 0.136337 0.710281 0.009686 0.018838
4 0.597740 0.434975 0.008512 0.018838
4 0.580716 0.787789 0.009099 0.019973
1 0.113736 0.573196 0.022601 0.046074
4 0.686674 0.788130 0.009686 0.019746
4 0.136190 0.641058 0.009979 0.018384
4 0.135163 0.491489 0.009686 0.018838
4 0.136190 0.849069 0.008218 0.018157
3 0.156443 0.848842 0.006457 0.019519