7 0.798479 0.867157 0.012869 0.015176
7 0.740567 0.866704 0.012869 0.015629
7 0.667739 0.866025 0.013454 0.015629
7 0.501609 0.865459 0.013454 0.015402
7 0.413864 0.865572 0.012284 0.015629
7 0.276104 0.864892 0.012869 0.015176
6 0.819245 0.866478 0.010529 0.023783
6 0.846154 0.866025 0.010529 0.023330
6 0.688213 0.865119 0.010529 0.023783
6 0.435069 0.864326 0.010237 0.023556
6 0.460953 0.863760 0.011114 0.023330
7 0.867798 0.783805 0.012869 0.017441
7 0.764551 0.787656 0.013454 0.023330
6 0.663352 0.781087 0.011114 0.023330
10 0.679438 0.712571 0.013454 0.005889
6 0.712489 0.715855 0.010529 0.023783
6 0.734425 0.715855 0.011114 0.023783
6 0.637613 0.715742 0.010529 0.024009
6 0.386078 0.714949 0.010529 0.023330
6 0.364142 0.714609 0.011114 0.023556
6 0.332261 0.714496 0.010529 0.022877
9 0.558643 0.640091 0.010529 0.028086
6 0.177830 0.456059 0.011114 0.023330
6 0.198304 0.455606 0.011114 0.023330
7 0.729453 0.389694 0.013454 0.015629
7 0.822170 0.389694 0.012869 0.016082
6 0.695964 0.388335 0.010822 0.023330
6 0.673296 0.387882 0.011114 0.023330
6 0.839427 0.387769 0.011114 0.023556
10 0.781515 0.327067 0.010529 0.004983
10 0.422053 0.324349 0.008774 0.004077
8 0.255338 0.327180 0.015794 0.029672
9 0.312080 0.326727 0.015794 0.025595
8 0.198011 0.324009 0.014624 0.031031
8 0.378766 0.307475 0.014624 0.035561
9 0.491372 0.307022 0.014039 0.024236
8 0.435215 0.306342 0.015209 0.034655
6 0.197719 0.236580 0.011114 0.023783
6 0.176367 0.236806 0.011699 0.023330
7 0.400994 0.176784 0.012869 0.016082
7 0.842059 0.174972 0.012869 0.015629
7 0.210588 0.105436 0.012869 0.015176
7 0.193916 0.105889 0.012284 0.016082
7 0.744955 0.103171 0.013454 0.016082
12 0.771717 0.895243 0.009652 0.007475
12 0.772009 0.873046 0.010237 0.007475
12 0.387686 0.893092 0.010237 0.006795
13 0.319245 0.889921 0.010237 0.007248
13 0.294969 0.886863 0.009652 0.007022
12 0.250512 0.886523 0.009652 0.007248
13 0.337233 0.886410 0.009944 0.007475
13 0.355221 0.880634 0.009652 0.006795
12 0.715560 0.875878 0.010822 0.007248
12 0.715560 0.860136 0.010237 0.007475
13 0.196549 0.873726 0.010529 0.007475
13 0.214829 0.870895 0.010822 0.007248
13 0.178268 0.870895 0.010237 0.007248
12 0.524276 0.865459 0.010237 0.006795
13 0.232378 0.864439 0.010237 0.007475
12 0.546212 0.859230 0.010822 0.007928
12 0.569319 0.849717 0.010237 0.007475
12 0.590377 0.844281 0.010237 0.007475
12 0.613483 0.838392 0.010822 0.007475
12 0.647996 0.829558 0.010822 0.007475
18 0.646388 0.810419 0.011114 0.007248
11 0.521644 0.810532 0.010237 0.007475
11 0.521644 0.798301 0.010237 0.007475
12 0.562445 0.807814 0.009944 0.007475
11 0.486838 0.807588 0.009652 0.007475
18 0.681925 0.807361 0.010237 0.007475
11 0.463732 0.803964 0.010237 0.007475
11 0.717023 0.801925 0.010237 0.007928
12 0.545335 0.801359 0.009652 0.007248
12 0.598421 0.801359 0.010529 0.007701
11 0.442088 0.800906 0.010237 0.006795
11 0.664083 0.801359 0.010822 0.008154
17 0.403773 0.801019 0.010822 0.007475
11 0.357414 0.800793 0.011699 0.007475
17 0.310471 0.800793 0.011407 0.007475
12 0.743492 0.799207 0.010529 0.007022
12 0.743492 0.806229 0.010529 0.007022
11 0.699035 0.798867 0.010529 0.007248
11 0.628400 0.798301 0.010822 0.007022
11 0.628400 0.805323 0.010822 0.007022
12 0.580725 0.798188 0.010237 0.007701
12 0.272448 0.797622 0.010237 0.007022
12 0.249049 0.790827 0.010237 0.007022
12 0.845276 0.790487 0.010529 0.006795
12 0.231208 0.784711 0.010822 0.007475
13 0.802720 0.780408 0.009652 0.007022
12 0.213513 0.778369 0.010529 0.007022
13 0.817052 0.777576 0.010237 0.006795
13 0.782246 0.777123 0.009652 0.006795
12 0.178707 0.775198 0.009944 0.007022
12 0.196110 0.772140 0.010822 0.007248
13 0.831237 0.767724 0.010529 0.007022
17 0.304036 0.744847 0.010822 0.007928
12 0.253290 0.740997 0.009944 0.007022
12 0.234718 0.737486 0.010237 0.007248
12 0.215853 0.734768 0.009944 0.006795
12 0.178561 0.731710 0.010237 0.007022
12 0.272156 0.731710 0.010237 0.007475
12 0.197280 0.728313 0.010237 0.007475
11 0.594472 0.719819 0.010237 0.006795
11 0.616993 0.716874 0.010822 0.007248
13 0.779760 0.714383 0.010529 0.006342
12 0.758263 0.714270 0.010237 0.006569
12 0.563469 0.713703 0.010237 0.007248
13 0.432436 0.713250 0.010237 0.007248
12 0.410208 0.713024 0.010237 0.007248
12 0.531588 0.710193 0.010822 0.007022
12 0.546944 0.707361 0.010529 0.006795
12 0.867359 0.705096 0.010237 0.007248
12 0.515209 0.703851 0.010237 0.007022
12 0.849225 0.698867 0.010237 0.007475
13 0.498830 0.697961 0.010237 0.007022
12 0.831383 0.692865 0.009652 0.006795
12 0.482451 0.691506 0.010237 0.007248
11 0.457736 0.691393 0.009944 0.007022
11 0.804767 0.686070 0.010237 0.007701
12 0.178853 0.664213 0.010237 0.007022
12 0.865019 0.662174 0.010237 0.007475
12 0.404212 0.661382 0.010529 0.007248
12 0.310617 0.661268 0.010529 0.007475
12 0.310471 0.638845 0.010822 0.007022
11 0.271863 0.661155 0.010237 0.007701
11 0.271571 0.638618 0.010237 0.007022
13 0.199327 0.660815 0.010237 0.007475
12 0.844545 0.658890 0.010237 0.007248
12 0.425124 0.658097 0.010237 0.007022
13 0.214536 0.657758 0.010237 0.006795
12 0.824071 0.655832 0.010822 0.007022
12 0.484498 0.655266 0.010237 0.007248
12 0.458175 0.655040 0.010237 0.007701
12 0.230331 0.654700 0.010822 0.007475
12 0.532173 0.651982 0.009652 0.007475
12 0.505118 0.651869 0.009944 0.007248
12 0.802866 0.649604 0.010529 0.007248
12 0.552647 0.649151 0.010822 0.007248
12 0.573413 0.648924 0.010237 0.007248
12 0.362972 0.648811 0.010529 0.007475
12 0.251097 0.648358 0.010237 0.007475
12 0.634835 0.646093 0.010237 0.007475
12 0.609535 0.645866 0.010529 0.007475
13 0.347031 0.645640 0.010237 0.007022
12 0.383299 0.645413 0.010237 0.007022
12 0.782685 0.643148 0.010529 0.007022
12 0.682363 0.642922 0.009944 0.007475
12 0.656040 0.642809 0.010529 0.007248
13 0.331822 0.642356 0.010237 0.007701
12 0.702983 0.639751 0.010822 0.007022
12 0.757385 0.633522 0.010822 0.007248
12 0.723165 0.633409 0.010237 0.007022
12 0.637175 0.603058 0.010822 0.007475
12 0.844399 0.600566 0.010529 0.007475
12 0.757385 0.600453 0.010237 0.007248
12 0.757678 0.577916 0.009652 0.006569
11 0.721702 0.600340 0.010237 0.007022
11 0.721702 0.577690 0.010237 0.007022
13 0.655601 0.600227 0.010237 0.007248
12 0.606464 0.600113 0.010237 0.007475
12 0.863264 0.597169 0.010237 0.007022
13 0.669494 0.596716 0.009944 0.007475
12 0.242030 0.596036 0.010237 0.007022
12 0.684264 0.593884 0.010237 0.007248
12 0.569172 0.593545 0.010529 0.007928
11 0.215268 0.593092 0.010529 0.007022
12 0.587452 0.590374 0.010822 0.007022
12 0.544750 0.590260 0.009652 0.007248
12 0.341474 0.590147 0.010237 0.007475
13 0.200790 0.589694 0.010822 0.007475
12 0.807107 0.587656 0.010237 0.007475
12 0.526031 0.587429 0.010822 0.007022
12 0.702545 0.587429 0.010529 0.007475
11 0.314566 0.586863 0.010237 0.007248
12 0.825826 0.584485 0.010237 0.007475
13 0.792191 0.584371 0.009652 0.007248
12 0.437409 0.584032 0.010237 0.007022
12 0.507166 0.583918 0.010529 0.007248
13 0.299210 0.583579 0.010529 0.007022
12 0.178415 0.583352 0.010529 0.006569
13 0.777420 0.581087 0.010529 0.007022
12 0.413717 0.580861 0.010822 0.007475
12 0.475431 0.580861 0.010237 0.007928
12 0.456274 0.577690 0.010529 0.007022
12 0.394706 0.577463 0.010237 0.007022
12 0.277128 0.577463 0.010237 0.007022
12 0.376572 0.571121 0.010237 0.007022
12 0.625183 0.547678 0.009652 0.007701
11 0.598274 0.547565 0.010822 0.007475
12 0.661158 0.547339 0.010237 0.007475
12 0.570635 0.544168 0.010529 0.007928
13 0.717023 0.538052 0.010822 0.007475
11 0.326557 0.535108 0.010237 0.007022
12 0.552647 0.535108 0.010822 0.007475
13 0.730769 0.535108 0.010237 0.007928
13 0.702398 0.535108 0.010822 0.007928
12 0.643609 0.534768 0.010237 0.007701
13 0.688505 0.531937 0.009944 0.007475
13 0.744223 0.531710 0.010237 0.007475
11 0.349517 0.531937 0.010529 0.007928
12 0.375841 0.531597 0.010529 0.007701
13 0.764697 0.528766 0.010237 0.007022
13 0.783855 0.528539 0.009944 0.007022
17 0.524422 0.528652 0.011699 0.007248
12 0.290143 0.528539 0.009944 0.007022
13 0.220679 0.528426 0.010237 0.007248
13 0.499415 0.525821 0.010822 0.007022
13 0.818514 0.525708 0.010237 0.007701
13 0.797748 0.525595 0.009652 0.007475
13 0.208979 0.525142 0.010237 0.007022
12 0.178561 0.525142 0.010237 0.007022
12 0.232817 0.525028 0.010529 0.007248
13 0.831676 0.522650 0.009652 0.007022
13 0.852442 0.522424 0.010237 0.007022
12 0.477479 0.522537 0.010237 0.007248
13 0.196695 0.521857 0.010237 0.006795
13 0.865896 0.519592 0.010237 0.006795
13 0.464025 0.519479 0.010237 0.007475
12 0.250366 0.518913 0.009944 0.007701
12 0.442820 0.516308 0.010529 0.006569
13 0.428342 0.513137 0.010237 0.007475
12 0.268061 0.512797 0.010237 0.007248
12 0.406698 0.510079 0.010237 0.007248
12 0.215121 0.473386 0.009652 0.006795
13 0.236326 0.473160 0.010529 0.006795
13 0.625475 0.473386 0.009652 0.007701
12 0.603539 0.473499 0.010237 0.007928
12 0.324510 0.473386 0.010237 0.007701
11 0.836502 0.469989 0.010529 0.007248
11 0.715853 0.469875 0.010237 0.007022
17 0.355367 0.470328 0.011114 0.007928
11 0.579702 0.467044 0.010529 0.006795
12 0.471044 0.467157 0.010822 0.007022
13 0.672858 0.466931 0.010822 0.007022
11 0.383007 0.466818 0.010237 0.006795
12 0.862679 0.466704 0.010237 0.007022
12 0.742469 0.466704 0.010822 0.007022
13 0.793361 0.466704 0.010822 0.007475
12 0.489178 0.464100 0.010822 0.007248
11 0.556742 0.464100 0.010237 0.007701
12 0.415765 0.463986 0.010237 0.007475
13 0.459345 0.463873 0.010822 0.007701
13 0.434338 0.463873 0.009944 0.007701
12 0.306522 0.463760 0.010529 0.007475
13 0.808277 0.463647 0.010237 0.007701
13 0.687189 0.463760 0.010237 0.007928
13 0.658526 0.463647 0.010237 0.007701
13 0.779760 0.463420 0.010529 0.008154
12 0.524569 0.460702 0.010237 0.007248
13 0.447207 0.460589 0.009944 0.007475
13 0.822609 0.457305 0.010822 0.006795
12 0.507166 0.457418 0.010529 0.007022
12 0.288827 0.457191 0.010237 0.007475
13 0.701521 0.457078 0.010822 0.007701
11 0.263381 0.450963 0.010822 0.006795
12 0.617286 0.417554 0.010237 0.007475
12 0.597982 0.414383 0.010237 0.007475
12 0.578970 0.411212 0.010822 0.007475
13 0.525446 0.410985 0.010237 0.007475
12 0.554694 0.407814 0.010237 0.007475
12 0.325826 0.405436 0.009944 0.006795
12 0.325680 0.383012 0.010237 0.007248
13 0.539924 0.405210 0.010529 0.006795
13 0.448084 0.405210 0.011114 0.007248
11 0.649605 0.404983 0.010529 0.007248
12 0.500292 0.401925 0.010237 0.007475
13 0.399532 0.399094 0.009944 0.007248
13 0.468851 0.398981 0.010529 0.007475
12 0.429219 0.395923 0.011407 0.007701
12 0.294238 0.395696 0.009944 0.007248
13 0.344984 0.392865 0.010237 0.007022
13 0.414010 0.392752 0.010237 0.007248
12 0.275080 0.392639 0.010822 0.007022
13 0.203715 0.389807 0.009652 0.007248
12 0.256069 0.389581 0.010237 0.007248
12 0.380667 0.389468 0.010237 0.007928
13 0.359901 0.386523 0.009652 0.007022
12 0.232085 0.386297 0.010237 0.007022
13 0.217754 0.383239 0.010822 0.006795
12 0.747148 0.382899 0.010822 0.007022
12 0.178853 0.380068 0.010237 0.006795
12 0.805060 0.360815 0.010822 0.007701
17 0.766452 0.360702 0.011992 0.007928
12 0.718485 0.336806 0.010237 0.007248
12 0.718485 0.308381 0.010237 0.007475
17 0.718192 0.292186 0.010822 0.007701
13 0.219216 0.321744 0.009652 0.007022
11 0.441211 0.319592 0.009067 0.005436
12 0.450570 0.293092 0.010237 0.007701
12 0.234425 0.318460 0.010822 0.007248
13 0.271424 0.315176 0.009944 0.007022
13 0.848347 0.314496 0.010237 0.007022
12 0.292044 0.312344 0.010237 0.006795
13 0.332992 0.308720 0.010237 0.007248
13 0.868821 0.307928 0.010237 0.007475
13 0.795700 0.307814 0.010237 0.007701
12 0.359023 0.305889 0.009652 0.007022
12 0.177684 0.305663 0.010237 0.007475
11 0.629570 0.305323 0.010237 0.007701
11 0.590377 0.305323 0.010237 0.007701
11 0.564639 0.305323 0.010237 0.007701
12 0.827289 0.304870 0.010237 0.007248
11 0.681047 0.305096 0.010237 0.007701
11 0.655455 0.305096 0.009944 0.007701
13 0.739690 0.301586 0.010529 0.007475
13 0.811202 0.301359 0.010822 0.007475
13 0.398362 0.299547 0.009944 0.007475
12 0.776104 0.298414 0.010822 0.007928
12 0.413717 0.296149 0.010237 0.007928
13 0.754753 0.295357 0.010237 0.007701
12 0.470605 0.289694 0.011114 0.007248
13 0.509944 0.286750 0.010237 0.008154
18 0.538462 0.283239 0.010529 0.007475
18 0.589792 0.283012 0.010822 0.007475
18 0.563908 0.283126 0.010529 0.007701
18 0.628985 0.279841 0.010822 0.007475
18 0.680462 0.279615 0.010822 0.007475
18 0.654724 0.279502 0.010822 0.007248
11 0.426733 0.263307 0.010529 0.007475
12 0.467534 0.259909 0.009652 0.007475
17 0.397923 0.253794 0.011992 0.007475
13 0.490641 0.253454 0.010237 0.007248
13 0.369406 0.250396 0.009944 0.007022
11 0.568149 0.246999 0.009652 0.007022
12 0.577216 0.230578 0.010822 0.006795
12 0.343814 0.246999 0.010237 0.007022
12 0.511992 0.246772 0.009652 0.007022
13 0.323340 0.244054 0.010237 0.007475
13 0.534513 0.243601 0.010237 0.007022
13 0.280638 0.241110 0.010237 0.006569
12 0.301696 0.240883 0.010237 0.006569
11 0.225066 0.238052 0.010822 0.007248
12 0.258701 0.237826 0.010237 0.007248
12 0.554694 0.237373 0.010237 0.007248
11 0.688944 0.224122 0.010822 0.007928
11 0.717607 0.223783 0.010822 0.007701
11 0.862972 0.223330 0.010237 0.007701
11 0.835478 0.223556 0.010237 0.008154
17 0.612314 0.221065 0.011992 0.007701
17 0.760310 0.220498 0.011992 0.007475
11 0.660281 0.214496 0.010822 0.007701
11 0.807985 0.214043 0.010237 0.007701
11 0.371600 0.179728 0.010822 0.007022
12 0.282539 0.176784 0.010529 0.007475
12 0.342352 0.176670 0.010822 0.007701
17 0.177830 0.176670 0.011114 0.007701
12 0.258994 0.173613 0.010237 0.006569
12 0.319099 0.173160 0.010529 0.007022
11 0.799503 0.171574 0.010237 0.007022
11 0.206932 0.170442 0.010237 0.007022
12 0.240129 0.170328 0.010529 0.007248
12 0.301404 0.170215 0.010822 0.007475
12 0.823633 0.168177 0.010529 0.007475
17 0.614653 0.166138 0.011407 0.007475
12 0.660866 0.165912 0.010237 0.007475
13 0.765867 0.165572 0.010822 0.007248
12 0.423077 0.163647 0.010822 0.007475
13 0.446476 0.163420 0.010822 0.007475
13 0.578678 0.162967 0.010822 0.007475
13 0.687189 0.159570 0.010237 0.006569
12 0.552208 0.159909 0.009944 0.007248
13 0.537145 0.156852 0.010822 0.007475
12 0.701813 0.156172 0.010237 0.007475
12 0.514770 0.153794 0.010529 0.007701
13 0.494735 0.150396 0.010237 0.007701
13 0.723750 0.149717 0.010822 0.007248
12 0.472507 0.147452 0.010237 0.007248
12 0.743346 0.143488 0.010237 0.007475
13 0.221848 0.131257 0.010237 0.006569
13 0.243200 0.130804 0.010822 0.007022
13 0.277713 0.127520 0.009652 0.007701
13 0.256946 0.127407 0.010237 0.007475
13 0.298187 0.124236 0.009652 0.007928
13 0.402311 0.120838 0.010822 0.007022
12 0.381252 0.120838 0.009652 0.007022
11 0.360193 0.120838 0.010822 0.007022
12 0.492980 0.120385 0.010822 0.007475
12 0.757385 0.118913 0.010822 0.007248
11 0.718192 0.119026 0.010822 0.007475
13 0.778152 0.118686 0.010237 0.007248
11 0.338549 0.117667 0.009652 0.007475
17 0.530126 0.117101 0.011407 0.007701
12 0.689090 0.116195 0.009944 0.006795
12 0.632787 0.116535 0.009652 0.007475
13 0.311933 0.114723 0.010237 0.007022
12 0.612021 0.113137 0.010237 0.007475
12 0.667008 0.112911 0.010237 0.007475
12 0.476016 0.110872 0.010822 0.007475
11 0.557765 0.110532 0.010529 0.007248
12 0.592132 0.110306 0.010237 0.007248
12 0.650044 0.109740 0.010237 0.007475
12 0.867359 0.105663 0.010822 0.007022
12 0.459637 0.104643 0.010822 0.007701
11 0.429219 0.098301 0.010822 0.007701
12 0.850980 0.095810 0.010822 0.007248
12 0.834893 0.089694 0.010237 0.007701
12 0.176806 0.086297 0.010237 0.007248
11 0.804767 0.083352 0.010822 0.007248
5 0.448523 0.101586 0.008482 0.016082
4 0.232085 0.130917 0.009652 0.019026
5 0.649166 0.162514 0.009067 0.016082
4 0.146680 0.092752 0.009652 0.018800
5 0.678707 0.113137 0.007897 0.016082
5 0.732378 0.140091 0.008774 0.016082
4 0.788096 0.171801 0.009652 0.019253
5 0.504680 0.150057 0.007897 0.015629
1 0.123574 0.176104 0.022521 0.045074
4 0.706493 0.224009 0.009652 0.019026
3 0.824656 0.223216 0.007312 0.019706
5 0.518719 0.113590 0.008482 0.016082
5 0.387248 0.296829 0.008190 0.016535
5 0.675782 0.155946 0.008482 0.015629
3 0.823340 0.089807 0.007605 0.020159
5 0.207809 0.318573 0.010237 0.016082
3 0.568149 0.162741 0.007312 0.019706
5 0.291313 0.237712 0.008774 0.016082
3 0.271278 0.176557 0.007897 0.019706
5 0.649166 0.211212 0.008482 0.016535
1 0.124452 0.237486 0.023106 0.045527
5 0.795993 0.210759 0.008482 0.016535
4 0.842205 0.522424 0.009652 0.018800
4 0.501462 0.246886 0.008482 0.019026
5 0.331237 0.173160 0.008482 0.016082
5 0.460515 0.286863 0.009652 0.015176
4 0.808277 0.525595 0.008482 0.018347
5 0.544457 0.233862 0.008482 0.015629
5 0.245247 0.386297 0.008482 0.016082
3 0.677830 0.224122 0.007312 0.019706
4 0.147558 0.225481 0.009067 0.018800
4 0.147850 0.309060 0.009652 0.018347
4 0.852150 0.223443 0.009652 0.018800
3 0.279760 0.528992 0.007897 0.020612
3 0.858584 0.307701 0.007312 0.019706
5 0.213659 0.234768 0.007897 0.016082
3 0.411670 0.163647 0.007897 0.020159
1 0.123867 0.104983 0.022521 0.045980
4 0.671103 0.642695 0.009067 0.018800
4 0.791898 0.780408 0.009067 0.018800
3 0.496783 0.584032 0.007312 0.019706
1 0.125622 0.456738 0.023106 0.045527
3 0.322755 0.309060 0.007312 0.019706
5 0.370137 0.386410 0.007897 0.016308
1 0.125622 0.864213 0.021936 0.045074
3 0.262211 0.797395 0.007312 0.020159
4 0.558204 0.593545 0.009652 0.018347
1 0.125622 0.715176 0.022521 0.045074
3 0.192746 0.389694 0.007605 0.019706
1 0.125622 0.647678 0.022521 0.045074
5 0.455835 0.257191 0.008482 0.015629
4 0.583358 0.719932 0.009067 0.019706
5 0.489324 0.398981 0.008774 0.015629
4 0.473677 0.655153 0.009067 0.017894
4 0.624013 0.646093 0.008482 0.019706
5 0.765136 0.295923 0.008190 0.016082
1 0.125475 0.389015 0.022814 0.045074
5 0.281808 0.308834 0.008482 0.016082
1 0.124744 0.321065 0.023106 0.045980
4 0.307546 0.889807 0.009067 0.018800
1 0.125914 0.781087 0.022521 0.045527
4 0.426879 0.584032 0.009067 0.019253
4 0.315151 0.534655 0.009652 0.018800
3 0.514332 0.411212 0.006727 0.019706
5 0.567856 0.407701 0.008482 0.016761
4 0.149020 0.573613 0.010237 0.018347
4 0.148581 0.444281 0.009944 0.018800
4 0.148728 0.702945 0.009652 0.018800
3 0.771424 0.642922 0.007312 0.020159
4 0.148435 0.635221 0.009652 0.018347
1 0.125622 0.585844 0.023106 0.045527
4 0.521644 0.651755 0.008482 0.019706
1 0.125914 0.518347 0.023106 0.045527
4 0.148728 0.506116 0.009067 0.018347
3 0.498684 0.286183 0.007605 0.019253
4 0.148143 0.852208 0.009067 0.018347
5 0.358584 0.247339 0.007605 0.015402
3 0.333870 0.247339 0.006727 0.019026
5 0.166130 0.173386 0.007605 0.015176
4 0.146827 0.163986 0.008774 0.017667
3 0.458467 0.398641 0.007312 0.019026
4 0.167885 0.775085 0.008774 0.018120
4 0.147996 0.768516 0.008774 0.018120
5 0.168178 0.376444 0.007020 0.014496
4 0.148289 0.376670 0.009359 0.018120
3 0.622697 0.116195 0.006435 0.019479
3 0.602223 0.113024 0.006435 0.018573
4 0.773911 0.528539 0.008190 0.017441
3 0.754314 0.528879 0.006435 0.019479
4 0.267330 0.127067 0.008190 0.018120
4 0.287803 0.124122 0.008190 0.017667