10 0.844412 0.880909 0.013529 0.006364
7 0.679706 0.882614 0.013529 0.016136
7 0.626765 0.882386 0.013529 0.016591
7 0.587059 0.883523 0.012941 0.017955
7 0.538824 0.880114 0.012941 0.021136
7 0.491765 0.880341 0.012941 0.019773
6 0.697353 0.881932 0.011176 0.024773
6 0.818824 0.881705 0.010588 0.024318
6 0.754706 0.881023 0.010588 0.024773
8 0.555000 0.809886 0.015882 0.021591
7 0.203824 0.806023 0.012353 0.015682
6 0.229706 0.804432 0.011176 0.023409
9 0.837059 0.790114 0.010588 0.035682
7 0.623529 0.730795 0.012941 0.015227
6 0.642059 0.728977 0.011176 0.024318
9 0.724118 0.572159 0.015294 0.046136
9 0.763235 0.439205 0.017059 0.054773
9 0.315882 0.424659 0.005882 0.028409
9 0.401471 0.424432 0.007647 0.034318
9 0.231176 0.425341 0.007059 0.032500
9 0.752353 0.424205 0.007059 0.034773
9 0.666765 0.423977 0.006471 0.035227
9 0.486765 0.423977 0.007647 0.035227
9 0.581765 0.424659 0.007059 0.034773
9 0.232059 0.351250 0.006471 0.029773
9 0.449412 0.351250 0.007059 0.029773
9 0.341471 0.350341 0.007647 0.030682
9 0.809412 0.349886 0.007059 0.033409
9 0.559412 0.349886 0.007059 0.033409
9 0.480882 0.273523 0.006471 0.033409
9 0.306471 0.273295 0.007059 0.032955
9 0.837941 0.271705 0.007647 0.036136
9 0.393824 0.271705 0.008824 0.036136
10 0.627353 0.230909 0.012353 0.005455
9 0.407353 0.210114 0.008824 0.038409
9 0.307059 0.197159 0.008235 0.033409
9 0.393529 0.196477 0.007059 0.034773
9 0.663824 0.195795 0.007647 0.034318
9 0.220294 0.195341 0.008824 0.036136
9 0.750882 0.195568 0.007647 0.037500
8 0.370882 0.116705 0.014706 0.028864
17 0.792794 0.912045 0.010882 0.007273
17 0.792794 0.898977 0.010882 0.007500
11 0.792794 0.882841 0.010882 0.007045
11 0.793088 0.866250 0.011471 0.006591
17 0.728824 0.898977 0.010588 0.007500
11 0.728676 0.885909 0.010882 0.006818
11 0.729265 0.869432 0.009706 0.007500
12 0.602206 0.889205 0.010882 0.007500
17 0.611912 0.885795 0.010882 0.007500
12 0.655882 0.882386 0.011176 0.007045
12 0.655882 0.889432 0.011176 0.007045
12 0.515441 0.882386 0.010294 0.007045
12 0.515441 0.889432 0.010294 0.007045
11 0.562794 0.882045 0.010882 0.007273
12 0.562794 0.889318 0.010882 0.007273
13 0.358382 0.847500 0.010294 0.008182
13 0.344706 0.847386 0.010588 0.007955
18 0.319559 0.843977 0.010294 0.007500
18 0.269559 0.843977 0.010294 0.007500
18 0.305147 0.843864 0.010882 0.008182
18 0.284559 0.843636 0.010882 0.007727
18 0.249412 0.843636 0.010588 0.007727
18 0.213382 0.843523 0.010882 0.007500
18 0.199559 0.843636 0.010294 0.007727
18 0.177500 0.843636 0.010882 0.007727
12 0.234265 0.843295 0.010294 0.007955
18 0.429265 0.840795 0.010882 0.007500
12 0.414853 0.841023 0.010294 0.007955
18 0.393676 0.837727 0.010294 0.007727
13 0.393382 0.803295 0.010882 0.007045
18 0.379412 0.837727 0.010588 0.007727
18 0.473382 0.831136 0.010882 0.007273
13 0.481618 0.790682 0.010882 0.007273
18 0.450441 0.830795 0.010882 0.007500
13 0.262500 0.821932 0.010294 0.007045
13 0.287206 0.818636 0.010294 0.007727
13 0.312500 0.815682 0.010294 0.007273
13 0.332206 0.812386 0.010882 0.007045
13 0.621471 0.809773 0.010000 0.007273
13 0.601765 0.809886 0.011176 0.007500
13 0.351471 0.809545 0.010588 0.006818
13 0.576029 0.806705 0.010294 0.007500
12 0.532500 0.806705 0.010294 0.007500
12 0.532500 0.784205 0.010294 0.007955
13 0.370735 0.806250 0.010294 0.007500
12 0.177941 0.806250 0.010588 0.007500
12 0.177647 0.783977 0.011176 0.007500
13 0.664706 0.800455 0.010588 0.007727
13 0.647647 0.800455 0.010000 0.007727
13 0.412353 0.800000 0.010588 0.007727
13 0.437206 0.797045 0.010294 0.007273
13 0.462353 0.793523 0.010000 0.007500
13 0.708676 0.790795 0.010882 0.007500
13 0.691029 0.790795 0.010882 0.007500
13 0.751618 0.787500 0.010882 0.008182
13 0.734559 0.787386 0.010882 0.007955
13 0.501029 0.787159 0.010882 0.007500
13 0.795441 0.784432 0.010294 0.007500
13 0.777941 0.784545 0.010588 0.007727
13 0.822206 0.778182 0.010882 0.007727
13 0.838971 0.777955 0.010882 0.008182
18 0.865588 0.768523 0.011176 0.007500
12 0.597941 0.759659 0.010588 0.007955
13 0.571618 0.756250 0.010882 0.007500
13 0.556471 0.749886 0.010000 0.007500
13 0.667500 0.746705 0.010882 0.007500
13 0.541029 0.746705 0.010882 0.007500
13 0.689412 0.743750 0.010000 0.007045
13 0.710735 0.740227 0.010294 0.007273
13 0.526471 0.740114 0.010000 0.007045
13 0.726324 0.737159 0.010882 0.007500
13 0.741029 0.734205 0.010882 0.007045
13 0.505000 0.733750 0.010588 0.007045
13 0.757059 0.730909 0.011176 0.007727
13 0.775735 0.727727 0.010882 0.007727
13 0.490147 0.727614 0.010294 0.007500
13 0.791176 0.724318 0.010000 0.007273
13 0.476029 0.723977 0.010294 0.007500
13 0.404559 0.723977 0.010882 0.007500
13 0.191029 0.723977 0.009706 0.007500
13 0.812500 0.721477 0.010294 0.007045
13 0.461176 0.721023 0.010588 0.007045
13 0.425000 0.721023 0.010000 0.007045
13 0.213088 0.720909 0.010294 0.006818
13 0.834559 0.718068 0.010882 0.007500
13 0.446029 0.717614 0.010294 0.007500
13 0.234559 0.717159 0.009706 0.007500
13 0.850000 0.714773 0.010000 0.007273
13 0.249853 0.714205 0.010882 0.007045
13 0.865882 0.711477 0.011176 0.007045
13 0.265735 0.710682 0.010294 0.007273
13 0.178088 0.708068 0.010882 0.007500
13 0.280735 0.707841 0.010294 0.007955
13 0.317794 0.704545 0.010294 0.007727
13 0.296471 0.704545 0.010000 0.007727
13 0.332794 0.701591 0.010882 0.007273
13 0.389559 0.701477 0.010294 0.007955
13 0.375147 0.698636 0.010882 0.007727
13 0.353382 0.694886 0.009706 0.007500
13 0.861912 0.647955 0.010294 0.007273
13 0.823235 0.648068 0.011176 0.007500
13 0.630882 0.647955 0.010588 0.007273
13 0.592206 0.647614 0.010882 0.007500
13 0.842500 0.644773 0.010294 0.007273
13 0.707500 0.644773 0.010882 0.007273
13 0.746471 0.644545 0.010588 0.007727
13 0.612206 0.644432 0.010882 0.007500
13 0.515882 0.644432 0.010588 0.007500
13 0.477353 0.644432 0.011176 0.007500
13 0.726912 0.641591 0.010882 0.007273
13 0.650147 0.641591 0.010882 0.007273
13 0.496176 0.641591 0.010588 0.007273
13 0.457941 0.641591 0.010588 0.007273
13 0.688971 0.641364 0.010294 0.007727
13 0.419118 0.641250 0.010588 0.007500
13 0.668971 0.638068 0.010294 0.007500
13 0.438676 0.638068 0.010882 0.007500
13 0.388971 0.637955 0.010294 0.007273
13 0.351471 0.638068 0.010588 0.007500
13 0.765441 0.635341 0.010294 0.007500
13 0.804559 0.635114 0.010882 0.007955
13 0.573235 0.635114 0.011176 0.007955
13 0.534853 0.635114 0.010294 0.007955
13 0.331471 0.635000 0.010588 0.007727
13 0.369853 0.634659 0.010882 0.007955
13 0.293088 0.634659 0.010294 0.007955
13 0.273676 0.634659 0.010294 0.007955
13 0.216324 0.634659 0.010882 0.007955
13 0.178529 0.634659 0.010588 0.007955
13 0.785000 0.631932 0.010588 0.007045
13 0.554265 0.631477 0.010882 0.007045
13 0.312500 0.631477 0.010294 0.007045
13 0.254706 0.631477 0.010588 0.007045
13 0.197500 0.631250 0.010882 0.007500
13 0.236176 0.628523 0.010588 0.007500
13 0.426029 0.589886 0.010294 0.007500
13 0.450735 0.586932 0.010294 0.007045
13 0.476324 0.583523 0.010882 0.007500
12 0.659853 0.580455 0.010294 0.006818
13 0.494559 0.580227 0.010882 0.007273
13 0.387500 0.580227 0.010882 0.007273
13 0.349853 0.580227 0.010882 0.007273
13 0.627794 0.577386 0.010294 0.007045
13 0.590000 0.577386 0.010588 0.007045
13 0.513971 0.577386 0.010882 0.007045
13 0.369265 0.577045 0.010882 0.007273
13 0.235735 0.576932 0.010882 0.007045
13 0.273971 0.576705 0.010882 0.007500
13 0.609118 0.574091 0.010588 0.007727
13 0.571324 0.574205 0.010294 0.007955
13 0.532500 0.573977 0.010294 0.007500
13 0.406618 0.574091 0.010294 0.007727
13 0.255000 0.573977 0.011176 0.007500
13 0.178676 0.573977 0.010882 0.007500
13 0.216765 0.573864 0.010588 0.008182
13 0.197794 0.570341 0.010294 0.007500
13 0.552206 0.568068 0.010882 0.007500
13 0.330735 0.567955 0.010294 0.007273
13 0.292794 0.567386 0.010882 0.007045
13 0.826029 0.565000 0.010294 0.007727
13 0.864559 0.564545 0.010882 0.007727
13 0.311912 0.564091 0.010294 0.007727
13 0.845441 0.561705 0.010294 0.007500
13 0.768382 0.561705 0.010294 0.007500
13 0.806912 0.561477 0.010882 0.007955
18 0.743676 0.557955 0.010294 0.007273
13 0.744265 0.491818 0.010294 0.007727
18 0.704118 0.558068 0.010588 0.007500
18 0.685147 0.557955 0.010882 0.007273
13 0.682500 0.494886 0.010294 0.007500
18 0.723971 0.555000 0.010882 0.007727
13 0.728971 0.497841 0.010294 0.007955
13 0.208676 0.542273 0.010882 0.007727
13 0.193971 0.520114 0.010882 0.007045
13 0.506324 0.513977 0.010882 0.007500
13 0.476618 0.514091 0.011471 0.007727
13 0.349118 0.513636 0.010588 0.007727
13 0.319706 0.513636 0.010588 0.007727
13 0.491324 0.510682 0.010294 0.007273
13 0.334265 0.510341 0.010294 0.007500
13 0.431324 0.507727 0.010294 0.006818
13 0.461912 0.507500 0.010294 0.007273
13 0.298382 0.507045 0.010294 0.007273
13 0.268676 0.507159 0.010882 0.007500
13 0.446765 0.504091 0.010588 0.007727
13 0.417059 0.504205 0.010588 0.007955
13 0.387500 0.504205 0.010882 0.007955
13 0.283088 0.504091 0.010294 0.007727
13 0.253971 0.504091 0.010294 0.007727
13 0.223676 0.503864 0.010294 0.007273
13 0.866618 0.501477 0.010294 0.007045
13 0.835735 0.501250 0.010882 0.007500
13 0.402353 0.501136 0.010000 0.007273
13 0.238676 0.500795 0.010882 0.007500
13 0.851176 0.498409 0.010000 0.007273
13 0.820735 0.498409 0.010294 0.007273
13 0.789706 0.498409 0.010588 0.007273
18 0.787647 0.558068 0.011176 0.007500
13 0.698088 0.498409 0.010882 0.007273
12 0.531912 0.498068 0.010294 0.007500
12 0.364265 0.497955 0.010294 0.007273
13 0.774706 0.497841 0.010588 0.007955
13 0.178676 0.497727 0.010882 0.007727
13 0.759559 0.494886 0.010294 0.007500
13 0.713088 0.494886 0.010294 0.007500
13 0.652353 0.494773 0.010000 0.007273
13 0.805147 0.494432 0.010882 0.007500
13 0.606618 0.491818 0.010294 0.007727
13 0.667500 0.491364 0.010882 0.007727
13 0.637500 0.491591 0.010882 0.008182
18 0.621912 0.488295 0.010294 0.007045
18 0.585441 0.488295 0.010294 0.007045
18 0.554559 0.488409 0.010882 0.007273
18 0.570147 0.485227 0.010294 0.007273
12 0.839853 0.447841 0.010882 0.007045
12 0.825441 0.447955 0.010294 0.007273
12 0.754559 0.447614 0.010882 0.007500
12 0.740000 0.447500 0.011176 0.007273
13 0.668235 0.447500 0.011176 0.007273
13 0.654265 0.447500 0.010294 0.007273
12 0.583971 0.447500 0.010882 0.007273
13 0.569853 0.447614 0.010882 0.007500
13 0.489265 0.447500 0.010882 0.007273
18 0.475000 0.447614 0.010588 0.007500
12 0.404265 0.447614 0.010294 0.007500
18 0.389118 0.447614 0.010588 0.007500
13 0.304706 0.447386 0.010000 0.007045
13 0.318971 0.447159 0.010294 0.007500
13 0.233676 0.447045 0.010294 0.007273
13 0.219265 0.447045 0.010882 0.007273
13 0.853971 0.425227 0.010882 0.007273
13 0.812059 0.425000 0.011176 0.007727
13 0.768971 0.424886 0.011471 0.007500
13 0.725147 0.424886 0.010882 0.007500
13 0.683382 0.424886 0.010882 0.007500
13 0.640735 0.424773 0.010294 0.007273
13 0.597794 0.424886 0.010294 0.007500
13 0.556324 0.424886 0.010882 0.007500
13 0.503088 0.424886 0.010294 0.007500
13 0.460735 0.424886 0.010294 0.007500
13 0.418088 0.424773 0.010882 0.007273
13 0.375147 0.424773 0.010882 0.007273
13 0.332941 0.424659 0.011176 0.007045
12 0.290441 0.424659 0.010882 0.007045
13 0.247794 0.424773 0.010294 0.007273
13 0.204853 0.424659 0.010294 0.007045
12 0.867941 0.402500 0.010588 0.008182
12 0.797500 0.402386 0.010882 0.007955
12 0.782794 0.402386 0.010882 0.007955
12 0.712353 0.402386 0.010588 0.007955
13 0.697500 0.402386 0.010882 0.007955
13 0.626912 0.402386 0.010882 0.007955
12 0.612500 0.402386 0.010294 0.007955
13 0.541618 0.402500 0.010882 0.008182
13 0.517500 0.402386 0.010882 0.007955
12 0.446912 0.402273 0.010882 0.007727
12 0.432500 0.402386 0.010294 0.007955
12 0.361618 0.402273 0.009706 0.007727
13 0.347059 0.402386 0.010000 0.007955
12 0.276176 0.402159 0.010000 0.007500
12 0.261912 0.402386 0.010294 0.007955
12 0.191324 0.402273 0.010294 0.007727
12 0.811324 0.370909 0.011471 0.007727
13 0.793088 0.370909 0.011471 0.007727
12 0.701618 0.370795 0.010882 0.007500
12 0.683676 0.370795 0.010294 0.007500
12 0.560441 0.370795 0.010882 0.007500
13 0.542206 0.370909 0.010882 0.007727
12 0.451324 0.370682 0.010294 0.007273
12 0.433088 0.370682 0.010294 0.007273
13 0.342500 0.370682 0.010294 0.007273
12 0.324265 0.370682 0.010294 0.007273
12 0.233676 0.370682 0.010294 0.007273
12 0.215000 0.370682 0.010588 0.007273
13 0.469559 0.348750 0.010294 0.007045
13 0.415000 0.348864 0.010588 0.007273
13 0.360588 0.348636 0.010000 0.006818
13 0.829265 0.348523 0.010882 0.007500
13 0.775147 0.348523 0.010882 0.007500
13 0.720441 0.348523 0.010882 0.007500
13 0.665882 0.348523 0.010588 0.007500
13 0.578235 0.348523 0.011176 0.007500
13 0.524118 0.348523 0.010588 0.007500
13 0.306029 0.348523 0.010294 0.007500
13 0.251912 0.348409 0.010294 0.007273
13 0.197059 0.348409 0.010588 0.007273
13 0.756912 0.326591 0.010882 0.007273
12 0.738382 0.326477 0.010294 0.007045
12 0.596471 0.326705 0.010588 0.007500
13 0.506176 0.326705 0.010588 0.007500
12 0.487206 0.326591 0.010294 0.007273
12 0.396618 0.326591 0.010294 0.007273
12 0.378382 0.326477 0.010294 0.007045
12 0.269706 0.326477 0.010000 0.007045
12 0.846912 0.326364 0.010882 0.007727
12 0.647794 0.326250 0.010294 0.007500
12 0.287794 0.326250 0.010294 0.007500
12 0.178676 0.326250 0.010882 0.007500
13 0.753382 0.295114 0.010882 0.007045
13 0.651324 0.295227 0.010294 0.007273
13 0.578676 0.295227 0.010882 0.007273
13 0.482794 0.295227 0.010882 0.007273
12 0.468382 0.295341 0.010294 0.007500
13 0.395588 0.295227 0.010588 0.007273
13 0.381029 0.295114 0.010882 0.007045
13 0.308824 0.295114 0.011176 0.007045
18 0.293676 0.295114 0.010294 0.007045
13 0.222059 0.295114 0.010000 0.007045
13 0.207500 0.295114 0.010882 0.007045
12 0.840441 0.295000 0.010882 0.007727
18 0.825441 0.294886 0.010294 0.007500
18 0.738382 0.295000 0.010294 0.007727
13 0.666176 0.294886 0.010588 0.007500
18 0.564265 0.295000 0.010294 0.007727
13 0.767794 0.272614 0.010294 0.007500
13 0.724265 0.272614 0.010294 0.007500
12 0.680441 0.272500 0.010882 0.007273
13 0.637059 0.272614 0.010588 0.007500
13 0.593676 0.272614 0.010294 0.007500
13 0.550147 0.272614 0.010294 0.007500
13 0.497059 0.272614 0.010588 0.007500
12 0.453676 0.272727 0.010882 0.007727
13 0.410147 0.272727 0.011471 0.007727
13 0.366324 0.272727 0.010882 0.007727
13 0.323382 0.272614 0.010882 0.007500
13 0.279559 0.272614 0.011471 0.007500
13 0.236324 0.272614 0.010882 0.007500
12 0.192794 0.272727 0.010882 0.007727
13 0.854559 0.272273 0.010882 0.007727
12 0.811324 0.272273 0.011471 0.007727
12 0.797206 0.250455 0.010294 0.007727
12 0.511765 0.250341 0.010588 0.007500
12 0.439559 0.250455 0.010294 0.007727
13 0.424265 0.250341 0.010294 0.007500
12 0.351912 0.250455 0.010294 0.007727
12 0.337500 0.250341 0.010294 0.007500
12 0.265441 0.250341 0.010294 0.007500
12 0.782059 0.250114 0.010588 0.007955
12 0.709853 0.250000 0.010882 0.007727
12 0.694853 0.249886 0.010294 0.007500
12 0.622941 0.250000 0.010000 0.007727
13 0.608088 0.250227 0.010882 0.008182
12 0.535735 0.250114 0.010882 0.007955
12 0.250735 0.250000 0.010294 0.007727
12 0.178676 0.250114 0.010882 0.007955
12 0.869118 0.249659 0.010588 0.007955
13 0.482500 0.218864 0.011471 0.007273
11 0.468088 0.218977 0.010882 0.007500
13 0.395441 0.218977 0.010294 0.007500
18 0.381029 0.218977 0.010882 0.007500
13 0.308824 0.218864 0.011176 0.007273
12 0.293971 0.218977 0.010882 0.007500
13 0.221912 0.218864 0.010294 0.007273
18 0.207500 0.218977 0.010882 0.007500
13 0.666324 0.218523 0.010882 0.007500
13 0.651324 0.218636 0.010294 0.007727
13 0.578971 0.218636 0.011471 0.007727
13 0.565000 0.218636 0.010588 0.007727
13 0.840441 0.218182 0.010882 0.007727
18 0.825735 0.218068 0.010882 0.007500
13 0.752794 0.218295 0.010882 0.007955
18 0.738676 0.218295 0.010882 0.007955
13 0.453382 0.196477 0.010882 0.007045
13 0.409559 0.196477 0.010294 0.007045
13 0.366029 0.196477 0.010294 0.007045
12 0.322647 0.196477 0.010588 0.007045
12 0.279265 0.196477 0.010882 0.007045
13 0.637206 0.196136 0.011471 0.007273
13 0.593824 0.196250 0.010588 0.007500
13 0.550441 0.196250 0.010882 0.007500
13 0.497206 0.196250 0.010294 0.007500
13 0.236324 0.196250 0.010882 0.007500
13 0.192794 0.196250 0.010882 0.007500
13 0.854853 0.195795 0.010294 0.007500
13 0.811324 0.195795 0.011471 0.007500
13 0.767500 0.195795 0.010882 0.007500
13 0.724559 0.195795 0.010882 0.007500
13 0.680735 0.195909 0.011471 0.007727
13 0.608235 0.174432 0.011176 0.007500
13 0.535882 0.174318 0.011176 0.007273
13 0.869265 0.173636 0.010882 0.006818
12 0.623088 0.173864 0.010294 0.007273
13 0.512206 0.173977 0.010882 0.007500
12 0.439559 0.174091 0.010294 0.007727
13 0.424265 0.173977 0.010294 0.007500
12 0.351912 0.173864 0.010294 0.007273
12 0.337794 0.173977 0.010294 0.007500
12 0.265441 0.173864 0.010294 0.007273
12 0.250735 0.173977 0.010294 0.007500
12 0.178529 0.174091 0.010588 0.007727
13 0.797206 0.173523 0.010294 0.007500
13 0.709853 0.173523 0.010882 0.007500
12 0.695000 0.173636 0.010588 0.007727
13 0.782206 0.173295 0.010882 0.007955
13 0.386324 0.145909 0.010882 0.007727
13 0.402059 0.142955 0.010588 0.007273
13 0.461618 0.136705 0.010882 0.007500
13 0.416176 0.136136 0.011765 0.007273
11 0.318824 0.136023 0.010000 0.007045
13 0.446324 0.133409 0.010882 0.007273
17 0.291029 0.133409 0.012059 0.007273
13 0.477353 0.130227 0.010588 0.007273
13 0.431912 0.130000 0.010294 0.007727
12 0.260147 0.129886 0.010294 0.007500
13 0.534265 0.126705 0.010294 0.007500
13 0.513088 0.123750 0.010294 0.007045
13 0.595147 0.120341 0.010882 0.007500
13 0.550000 0.120341 0.010000 0.007500
13 0.492206 0.120341 0.010882 0.007500
12 0.242794 0.120341 0.010882 0.007500
13 0.579853 0.117159 0.010882 0.007500
12 0.224853 0.113977 0.010294 0.006591
13 0.667353 0.113636 0.010588 0.006818
13 0.609853 0.113750 0.010882 0.007045
13 0.564853 0.113864 0.010294 0.007273
12 0.207353 0.110795 0.011176 0.007500
13 0.651912 0.110568 0.010294 0.007955
17 0.179412 0.110568 0.011765 0.007955
13 0.636912 0.107614 0.010882 0.007500
13 0.733529 0.103864 0.011176 0.007273
13 0.687647 0.103977 0.010000 0.007500
13 0.718382 0.100682 0.010294 0.007273
13 0.794265 0.097386 0.010294 0.007955
13 0.748971 0.097386 0.010294 0.007955
13 0.702206 0.097386 0.010882 0.007955
13 0.779559 0.093977 0.010294 0.007500
13 0.854265 0.090795 0.010294 0.007500
13 0.809559 0.090682 0.010294 0.007273
13 0.764118 0.090795 0.011176 0.007500
13 0.839265 0.087500 0.010882 0.008182
13 0.869853 0.084091 0.010882 0.007727
13 0.824118 0.084205 0.010588 0.007955
4 0.676912 0.103750 0.008529 0.018864
1 0.118676 0.202386 0.022647 0.046136
1 0.118382 0.278068 0.023235 0.046591
4 0.308676 0.513750 0.009706 0.018864
1 0.118676 0.353977 0.022647 0.045682
5 0.552500 0.879205 0.009118 0.016136
4 0.374559 0.146023 0.009706 0.017955
4 0.516029 0.740114 0.009118 0.018864
4 0.333971 0.847386 0.009706 0.018864
4 0.306912 0.704432 0.009706 0.018409
3 0.504853 0.882386 0.007941 0.020682
4 0.718088 0.869659 0.009706 0.018864
1 0.118382 0.525795 0.023235 0.045682
3 0.595735 0.492159 0.007353 0.020227
1 0.117794 0.806023 0.023235 0.046136
1 0.118088 0.730114 0.022647 0.046136
1 0.118088 0.662386 0.022647 0.046136
1 0.118676 0.430341 0.022647 0.046591
1 0.118676 0.595341 0.022647 0.045682
1 0.117794 0.881932 0.023235 0.046136
3 0.756618 0.561250 0.007941 0.020227
1 0.119265 0.116250 0.022647 0.046591
3 0.276176 0.818636 0.006471 0.019091
4 0.301471 0.815909 0.008824 0.018182
3 0.439706 0.586818 0.006471 0.019091
4 0.464412 0.583182 0.008824 0.018182
3 0.426471 0.796364 0.007059 0.019091
4 0.450882 0.793636 0.008824 0.018182
3 0.802059 0.721364 0.006471 0.019091
4 0.823824 0.717727 0.008824 0.018182
3 0.678529 0.743409 0.006471 0.019545
4 0.700294 0.740000 0.007647 0.018182
3 0.202647 0.720682 0.006471 0.019545
4 0.223824 0.717273 0.008824 0.018182
5 0.414412 0.717955 0.007647 0.015000
3 0.435588 0.717727 0.006471 0.019091
5 0.140588 0.523409 0.008235 0.015000
5 0.147941 0.513409 0.007647 0.015000
5 0.139118 0.879091 0.007647 0.015455
5 0.146765 0.868636 0.007647 0.016364
5 0.140294 0.351591 0.007647 0.015000
5 0.147941 0.341591 0.007647 0.015000
4 0.523529 0.126591 0.008235 0.018636
3 0.502647 0.123636 0.006471 0.019091
5 0.140588 0.199545 0.008235 0.015455
5 0.148529 0.189318 0.007647 0.015000
5 0.363824 0.695227 0.007647 0.015000
3 0.342647 0.694318 0.006471 0.017727
5 0.140588 0.427955 0.008235 0.015000
5 0.147941 0.418182 0.007647 0.015455
5 0.140294 0.275682 0.007647 0.015000
5 0.148235 0.265909 0.008235 0.015455
5 0.140294 0.592955 0.007647 0.015000
5 0.148235 0.583182 0.008235 0.015455
5 0.140294 0.659773 0.007647 0.015000
5 0.147353 0.650682 0.007647 0.015000
5 0.139706 0.802955 0.007647 0.015000
5 0.147059 0.793636 0.008235 0.014545
5 0.140588 0.113636 0.008235 0.015455
5 0.148529 0.104091 0.007647 0.013636
5 0.139706 0.727273 0.007647 0.015455
5 0.147647 0.717727 0.008235 0.015455