7 0.692782 0.871879 0.012911 0.015207
7 0.760270 0.871539 0.012911 0.016341
7 0.714202 0.871652 0.012324 0.015660
6 0.799296 0.868475 0.007629 0.009759
10 0.828932 0.867000 0.014085 0.005901
6 0.732981 0.868702 0.011150 0.022469
7 0.347711 0.603155 0.011737 0.015207
7 0.421948 0.603382 0.012324 0.015207
7 0.262324 0.603155 0.012324 0.015207
7 0.196890 0.602928 0.012911 0.015207
7 0.193075 0.530527 0.012911 0.014753
7 0.387617 0.530300 0.012324 0.014753
7 0.327171 0.530300 0.012324 0.014753
7 0.254988 0.530527 0.012324 0.015207
7 0.531984 0.529846 0.012324 0.015207
7 0.483275 0.530073 0.012324 0.015660
7 0.462735 0.530073 0.012324 0.015660
6 0.502347 0.527803 0.010563 0.022923
7 0.259977 0.456537 0.012911 0.015207
7 0.192782 0.456310 0.012324 0.015207
7 0.392312 0.456083 0.012324 0.015207
7 0.331279 0.456083 0.012324 0.015207
7 0.688380 0.455629 0.012911 0.015207
7 0.628521 0.455856 0.012911 0.015660
7 0.829519 0.455629 0.012324 0.015660
7 0.763498 0.455402 0.012911 0.015207
7 0.287559 0.381412 0.012324 0.015660
7 0.267019 0.381412 0.012324 0.015660
7 0.834507 0.381185 0.012324 0.015660
7 0.773768 0.381185 0.012911 0.015660
7 0.568955 0.381185 0.012911 0.015660
7 0.548122 0.381185 0.012324 0.015660
7 0.500880 0.381185 0.012911 0.015660
7 0.480340 0.381412 0.012911 0.016114
7 0.219777 0.381185 0.012911 0.015660
7 0.199237 0.381185 0.012911 0.015660
7 0.466843 0.317181 0.012911 0.014753
7 0.446009 0.317181 0.012324 0.014753
7 0.621479 0.316954 0.012324 0.014753
7 0.600059 0.317181 0.012911 0.015207
7 0.375587 0.317181 0.012324 0.015207
7 0.353873 0.317181 0.012324 0.015207
7 0.304871 0.317181 0.012911 0.015207
7 0.284038 0.317181 0.012324 0.015207
7 0.537559 0.317181 0.012324 0.015660
7 0.516725 0.316727 0.012911 0.014753
7 0.694542 0.316727 0.012911 0.015207
7 0.672242 0.316727 0.012911 0.015207
7 0.828638 0.316727 0.012324 0.015660
7 0.778169 0.316500 0.012324 0.015207
7 0.758509 0.316387 0.012911 0.015433
7 0.851526 0.316046 0.012324 0.017022
7 0.544308 0.252951 0.012324 0.015207
7 0.498826 0.253177 0.012911 0.015660
7 0.478286 0.253177 0.012911 0.015660
7 0.424002 0.253404 0.012324 0.015207
7 0.403756 0.253177 0.012911 0.015207
7 0.359448 0.253177 0.012324 0.015207
7 0.336561 0.253177 0.012324 0.015207
7 0.283451 0.253177 0.012911 0.015207
7 0.263204 0.253177 0.012324 0.015207
7 0.217430 0.253177 0.012324 0.015660
7 0.197183 0.252951 0.012911 0.015207
7 0.704519 0.252951 0.012324 0.015660
7 0.685153 0.252724 0.012324 0.015207
7 0.639671 0.253177 0.012911 0.016114
7 0.620305 0.252951 0.012911 0.016568
7 0.852700 0.252043 0.011737 0.017022
7 0.832746 0.252724 0.012911 0.015660
7 0.768779 0.252270 0.012911 0.015660
7 0.564847 0.252497 0.012324 0.016114
7 0.788439 0.252270 0.012324 0.015660
7 0.660798 0.188947 0.012911 0.014753
7 0.586854 0.189060 0.012911 0.015433
7 0.683099 0.188720 0.012911 0.015207
7 0.610915 0.188947 0.012911 0.015660
7 0.824237 0.188266 0.012324 0.015660
7 0.770833 0.188493 0.012324 0.015207
7 0.747653 0.188606 0.012911 0.015887
7 0.849178 0.188039 0.012911 0.015207
7 0.345070 0.115411 0.012324 0.014753
7 0.368838 0.115411 0.012911 0.015660
6 0.630282 0.114276 0.005282 0.028824
12 0.665640 0.892987 0.010270 0.007490
12 0.636590 0.890717 0.010857 0.007490
13 0.609302 0.884135 0.010270 0.007944
12 0.374853 0.883908 0.009683 0.007490
17 0.325264 0.883908 0.011444 0.007490
17 0.267752 0.883681 0.011444 0.007036
13 0.395687 0.880504 0.010270 0.007036
12 0.589202 0.878007 0.009977 0.007490
11 0.209360 0.877326 0.009683 0.007490
12 0.415640 0.874603 0.010270 0.007490
11 0.173856 0.874376 0.010270 0.007036
12 0.570276 0.874376 0.009683 0.007944
12 0.440874 0.868475 0.010270 0.007036
13 0.542987 0.868248 0.010270 0.007490
12 0.515258 0.861893 0.009977 0.007490
13 0.460094 0.861893 0.010563 0.007490
12 0.481661 0.858715 0.010857 0.007490
12 0.261297 0.822628 0.009683 0.007490
11 0.842870 0.813323 0.010857 0.007490
12 0.820423 0.813096 0.010563 0.007036
12 0.775822 0.813323 0.009977 0.007490
11 0.730487 0.813096 0.010270 0.007490
17 0.368985 0.813096 0.011444 0.007490
17 0.310886 0.813096 0.011444 0.007490
11 0.207600 0.812869 0.010270 0.007490
11 0.697770 0.810145 0.009977 0.007036
12 0.612529 0.810372 0.010270 0.007490
12 0.798562 0.810145 0.010270 0.007490
11 0.416520 0.810145 0.010270 0.007490
11 0.233421 0.809918 0.010270 0.007036
12 0.653022 0.810145 0.011444 0.007944
12 0.563234 0.803563 0.010270 0.007944
11 0.584360 0.800499 0.010270 0.007263
11 0.174149 0.800159 0.010270 0.007490
12 0.498093 0.797662 0.010270 0.007944
11 0.531543 0.794258 0.010270 0.007490
12 0.448210 0.791080 0.010270 0.007490
11 0.470804 0.788130 0.010857 0.007944
11 0.317342 0.750000 0.010270 0.007490
11 0.272300 0.750000 0.009977 0.007490
11 0.218310 0.749773 0.010563 0.007490
17 0.706573 0.746823 0.011150 0.007490
17 0.643633 0.746823 0.011444 0.007490
12 0.586708 0.746823 0.010270 0.007490
11 0.366931 0.746596 0.010857 0.007036
11 0.762177 0.743872 0.010270 0.007490
12 0.852553 0.737290 0.010270 0.007944
12 0.533891 0.737063 0.010270 0.007490
11 0.557952 0.734113 0.010270 0.007036
12 0.791227 0.731162 0.010857 0.007490
11 0.175029 0.730708 0.009683 0.007490
11 0.816168 0.727985 0.010270 0.007490
12 0.462001 0.727758 0.009683 0.007036
11 0.498093 0.724807 0.010270 0.007490
12 0.403316 0.721630 0.009683 0.007944
11 0.426496 0.718679 0.010270 0.007944
11 0.258950 0.692578 0.010270 0.007036
11 0.287119 0.690082 0.010270 0.007490
11 0.316461 0.686450 0.010270 0.007490
11 0.225352 0.686223 0.010563 0.007490
17 0.174149 0.686223 0.010857 0.007490
11 0.355634 0.683273 0.009977 0.007490
11 0.478433 0.680095 0.010270 0.007036
12 0.437793 0.677372 0.010563 0.007944
12 0.387471 0.676918 0.010270 0.007490
11 0.410651 0.673740 0.009683 0.007490
12 0.515992 0.673513 0.010270 0.007490
11 0.538879 0.667612 0.010270 0.007490
11 0.834507 0.664662 0.009977 0.007944
12 0.566901 0.661030 0.009977 0.007944
11 0.606221 0.658534 0.009977 0.007944
12 0.640258 0.652179 0.009977 0.007944
11 0.663879 0.646051 0.010270 0.007490
17 0.740170 0.642873 0.011444 0.007490
11 0.796655 0.642873 0.010563 0.007944
18 0.692635 0.639469 0.010270 0.007944
11 0.174736 0.621993 0.009683 0.007036
11 0.174002 0.605651 0.010563 0.007036
17 0.544161 0.619269 0.011444 0.007944
17 0.488556 0.619269 0.011737 0.007944
11 0.590522 0.616319 0.010270 0.007944
12 0.444102 0.616092 0.009683 0.007944
17 0.836121 0.612914 0.010857 0.007036
12 0.784478 0.609964 0.010857 0.007490
17 0.372653 0.609510 0.009977 0.007036
12 0.734888 0.606332 0.010270 0.007036
11 0.397447 0.605878 0.010270 0.007036
11 0.759536 0.603382 0.010270 0.007944
12 0.289173 0.602928 0.009683 0.007490
12 0.326731 0.599750 0.009683 0.006582
12 0.671215 0.597027 0.010857 0.007490
12 0.222565 0.596346 0.010270 0.007490
11 0.704959 0.593849 0.010270 0.007490
12 0.243104 0.593168 0.010270 0.007490
12 0.618104 0.590899 0.010270 0.007036
11 0.639818 0.587494 0.010270 0.007490
17 0.832600 0.545506 0.011444 0.007490
17 0.832453 0.536314 0.011150 0.008171
17 0.764671 0.545506 0.011150 0.007490
17 0.764525 0.523264 0.011444 0.007490
11 0.576144 0.545506 0.011444 0.007490
17 0.575264 0.523491 0.012031 0.007944
17 0.702318 0.545279 0.011444 0.007490
17 0.701731 0.523264 0.011444 0.007944
12 0.438087 0.533023 0.009977 0.007036
12 0.408304 0.529846 0.010270 0.007490
17 0.638938 0.523491 0.011444 0.007490
17 0.639525 0.545733 0.011444 0.007490
12 0.367224 0.523491 0.010270 0.007490
12 0.306778 0.520313 0.010270 0.006582
12 0.347565 0.517363 0.009683 0.007944
12 0.274501 0.517363 0.010270 0.007944
12 0.235622 0.511235 0.009977 0.007944
12 0.173709 0.511008 0.009977 0.007490
12 0.213468 0.508057 0.010270 0.007944
13 0.489290 0.483318 0.010270 0.007490
12 0.509536 0.477644 0.009683 0.007944
12 0.528609 0.471516 0.010270 0.007490
13 0.548856 0.464707 0.009683 0.007490
12 0.460534 0.461984 0.010270 0.007490
12 0.568662 0.461530 0.010563 0.007490
12 0.601086 0.458579 0.009683 0.006582
12 0.413879 0.458579 0.010270 0.007490
12 0.351819 0.449501 0.010563 0.007490
12 0.281250 0.449501 0.009683 0.007490
12 0.647887 0.449047 0.009977 0.007490
12 0.220511 0.446096 0.010270 0.007490
12 0.372653 0.443146 0.009977 0.007490
12 0.312940 0.443146 0.009683 0.007490
12 0.669161 0.442692 0.009683 0.007490
12 0.708333 0.435883 0.009977 0.007490
12 0.851673 0.432932 0.010270 0.007490
12 0.242224 0.432932 0.009683 0.008398
12 0.174149 0.432705 0.010270 0.007944
12 0.807512 0.427031 0.009977 0.007490
12 0.744865 0.426350 0.010270 0.007490
12 0.785945 0.423627 0.010270 0.007036
12 0.241050 0.408874 0.009683 0.007490
12 0.321156 0.402746 0.009683 0.008398
12 0.610622 0.400023 0.009977 0.007490
11 0.522447 0.396845 0.010270 0.007036
12 0.421802 0.397072 0.009683 0.007490
13 0.340522 0.396845 0.010270 0.007490
13 0.630135 0.393441 0.009683 0.007944
12 0.454372 0.390036 0.010270 0.007036
12 0.650381 0.390036 0.010270 0.007490
12 0.748973 0.389582 0.010270 0.007490
12 0.717576 0.389582 0.010857 0.007490
11 0.174442 0.387540 0.010270 0.007490
13 0.401262 0.387313 0.009683 0.007490
12 0.359595 0.387313 0.009683 0.007490
13 0.696596 0.386859 0.009977 0.007490
12 0.380869 0.380958 0.009977 0.007490
12 0.794161 0.380731 0.010270 0.007490
12 0.677523 0.377099 0.010563 0.007036
12 0.816168 0.374376 0.010857 0.007490
12 0.854607 0.368021 0.010270 0.007490
12 0.328785 0.344984 0.010270 0.007717
12 0.800616 0.344644 0.010270 0.007944
12 0.644660 0.344644 0.009977 0.008398
12 0.489143 0.344190 0.010563 0.007944
12 0.257482 0.338516 0.009683 0.007944
17 0.174442 0.335452 0.011444 0.008625
12 0.419748 0.332615 0.010270 0.007490
17 0.574677 0.329437 0.010270 0.007490
12 0.730781 0.325465 0.010270 0.007717
12 0.238410 0.280867 0.009683 0.007490
12 0.380722 0.280867 0.010270 0.007944
12 0.520393 0.280413 0.010270 0.007490
12 0.745745 0.270654 0.010270 0.007490
12 0.810299 0.270654 0.010270 0.007944
12 0.660651 0.268611 0.010270 0.007944
12 0.173269 0.265660 0.009683 0.007036
11 0.314701 0.262256 0.009683 0.007036
12 0.454665 0.259305 0.010270 0.007944
12 0.595217 0.259079 0.009683 0.007944
12 0.636004 0.216409 0.010270 0.007944
12 0.796215 0.215729 0.010270 0.007944
12 0.522154 0.214367 0.010270 0.007944
12 0.561180 0.210508 0.009683 0.008398
11 0.492518 0.207558 0.009683 0.007944
12 0.465816 0.204834 0.010270 0.007036
12 0.721978 0.204153 0.009683 0.007036
11 0.436473 0.198252 0.010270 0.007490
11 0.173709 0.195302 0.010563 0.007036
12 0.207600 0.192124 0.010270 0.007036
11 0.396567 0.191897 0.010270 0.007036
11 0.243985 0.188720 0.010270 0.007490
11 0.369278 0.185542 0.010857 0.007036
11 0.313527 0.185542 0.009683 0.007036
12 0.270833 0.185542 0.009977 0.007036
12 0.340522 0.182592 0.010857 0.007490
11 0.650381 0.142873 0.010270 0.007944
11 0.599325 0.140150 0.010270 0.007944
11 0.694102 0.136518 0.009683 0.007944
11 0.456719 0.136518 0.010270 0.008398
11 0.396273 0.134022 0.010270 0.007490
11 0.553550 0.133908 0.010270 0.007717
11 0.741344 0.133114 0.010270 0.007490
11 0.502201 0.130844 0.009683 0.007944
12 0.778609 0.130163 0.009683 0.007490
11 0.814114 0.126986 0.010270 0.008398
12 0.848151 0.123128 0.010270 0.007036
12 0.316608 0.118134 0.009977 0.007490
12 0.270980 0.114957 0.009683 0.007490
12 0.203345 0.108602 0.010563 0.007944
11 0.233715 0.108375 0.010270 0.008398
11 0.173856 0.105197 0.010270 0.007490
5 0.462881 0.677372 0.013791 0.025647
5 0.259243 0.111779 0.007923 0.016114
5 0.586121 0.136859 0.007923 0.015887
5 0.304431 0.114276 0.009096 0.015660
1 0.118691 0.114049 0.022594 0.046527
3 0.835827 0.123128 0.007336 0.019292
5 0.489583 0.126986 0.008509 0.016114
4 0.733128 0.271335 0.009096 0.018384
4 0.405663 0.331707 0.008509 0.018384
1 0.119865 0.316954 0.022594 0.045620
5 0.765112 0.126305 0.009096 0.015660
5 0.222271 0.105197 0.007923 0.016114
5 0.231661 0.185769 0.008509 0.015660
5 0.194982 0.188266 0.007923 0.016114
5 0.802377 0.123808 0.008509 0.016114
4 0.141725 0.176010 0.009390 0.018838
1 0.118985 0.188266 0.022594 0.046074
4 0.659771 0.597254 0.009683 0.018384
4 0.207893 0.445869 0.009096 0.019292
4 0.665346 0.377099 0.009096 0.019292
5 0.640698 0.806968 0.008509 0.015660
4 0.361356 0.609510 0.009096 0.018384
4 0.596978 0.400023 0.009683 0.018838
4 0.722565 0.606559 0.009683 0.019746
4 0.299442 0.185315 0.009096 0.017930
5 0.680898 0.134022 0.008509 0.015207
5 0.445569 0.133568 0.008509 0.015660
4 0.313527 0.599069 0.008509 0.017476
4 0.476086 0.482637 0.009096 0.017476
1 0.119278 0.252270 0.022007 0.046074
4 0.278903 0.602928 0.008509 0.017930
1 0.120452 0.602247 0.022594 0.045166
4 0.142019 0.304017 0.009390 0.018838
3 0.358421 0.185996 0.007336 0.020200
4 0.143046 0.664208 0.009096 0.018384
4 0.143046 0.517590 0.008509 0.018384
4 0.142752 0.443146 0.009096 0.018384
4 0.626320 0.652406 0.009683 0.018838
4 0.475499 0.618134 0.009683 0.018838
4 0.819102 0.535974 0.009683 0.018838
1 0.120745 0.676237 0.022007 0.046074
4 0.210827 0.596573 0.008509 0.018384
4 0.206719 0.749546 0.009096 0.018384
4 0.297682 0.812869 0.009096 0.018384
3 0.788586 0.810145 0.007336 0.019746
4 0.304724 0.749773 0.009096 0.018384
4 0.196156 0.812415 0.009096 0.018838
1 0.121332 0.455175 0.022594 0.046074
1 0.120452 0.870291 0.022594 0.045620
4 0.841109 0.737517 0.009096 0.018838
4 0.521860 0.737063 0.009096 0.018838
4 0.709654 0.203019 0.009096 0.018838
1 0.119572 0.380277 0.022007 0.046074
3 0.161532 0.336019 0.007336 0.020200
4 0.161238 0.622220 0.009096 0.018838
4 0.502494 0.673740 0.008509 0.019292
4 0.447330 0.461984 0.009096 0.018838
1 0.120452 0.809464 0.022007 0.046527
4 0.162119 0.685769 0.009683 0.018838
1 0.120745 0.742964 0.022594 0.046074
4 0.245892 0.692011 0.008803 0.018611
4 0.530370 0.868475 0.009096 0.019292
1 0.121039 0.529846 0.022007 0.045620
4 0.449090 0.729119 0.009096 0.020200
4 0.591696 0.658988 0.009683 0.018384
4 0.630135 0.747049 0.009683 0.019292
4 0.557365 0.874376 0.009096 0.019292
4 0.849032 0.876645 0.005575 0.015660
4 0.142752 0.368248 0.008509 0.018384
4 0.552377 0.803790 0.009096 0.018838
4 0.142165 0.240241 0.009096 0.018384
4 0.435006 0.790399 0.009096 0.018384
4 0.142752 0.797435 0.009096 0.018838
3 0.823504 0.612233 0.007336 0.018838
4 0.142459 0.590218 0.009096 0.018384
4 0.624560 0.890944 0.009683 0.018384
4 0.143046 0.858942 0.009096 0.018384
5 0.161972 0.100999 0.007629 0.014526
4 0.141432 0.101680 0.008803 0.018611
4 0.142899 0.730595 0.008803 0.018157
3 0.163439 0.730595 0.006455 0.019065