10 0.788091 0.765611 0.012843 0.006335
10 0.623759 0.765498 0.013427 0.006109
10 0.849095 0.762896 0.013427 0.005882
6 0.597198 0.767308 0.010508 0.023303
6 0.756276 0.766629 0.009924 0.022398
6 0.242995 0.167534 0.007881 0.016063
12 0.182866 0.883145 0.010216 0.007919
12 0.198190 0.876810 0.009340 0.007014
12 0.333479 0.875905 0.010216 0.007466
12 0.306042 0.869344 0.010216 0.007466
12 0.216287 0.866403 0.010508 0.007014
12 0.283713 0.866176 0.009924 0.007466
12 0.349679 0.866176 0.009924 0.007919
12 0.483946 0.865271 0.009924 0.007466
12 0.266346 0.863009 0.009632 0.007014
12 0.454028 0.862330 0.010216 0.007466
12 0.249708 0.860068 0.010216 0.007466
12 0.232779 0.860294 0.010216 0.007919
12 0.367630 0.859615 0.010216 0.007466
12 0.436515 0.859389 0.010216 0.007919
12 0.499562 0.858937 0.010216 0.007466
12 0.418418 0.855995 0.010216 0.007014
12 0.385143 0.853507 0.010216 0.007466
12 0.402656 0.853054 0.010216 0.007466
12 0.518827 0.852828 0.010216 0.007919
12 0.598803 0.846493 0.010216 0.007014
12 0.535756 0.843552 0.010216 0.007014
12 0.615441 0.843326 0.009632 0.007014
12 0.557356 0.840158 0.010216 0.007466
12 0.643462 0.837217 0.010800 0.007014
12 0.574869 0.837217 0.010216 0.007466
12 0.718622 0.830204 0.010508 0.007919
12 0.660829 0.829977 0.010508 0.007919
12 0.683742 0.824321 0.010216 0.007919
18 0.851284 0.821380 0.014886 0.007014
18 0.806334 0.821719 0.013719 0.007692
12 0.736281 0.820928 0.010216 0.007014
12 0.700088 0.820928 0.010216 0.007466
18 0.754086 0.814593 0.010800 0.007014
18 0.770870 0.808258 0.010508 0.007919
18 0.683158 0.779977 0.014302 0.007014
18 0.525686 0.780317 0.014011 0.007692
11 0.728692 0.779751 0.009632 0.007014
11 0.569323 0.779751 0.009632 0.007014
12 0.449212 0.777036 0.009924 0.007014
13 0.432574 0.774321 0.009924 0.007014
13 0.469790 0.773869 0.010216 0.007014
13 0.416229 0.771154 0.010508 0.007466
13 0.485844 0.770701 0.010800 0.007466
17 0.361646 0.768213 0.011675 0.007466
12 0.393608 0.767986 0.010800 0.007466
12 0.296702 0.762557 0.009632 0.007466
13 0.272621 0.759389 0.009924 0.007014
13 0.317280 0.759163 0.010508 0.007014
13 0.333771 0.755995 0.010216 0.007466
13 0.256276 0.756222 0.009924 0.007919
11 0.181845 0.753281 0.009924 0.007014
12 0.214682 0.753054 0.010216 0.007466
12 0.236281 0.752828 0.010800 0.007466
12 0.518681 0.704864 0.009924 0.007014
13 0.502481 0.702149 0.010216 0.007014
11 0.386311 0.702602 0.010216 0.007919
13 0.540426 0.702149 0.010216 0.007466
12 0.352890 0.699208 0.010508 0.007014
13 0.484384 0.698982 0.010216 0.007014
13 0.556772 0.698756 0.010216 0.007014
12 0.330852 0.696493 0.010216 0.007014
12 0.585668 0.696041 0.010800 0.007466
13 0.468039 0.695814 0.010216 0.007466
13 0.449942 0.692873 0.010216 0.007014
11 0.422212 0.692986 0.010800 0.007240
13 0.254086 0.690385 0.010800 0.007466
12 0.308815 0.690158 0.009924 0.007466
12 0.606830 0.689480 0.009924 0.007014
13 0.211763 0.687670 0.010216 0.007014
11 0.181407 0.687670 0.010216 0.007014
13 0.229714 0.687443 0.009924 0.007014
13 0.268973 0.687217 0.010216 0.007466
12 0.287507 0.684050 0.010508 0.007919
12 0.730736 0.683371 0.010216 0.007014
12 0.709720 0.680430 0.010216 0.007014
12 0.626678 0.680430 0.010508 0.007466
12 0.859019 0.676810 0.010508 0.007466
12 0.689288 0.676584 0.010216 0.007466
12 0.838879 0.673643 0.009924 0.007466
12 0.667396 0.672964 0.010216 0.007919
12 0.647548 0.673190 0.010216 0.008371
12 0.818301 0.670701 0.010800 0.007466
12 0.797577 0.667081 0.010216 0.007466
17 0.761092 0.667081 0.011967 0.007919
12 0.525102 0.628167 0.009924 0.007014
12 0.562901 0.625000 0.010800 0.007014
12 0.504378 0.625000 0.010508 0.007466
12 0.347198 0.622285 0.010216 0.007014
12 0.482925 0.622059 0.010800 0.007014
12 0.388938 0.622285 0.010800 0.007466
12 0.255984 0.619570 0.010508 0.007014
11 0.419148 0.619118 0.009924 0.007466
12 0.320198 0.619118 0.010508 0.007466
12 0.454028 0.618665 0.010216 0.007014
12 0.584939 0.618665 0.009924 0.007466
12 0.236281 0.616629 0.010216 0.007466
12 0.299329 0.616403 0.010216 0.007466
12 0.279480 0.613235 0.010216 0.007466
12 0.208844 0.613009 0.010216 0.007014
12 0.721395 0.612557 0.010216 0.007014
12 0.180531 0.610294 0.010800 0.007014
12 0.691331 0.609389 0.010800 0.007014
12 0.605809 0.609615 0.010216 0.007466
12 0.858144 0.606448 0.010508 0.007014
12 0.670899 0.605995 0.009632 0.007014
12 0.836544 0.603281 0.011092 0.007014
12 0.627992 0.603507 0.010216 0.007466
12 0.648570 0.603054 0.009924 0.007466
12 0.815236 0.599434 0.009924 0.007014
17 0.757005 0.596267 0.010800 0.007466
12 0.793783 0.596267 0.009632 0.007919
11 0.181115 0.553959 0.010800 0.007466
12 0.315674 0.550566 0.010216 0.007014
12 0.210012 0.550566 0.010216 0.007014
12 0.229860 0.547851 0.010216 0.007466
12 0.295826 0.547624 0.010216 0.007466
11 0.348365 0.547398 0.010216 0.007466
12 0.488762 0.544231 0.010800 0.007014
12 0.376386 0.544457 0.010216 0.007466
12 0.857998 0.544005 0.010216 0.007014
12 0.274810 0.544570 0.010216 0.008145
12 0.255254 0.544457 0.010800 0.007919
12 0.396235 0.541290 0.010216 0.007466
12 0.831728 0.541063 0.010216 0.007466
12 0.526416 0.541176 0.010216 0.007692
12 0.462785 0.541063 0.010216 0.007466
12 0.773497 0.540724 0.010508 0.007240
12 0.435931 0.538122 0.010216 0.007014
12 0.811442 0.537896 0.009924 0.007014
12 0.416667 0.537896 0.010216 0.007014
12 0.748249 0.537896 0.010216 0.007466
12 0.545972 0.534955 0.010800 0.007014
12 0.728984 0.534502 0.010216 0.007014
12 0.792177 0.534502 0.009924 0.007466
12 0.679072 0.528167 0.010800 0.007466
12 0.653970 0.525226 0.009632 0.007466
12 0.564507 0.525452 0.010508 0.007919
12 0.707968 0.524887 0.010216 0.008145
12 0.634997 0.521380 0.010216 0.007014
12 0.610771 0.518439 0.010216 0.007919
12 0.589901 0.518439 0.009924 0.007919
12 0.863835 0.478846 0.010216 0.007014
12 0.844571 0.475905 0.010216 0.007466
12 0.824723 0.472511 0.010216 0.007014
12 0.733946 0.472511 0.010800 0.007014
12 0.798015 0.469344 0.010508 0.007466
12 0.708698 0.469344 0.010508 0.007466
12 0.602306 0.469344 0.010216 0.007466
17 0.767075 0.469118 0.011092 0.007466
13 0.692790 0.466403 0.010216 0.007014
13 0.660683 0.466176 0.010216 0.007014
12 0.621570 0.463235 0.010216 0.007014
13 0.640981 0.463009 0.010508 0.007014
12 0.552685 0.463462 0.010800 0.007919
12 0.513573 0.460520 0.010216 0.007014
13 0.571950 0.460294 0.010216 0.007014
13 0.677029 0.460294 0.010216 0.007466
12 0.180531 0.457579 0.010800 0.007466
13 0.586544 0.457127 0.010216 0.007466
12 0.469206 0.450339 0.010216 0.007919
11 0.417834 0.448303 0.010216 0.007919
12 0.199504 0.448190 0.010216 0.007692
12 0.443374 0.448077 0.010508 0.007919
12 0.329685 0.445362 0.010216 0.007919
12 0.494600 0.444683 0.010800 0.007014
12 0.366754 0.442195 0.010800 0.007919
12 0.226795 0.442195 0.011092 0.007919
12 0.303707 0.441742 0.010800 0.008371
13 0.387186 0.439027 0.010216 0.007466
12 0.284734 0.439027 0.010800 0.007466
12 0.245914 0.436312 0.010216 0.007919
12 0.265178 0.435860 0.010216 0.007919
13 0.402072 0.435860 0.010800 0.008371
13 0.377992 0.402376 0.010508 0.006561
12 0.455342 0.401923 0.010508 0.007014
13 0.510800 0.398982 0.010508 0.007014
11 0.484092 0.399208 0.010800 0.007466
13 0.392148 0.399208 0.010216 0.007466
13 0.363689 0.399208 0.009924 0.007919
13 0.406159 0.396041 0.010216 0.007466
13 0.573263 0.395814 0.009924 0.007466
13 0.526124 0.393100 0.009632 0.007466
13 0.421337 0.392873 0.010216 0.007466
13 0.553561 0.392873 0.010800 0.007919
13 0.587712 0.389932 0.010216 0.007014
13 0.538675 0.389706 0.010216 0.007014
12 0.437682 0.389706 0.010216 0.007014
12 0.707093 0.386765 0.009632 0.007014
13 0.675569 0.383597 0.010800 0.007466
12 0.726065 0.380656 0.010216 0.007014
13 0.659515 0.379977 0.010216 0.007466
13 0.645505 0.377262 0.010216 0.007466
13 0.334939 0.377489 0.010216 0.007919
13 0.321220 0.377376 0.010800 0.007692
11 0.294950 0.377262 0.010800 0.007919
12 0.861792 0.374548 0.010800 0.007466
13 0.632224 0.374321 0.010508 0.007919
12 0.266637 0.373643 0.010216 0.007466
12 0.835085 0.371606 0.010508 0.007919
12 0.746060 0.371154 0.010508 0.007919
13 0.616316 0.370701 0.010216 0.007466
13 0.348949 0.370701 0.010216 0.007919
12 0.247811 0.370249 0.009924 0.007919
12 0.817717 0.367986 0.010216 0.007466
13 0.602014 0.367760 0.010216 0.007014
12 0.228984 0.367534 0.009632 0.007919
12 0.771745 0.364819 0.010508 0.007919
12 0.792032 0.364819 0.010800 0.008371
12 0.210741 0.364140 0.010508 0.007919
17 0.180677 0.364140 0.011092 0.007919
12 0.636602 0.325000 0.010508 0.007014
13 0.658932 0.321833 0.010216 0.007014
13 0.621133 0.321606 0.010508 0.007014
11 0.507005 0.321833 0.011092 0.007466
13 0.675569 0.318665 0.010800 0.007014
13 0.603473 0.318439 0.010216 0.007014
12 0.473147 0.318439 0.010508 0.007466
12 0.709720 0.315724 0.010216 0.007919
13 0.586252 0.315724 0.009632 0.007919
12 0.451839 0.315498 0.009924 0.007919
13 0.569907 0.312557 0.010800 0.006561
11 0.540426 0.312330 0.010216 0.007014
13 0.378138 0.309615 0.010216 0.007466
12 0.730152 0.309163 0.010216 0.007014
12 0.430677 0.309389 0.010216 0.007466
13 0.355954 0.306448 0.010216 0.007014
13 0.338733 0.306448 0.010800 0.007014
13 0.393316 0.306448 0.010216 0.007466
11 0.309545 0.306222 0.010800 0.007014
12 0.855954 0.303959 0.010800 0.007466
12 0.276999 0.303507 0.010508 0.007014
12 0.409661 0.303054 0.010216 0.007014
12 0.834063 0.300792 0.010216 0.007466
12 0.750584 0.300339 0.010216 0.007466
12 0.257005 0.299887 0.010800 0.007466
12 0.813631 0.297398 0.010216 0.007466
12 0.235989 0.296493 0.009632 0.007919
12 0.793053 0.294005 0.010508 0.007919
12 0.772767 0.293778 0.010216 0.007919
12 0.214974 0.293552 0.009632 0.007919
17 0.179656 0.293326 0.011384 0.007466
17 0.688704 0.253733 0.011967 0.007014
12 0.626970 0.253507 0.009924 0.007014
13 0.549912 0.253507 0.009924 0.007014
12 0.729860 0.250792 0.010216 0.007014
17 0.658056 0.250566 0.011384 0.007466
13 0.564653 0.250566 0.010216 0.007466
13 0.534880 0.250566 0.010216 0.007466
13 0.578225 0.247398 0.010508 0.007014
12 0.749124 0.244683 0.009632 0.007466
13 0.593549 0.244231 0.010216 0.007014
12 0.179656 0.244231 0.010216 0.007014
12 0.608435 0.240837 0.009632 0.007466
12 0.862668 0.238348 0.011384 0.007466
12 0.199796 0.237670 0.010800 0.007466
12 0.837566 0.235633 0.010216 0.007466
12 0.766346 0.234955 0.010216 0.007919
12 0.818301 0.231787 0.010216 0.007466
12 0.313339 0.231787 0.010216 0.007466
12 0.800934 0.228846 0.009924 0.007014
12 0.783713 0.228846 0.009924 0.007014
13 0.490660 0.228620 0.010508 0.007466
12 0.293783 0.228620 0.010800 0.007466
11 0.465412 0.228394 0.010800 0.007466
13 0.506276 0.228394 0.009632 0.007919
12 0.217601 0.228167 0.010216 0.007466
12 0.433012 0.224774 0.010216 0.007466
12 0.274810 0.224774 0.010216 0.007466
12 0.256276 0.222511 0.009924 0.007466
12 0.413164 0.222285 0.010216 0.007466
13 0.520578 0.221833 0.010216 0.007466
12 0.237449 0.221833 0.010216 0.007919
12 0.394191 0.219570 0.009632 0.007466
17 0.344863 0.216403 0.011384 0.007919
12 0.375219 0.215837 0.010216 0.008145
12 0.831290 0.176357 0.009924 0.007466
12 0.279189 0.173869 0.010216 0.007466
13 0.848949 0.173416 0.010216 0.007014
13 0.816988 0.173190 0.010508 0.007014
11 0.718330 0.173190 0.010508 0.007014
13 0.865149 0.170249 0.010508 0.007014
13 0.803123 0.170023 0.010216 0.007014
12 0.687536 0.170249 0.010216 0.007466
12 0.297285 0.167534 0.009632 0.007466
12 0.670169 0.167081 0.010508 0.007919
13 0.790280 0.166855 0.010216 0.007919
13 0.775686 0.163914 0.010216 0.007014
11 0.750000 0.163688 0.010216 0.007466
13 0.606976 0.160973 0.010216 0.007919
12 0.407764 0.160973 0.009924 0.007919
12 0.651926 0.160973 0.010216 0.008371
12 0.385727 0.158258 0.010216 0.007014
13 0.572388 0.158032 0.010508 0.007014
11 0.544513 0.158032 0.010216 0.007014
13 0.619527 0.157805 0.010216 0.007014
13 0.586252 0.158032 0.009632 0.007466
12 0.314945 0.158258 0.010508 0.007919
12 0.514594 0.154864 0.010508 0.007466
12 0.633246 0.154864 0.010216 0.007919
12 0.368651 0.154864 0.010508 0.007919
12 0.351138 0.151923 0.010508 0.007466
12 0.332604 0.151923 0.010216 0.007466
12 0.496351 0.151471 0.010800 0.007919
12 0.479130 0.148303 0.010216 0.007919
12 0.462347 0.145362 0.011092 0.007919
17 0.435055 0.145023 0.011967 0.008145
11 0.384267 0.132692 0.007297 0.005656
1 0.171483 0.166403 0.023059 0.045928
4 0.397110 0.161199 0.009048 0.018778
4 0.193374 0.154864 0.009048 0.018778
1 0.130181 0.242421 0.023351 0.045928
4 0.806480 0.368665 0.009340 0.018326
4 0.596468 0.161199 0.008465 0.018778
4 0.152802 0.457353 0.009632 0.018778
4 0.851284 0.238801 0.009048 0.018778
4 0.367338 0.309389 0.009048 0.018778
4 0.849825 0.374774 0.009632 0.019231
4 0.153678 0.380430 0.009048 0.018778
1 0.129743 0.313914 0.023059 0.045928
4 0.152218 0.231335 0.009632 0.018326
3 0.813339 0.472511 0.006713 0.018778
4 0.578517 0.517760 0.008757 0.018778
4 0.215120 0.442647 0.009340 0.017873
4 0.540134 0.463462 0.009048 0.018326
4 0.759486 0.364819 0.008757 0.018326
1 0.130619 0.391742 0.022475 0.045928
4 0.623759 0.521833 0.009340 0.018778
4 0.318155 0.446041 0.008757 0.018326
1 0.131786 0.546041 0.022475 0.045928
4 0.451109 0.541063 0.008465 0.018778
1 0.130619 0.618665 0.022475 0.045475
4 0.354641 0.441968 0.009340 0.018778
4 0.152218 0.303281 0.009632 0.018326
1 0.131786 0.468439 0.022475 0.046380
3 0.472417 0.621946 0.007881 0.019457
1 0.131494 0.853281 0.023059 0.045928
4 0.285902 0.762557 0.008465 0.018778
4 0.672212 0.823190 0.009340 0.019231
4 0.587712 0.846719 0.008465 0.018778
4 0.196877 0.613235 0.009048 0.018778
4 0.846322 0.544005 0.008465 0.019231
4 0.650759 0.466403 0.008465 0.018778
4 0.668564 0.528394 0.009048 0.018778
4 0.722563 0.472738 0.008465 0.019231
4 0.694250 0.386765 0.009048 0.018326
4 0.514740 0.540837 0.008465 0.018778
4 0.242703 0.690385 0.008465 0.018778
4 0.709428 0.612557 0.009048 0.018326
4 0.294804 0.869796 0.009340 0.018778
4 0.334939 0.622738 0.008465 0.019231
4 0.224898 0.616176 0.009048 0.019231
1 0.131203 0.768213 0.022475 0.045928
4 0.153386 0.756448 0.009632 0.018778
4 0.153970 0.841968 0.009632 0.018778
4 0.153678 0.684502 0.009048 0.018778
4 0.152802 0.607127 0.008465 0.018778
4 0.761967 0.541063 0.009048 0.018778
4 0.477087 0.544683 0.009048 0.019231
4 0.457823 0.451471 0.009048 0.018778
4 0.483071 0.445588 0.009340 0.019231
4 0.376095 0.622511 0.009048 0.019231
4 0.153386 0.534955 0.008465 0.018326
1 0.131203 0.695814 0.022475 0.045928