7 0.809927 0.857886 0.012263 0.015388
7 0.747737 0.857773 0.012847 0.015162
7 0.766715 0.857547 0.012263 0.015162
7 0.537810 0.857321 0.012263 0.016067
7 0.556204 0.857094 0.012847 0.016067
10 0.846423 0.853134 0.014015 0.005884
6 0.783358 0.855058 0.011095 0.023761
7 0.278832 0.643698 0.012263 0.014709
7 0.417226 0.643924 0.012263 0.015614
7 0.340146 0.643924 0.012263 0.015614
7 0.555620 0.647997 0.012263 0.024214
7 0.478248 0.643698 0.012847 0.015614
7 0.782482 0.566531 0.012847 0.015162
7 0.661022 0.566531 0.012847 0.015162
7 0.727883 0.566305 0.012263 0.015162
7 0.609051 0.565852 0.012847 0.015162
7 0.390365 0.439579 0.012847 0.014709
7 0.276788 0.439579 0.013431 0.014709
7 0.437664 0.439353 0.012847 0.015614
7 0.370803 0.439579 0.012263 0.015614
7 0.196788 0.439353 0.013431 0.015614
10 0.475912 0.434714 0.013431 0.005884
6 0.412847 0.436864 0.011095 0.023308
7 0.759708 0.365354 0.012263 0.015614
7 0.363796 0.365354 0.012263 0.015614
7 0.829489 0.364449 0.012847 0.016972
7 0.409051 0.365128 0.012847 0.015614
7 0.343942 0.364902 0.012263 0.016067
6 0.384234 0.361960 0.011095 0.023308
7 0.825985 0.290450 0.012847 0.015614
7 0.331971 0.290450 0.012847 0.015614
7 0.764088 0.290224 0.012847 0.015614
7 0.689635 0.289998 0.012263 0.015162
7 0.395620 0.289998 0.012847 0.015162
7 0.623066 0.288640 0.012263 0.018330
7 0.550365 0.290224 0.012847 0.016067
7 0.195912 0.290224 0.012847 0.016067
7 0.476496 0.289771 0.012263 0.015614
7 0.259562 0.289771 0.012847 0.015614
6 0.587883 0.289771 0.004964 0.028287
7 0.346423 0.226974 0.012555 0.015841
7 0.274453 0.226635 0.012847 0.015162
7 0.640000 0.226409 0.012847 0.016067
7 0.547883 0.226409 0.012555 0.016067
7 0.502336 0.226635 0.012555 0.015614
7 0.405839 0.226635 0.012847 0.015614
7 0.199270 0.226182 0.012555 0.014709
7 0.773723 0.226409 0.012847 0.015614
7 0.698686 0.226409 0.013431 0.015614
7 0.482044 0.226409 0.012263 0.015614
7 0.835036 0.225730 0.012847 0.016520
10 0.585255 0.221770 0.013723 0.006336
6 0.521752 0.223919 0.011095 0.022856
7 0.644672 0.146979 0.012847 0.015614
7 0.338978 0.146753 0.012263 0.016067
7 0.573431 0.146979 0.012847 0.016067
7 0.837080 0.146526 0.013431 0.015614
7 0.707153 0.146413 0.012847 0.016293
7 0.519124 0.146753 0.012847 0.016067
7 0.776934 0.151052 0.013431 0.025119
6 0.315036 0.144037 0.011095 0.023308
12 0.722482 0.882439 0.010803 0.007468
12 0.722482 0.869993 0.010803 0.007015
12 0.722336 0.854153 0.009343 0.007015
17 0.574453 0.882213 0.010219 0.007468
17 0.574161 0.869541 0.009635 0.007468
11 0.574015 0.853926 0.009343 0.007015
17 0.667007 0.881987 0.010803 0.007920
17 0.667007 0.866599 0.009635 0.007015
11 0.666861 0.850984 0.009927 0.007468
17 0.625109 0.881761 0.010511 0.007920
17 0.625255 0.863431 0.010219 0.007468
11 0.624964 0.847816 0.010219 0.007015
12 0.518832 0.854153 0.009927 0.007015
12 0.484234 0.851211 0.010219 0.007920
12 0.432847 0.850984 0.010219 0.007920
11 0.405109 0.850984 0.010803 0.007920
12 0.376204 0.848043 0.010219 0.007015
12 0.320730 0.847590 0.010219 0.007468
11 0.295620 0.847703 0.010219 0.007694
12 0.260000 0.844648 0.010219 0.007468
12 0.201022 0.841254 0.010219 0.007468
11 0.174161 0.841254 0.010219 0.007920
11 0.458832 0.834804 0.009635 0.007694
11 0.228759 0.834691 0.010803 0.007920
11 0.349343 0.834691 0.010219 0.008373
12 0.853577 0.774044 0.009635 0.007920
12 0.688613 0.773591 0.010219 0.007468
12 0.804526 0.770649 0.010803 0.007920
11 0.777372 0.770649 0.010219 0.007920
12 0.569781 0.770423 0.010803 0.008373
12 0.458832 0.770423 0.009635 0.008373
11 0.175474 0.770423 0.010511 0.008373
11 0.715474 0.770197 0.010219 0.008373
12 0.742044 0.767481 0.010803 0.007468
11 0.592555 0.767255 0.010803 0.007468
11 0.481898 0.767481 0.010219 0.007920
11 0.542044 0.767255 0.011387 0.007920
12 0.337664 0.767255 0.010219 0.007920
12 0.205985 0.767255 0.010803 0.007920
12 0.270803 0.767029 0.009635 0.007920
11 0.825985 0.764766 0.010511 0.008373
11 0.661898 0.764087 0.010511 0.007468
11 0.358102 0.764313 0.010219 0.007920
11 0.303796 0.764087 0.010219 0.007920
12 0.508759 0.763408 0.010219 0.008373
11 0.427299 0.761145 0.010803 0.007468
12 0.628029 0.760919 0.010511 0.007920
12 0.393431 0.757977 0.010803 0.007920
11 0.234599 0.757751 0.010803 0.007920
12 0.799708 0.702082 0.010511 0.007468
12 0.320438 0.701403 0.010219 0.007468
11 0.822044 0.698914 0.010219 0.007920
11 0.342774 0.698687 0.010511 0.007468
11 0.769635 0.698687 0.010511 0.007920
11 0.293869 0.698574 0.010219 0.008147
12 0.738248 0.696198 0.010219 0.007920
12 0.261460 0.695293 0.010803 0.007468
12 0.855766 0.695293 0.011095 0.007920
11 0.413869 0.695293 0.010219 0.007920
12 0.376788 0.694954 0.010219 0.007694
12 0.441898 0.692351 0.009635 0.007468
12 0.616788 0.691899 0.010219 0.007468
11 0.703796 0.689636 0.010219 0.007920
11 0.651679 0.688957 0.010511 0.007920
11 0.227883 0.688957 0.010219 0.007920
12 0.495620 0.688957 0.010803 0.008373
11 0.174745 0.688052 0.010219 0.008373
11 0.587299 0.686468 0.010803 0.007920
12 0.204672 0.686015 0.010511 0.007468
11 0.532555 0.686015 0.010511 0.008373
12 0.681022 0.685562 0.010219 0.007920
12 0.566569 0.682394 0.010219 0.007920
11 0.469635 0.682847 0.010219 0.008826
11 0.610073 0.652523 0.010219 0.007468
12 0.635182 0.649808 0.010219 0.007468
17 0.579854 0.649808 0.010511 0.007920
12 0.496496 0.646413 0.010803 0.007468
12 0.531825 0.646187 0.010219 0.007468
11 0.672263 0.643471 0.010803 0.007920
12 0.461168 0.643245 0.010219 0.007468
12 0.260584 0.643245 0.010803 0.007468
12 0.260292 0.633514 0.010219 0.007015
12 0.443796 0.640303 0.010511 0.007468
12 0.400146 0.639851 0.009635 0.007468
12 0.232555 0.639851 0.010803 0.007468
12 0.365547 0.637135 0.009927 0.007015
11 0.174745 0.637361 0.010803 0.007468
12 0.323358 0.636909 0.010219 0.007015
11 0.208175 0.636909 0.009927 0.007015
12 0.696934 0.633967 0.010511 0.007015
12 0.296934 0.633741 0.009927 0.007015
11 0.721606 0.627404 0.010219 0.007920
12 0.746131 0.621521 0.010219 0.007920
12 0.852847 0.618579 0.009927 0.007468
11 0.827737 0.612243 0.009927 0.007468
11 0.778832 0.612016 0.009635 0.007468
12 0.809489 0.608961 0.010219 0.008147
12 0.339416 0.588029 0.010219 0.007920
11 0.425985 0.587576 0.010511 0.007920
11 0.267007 0.584635 0.010219 0.007920
12 0.403066 0.584408 0.010219 0.007920
12 0.450365 0.584295 0.010219 0.008147
12 0.291387 0.581693 0.009927 0.007468
12 0.227299 0.581466 0.010219 0.007468
11 0.373285 0.581466 0.010219 0.007920
11 0.483066 0.578525 0.010803 0.007468
11 0.314307 0.578298 0.010803 0.007468
11 0.204526 0.577846 0.010219 0.007468
11 0.175912 0.571962 0.010219 0.007920
12 0.506861 0.568794 0.010511 0.006563
11 0.535036 0.562910 0.010803 0.007468
17 0.840146 0.560195 0.012555 0.007468
12 0.803066 0.559968 0.010803 0.007468
12 0.765985 0.559742 0.010219 0.007015
12 0.681898 0.559742 0.010219 0.007015
12 0.747299 0.559742 0.010219 0.007468
12 0.710803 0.559742 0.010803 0.007468
12 0.644526 0.559742 0.010219 0.007468
12 0.628029 0.559742 0.010511 0.007468
12 0.588905 0.559742 0.010511 0.007920
12 0.557810 0.556574 0.010803 0.007015
12 0.492409 0.519009 0.010219 0.007015
11 0.530365 0.515841 0.010219 0.007468
12 0.435766 0.515614 0.010219 0.007015
12 0.374745 0.515388 0.010803 0.007015
11 0.295036 0.515501 0.010219 0.007694
12 0.324526 0.512220 0.009635 0.006563
11 0.466715 0.512220 0.010219 0.007015
11 0.560730 0.509278 0.010219 0.007468
11 0.257226 0.509278 0.009927 0.007468
11 0.411241 0.509278 0.010219 0.007920
11 0.847445 0.506336 0.010219 0.007468
11 0.584672 0.505884 0.010219 0.007015
11 0.225839 0.505884 0.010803 0.007468
11 0.350511 0.505657 0.010219 0.007468
11 0.175912 0.505657 0.010219 0.007468
12 0.720000 0.499547 0.009927 0.007468
12 0.613723 0.499547 0.009927 0.007468
12 0.205109 0.499321 0.009635 0.007015
11 0.816204 0.496832 0.010219 0.007468
11 0.779562 0.496832 0.010511 0.007920
11 0.748759 0.493664 0.009635 0.007468
11 0.643066 0.493664 0.010803 0.007468
11 0.694161 0.493437 0.010219 0.007468
12 0.673139 0.490496 0.010219 0.007920
11 0.512117 0.455193 0.009927 0.007468
12 0.299416 0.452025 0.010803 0.007468
12 0.546715 0.448857 0.010219 0.007468
12 0.346569 0.448518 0.009927 0.007241
11 0.854161 0.445463 0.010803 0.007920
11 0.226131 0.445236 0.010219 0.007468
12 0.252701 0.442068 0.009635 0.007015
11 0.822628 0.442068 0.010803 0.007468
11 0.767737 0.442068 0.010803 0.007920
11 0.579416 0.439126 0.010219 0.007468
12 0.732263 0.438900 0.010511 0.007468
12 0.801314 0.435958 0.010219 0.007468
12 0.176204 0.435732 0.009635 0.007015
12 0.611241 0.435732 0.010219 0.007468
11 0.645985 0.432790 0.010219 0.007920
11 0.698832 0.432790 0.010803 0.008373
12 0.677664 0.426454 0.010511 0.007468
12 0.203942 0.391831 0.009635 0.007468
12 0.224088 0.386173 0.010219 0.007920
11 0.733577 0.383684 0.010803 0.007468
12 0.732993 0.368070 0.010219 0.007015
17 0.676496 0.381195 0.011095 0.007468
17 0.675912 0.371012 0.011095 0.007920
17 0.619708 0.380969 0.011971 0.007468
11 0.619124 0.358565 0.011387 0.007920
17 0.565109 0.380969 0.011387 0.007920
17 0.564234 0.358792 0.011387 0.007920
12 0.451679 0.380969 0.011095 0.007920
17 0.450949 0.358905 0.011387 0.008147
12 0.246715 0.380516 0.009927 0.007920
12 0.267591 0.374180 0.010219 0.007015
12 0.287153 0.371238 0.010803 0.007468
12 0.175620 0.370785 0.009635 0.007468
12 0.319124 0.368070 0.009927 0.007015
12 0.857372 0.364902 0.010219 0.007920
12 0.789343 0.358565 0.010803 0.007468
17 0.508175 0.358565 0.011387 0.007920
17 0.508467 0.380742 0.011387 0.007920
12 0.809197 0.355737 0.010803 0.007694
12 0.449635 0.305725 0.009927 0.007694
12 0.449051 0.292826 0.009927 0.007241
12 0.499124 0.299163 0.010803 0.007694
12 0.849197 0.292940 0.010219 0.007015
12 0.524380 0.292487 0.010511 0.007015
12 0.417956 0.289545 0.010803 0.007468
12 0.784234 0.283435 0.011095 0.007468
12 0.375766 0.283661 0.009927 0.007920
12 0.709927 0.283209 0.010803 0.007468
12 0.571241 0.283209 0.010219 0.007920
12 0.648175 0.280267 0.010511 0.007015
12 0.312555 0.280267 0.010219 0.007015
12 0.354015 0.277325 0.010219 0.007015
12 0.806277 0.277325 0.010803 0.007920
12 0.279854 0.276873 0.010219 0.007015
12 0.743358 0.277099 0.011095 0.007920
12 0.238102 0.270989 0.009635 0.007468
12 0.174745 0.270763 0.010219 0.007468
12 0.669051 0.267821 0.010803 0.007920
12 0.603066 0.267594 0.010803 0.007920
12 0.217372 0.267368 0.010219 0.007468
12 0.173431 0.247228 0.010511 0.007468
12 0.219708 0.241344 0.010219 0.007015
12 0.245693 0.231840 0.010219 0.007468
11 0.457080 0.229124 0.010219 0.007468
12 0.427153 0.226182 0.009927 0.007468
12 0.293431 0.226069 0.010511 0.008147
12 0.325401 0.220072 0.010219 0.007015
12 0.387591 0.220072 0.009635 0.007468
12 0.621898 0.219620 0.009927 0.007920
12 0.366569 0.216904 0.010803 0.007468
12 0.657956 0.213510 0.010803 0.007015
12 0.679416 0.204232 0.010511 0.007468
12 0.856642 0.203553 0.010511 0.007468
12 0.723942 0.200837 0.010803 0.007468
12 0.753723 0.197443 0.010803 0.007920
12 0.815328 0.196990 0.010219 0.007920
12 0.794599 0.194501 0.010803 0.007015
12 0.815620 0.171193 0.010219 0.007015
12 0.853577 0.165309 0.010219 0.007920
11 0.359124 0.162593 0.009927 0.007468
11 0.400000 0.162820 0.010511 0.008373
12 0.757810 0.162254 0.010219 0.007694
12 0.793723 0.159199 0.010803 0.007015
12 0.724672 0.159199 0.010511 0.007468
11 0.423066 0.156483 0.011095 0.007468
12 0.591387 0.156031 0.010219 0.007015
11 0.446277 0.153202 0.010803 0.007694
17 0.623212 0.153089 0.010803 0.007920
17 0.685693 0.152863 0.010803 0.007920
11 0.664964 0.149695 0.010219 0.007015
11 0.469927 0.149921 0.010219 0.007468
12 0.555474 0.146640 0.010803 0.007694
12 0.502044 0.146526 0.010219 0.007468
12 0.537372 0.143585 0.010803 0.007015
1 0.162774 0.145621 0.022482 0.045485
4 0.777080 0.358565 0.009051 0.018783
1 0.122774 0.288640 0.022482 0.045938
4 0.186423 0.133628 0.008467 0.018783
1 0.122482 0.225051 0.022482 0.045485
4 0.663212 0.371012 0.009051 0.018330
4 0.845401 0.365128 0.009051 0.018783
4 0.710219 0.200837 0.009635 0.018783
4 0.720438 0.383910 0.009635 0.018330
1 0.122482 0.364449 0.023066 0.045485
4 0.191387 0.391944 0.009635 0.018104
5 0.567153 0.436185 0.008467 0.015614
4 0.635766 0.279814 0.009051 0.018330
4 0.144964 0.213057 0.009635 0.018330
1 0.123942 0.502037 0.022482 0.046391
3 0.662190 0.490043 0.007591 0.020140
4 0.212993 0.445236 0.009051 0.018783
4 0.708175 0.627970 0.009635 0.019461
4 0.598394 0.436298 0.009051 0.019914
3 0.313723 0.512446 0.007299 0.020140
3 0.333577 0.447499 0.007299 0.017877
4 0.548175 0.509165 0.009051 0.018556
3 0.535036 0.448405 0.007299 0.019688
5 0.719854 0.435279 0.007883 0.016972
3 0.554307 0.683073 0.007299 0.019688
1 0.123358 0.438900 0.022482 0.045938
1 0.122482 0.565399 0.022482 0.045485
3 0.353723 0.636909 0.007299 0.019688
4 0.841022 0.445463 0.009635 0.018330
4 0.144672 0.351550 0.009051 0.018330
4 0.145255 0.553179 0.009635 0.017877
4 0.144964 0.276420 0.009635 0.018330
4 0.144964 0.630346 0.009051 0.018330
4 0.145255 0.490043 0.009635 0.018330
3 0.796642 0.609527 0.007299 0.020140
3 0.390219 0.584182 0.007299 0.019235
3 0.431095 0.640530 0.007883 0.019235
3 0.456204 0.512220 0.007299 0.019235
3 0.245255 0.509278 0.007591 0.019688
5 0.726277 0.692125 0.007883 0.015614
5 0.764818 0.766802 0.009051 0.016067
3 0.447445 0.835823 0.007299 0.019688
3 0.248321 0.844648 0.007299 0.020593
1 0.121752 0.856415 0.022774 0.045485
4 0.311679 0.637135 0.009635 0.018783
3 0.456204 0.683073 0.007299 0.019688
5 0.216204 0.831523 0.008467 0.015614
1 0.123942 0.716565 0.021898 0.045485
4 0.567445 0.649581 0.008467 0.018783
3 0.654599 0.866372 0.007007 0.019235
4 0.325401 0.766576 0.009635 0.018783
3 0.222044 0.758203 0.007299 0.019235
5 0.614453 0.757977 0.008467 0.016067
1 0.123066 0.791242 0.022482 0.046391
4 0.163942 0.571962 0.009635 0.018330
3 0.665839 0.426454 0.007299 0.020593
1 0.123650 0.643019 0.022482 0.045938
3 0.401460 0.695746 0.007591 0.019235
4 0.257080 0.766576 0.009635 0.018330
5 0.283358 0.843743 0.008467 0.016067
3 0.380876 0.758203 0.007299 0.019688
4 0.386423 0.639624 0.009635 0.017877
5 0.842190 0.692125 0.008467 0.015614
4 0.164526 0.370785 0.009051 0.018783
4 0.709489 0.854266 0.009343 0.019461
4 0.144672 0.844309 0.009051 0.019009
5 0.363942 0.691446 0.008467 0.015614
4 0.254307 0.583277 0.009343 0.018330
5 0.248321 0.691333 0.008467 0.016293
4 0.145401 0.704119 0.009343 0.018330
5 0.338248 0.831976 0.008467 0.015614
4 0.164672 0.435393 0.007591 0.018104
4 0.144818 0.426115 0.008759 0.017651
4 0.145255 0.779362 0.008467 0.018104
3 0.162920 0.770536 0.006423 0.018556
3 0.447299 0.770763 0.006423 0.018556
3 0.469489 0.767368 0.006423 0.019461
4 0.507445 0.853813 0.008759 0.019914