7 0.557597 0.859453 0.012832 0.016508
7 0.539516 0.859227 0.012832 0.016056
7 0.752989 0.859000 0.012832 0.016056
7 0.769612 0.858774 0.012248 0.016508
7 0.810732 0.858322 0.012832 0.016056
10 0.849810 0.853912 0.013998 0.005880
6 0.785943 0.857757 0.011082 0.023519
7 0.617964 0.660674 0.012248 0.016056
7 0.565763 0.660787 0.012832 0.016282
7 0.740157 0.659882 0.012832 0.016282
7 0.189851 0.658186 0.012248 0.020127
7 0.685331 0.659995 0.012832 0.016056
7 0.333333 0.661692 0.012248 0.018544
7 0.255468 0.660222 0.012832 0.015604
9 0.719306 0.660448 0.004958 0.028268
7 0.838728 0.588535 0.012832 0.023293
7 0.783902 0.591927 0.012832 0.015604
7 0.766113 0.514134 0.012248 0.016508
10 0.846603 0.509724 0.013415 0.005880
7 0.807816 0.513682 0.012832 0.016056
6 0.783319 0.513229 0.010499 0.023745
7 0.370079 0.449231 0.012248 0.015604
7 0.246719 0.449231 0.011665 0.015152
7 0.440070 0.449231 0.012248 0.016508
7 0.188393 0.449005 0.012832 0.015152
7 0.498688 0.448553 0.012832 0.016508
7 0.310295 0.449005 0.012832 0.015604
7 0.644503 0.448779 0.012832 0.016508
7 0.424614 0.375735 0.012832 0.016508
7 0.308836 0.375961 0.012248 0.016056
7 0.360163 0.376187 0.013415 0.016056
7 0.662584 0.376187 0.012832 0.016508
7 0.241178 0.375961 0.012248 0.015152
7 0.545932 0.375961 0.012832 0.015604
7 0.476815 0.375735 0.012248 0.016056
7 0.841353 0.375735 0.013415 0.016508
7 0.783902 0.375509 0.012832 0.016056
7 0.597842 0.372569 0.012832 0.022840
7 0.720910 0.375735 0.012832 0.016056
7 0.189268 0.375735 0.012248 0.016056
6 0.508895 0.375735 0.005249 0.027363
9 0.733887 0.362393 0.004958 0.034600
7 0.417323 0.298394 0.012248 0.027363
7 0.473316 0.303822 0.012248 0.015152
7 0.542432 0.303596 0.012832 0.015604
7 0.356080 0.303822 0.012248 0.016056
7 0.188101 0.303370 0.012248 0.016056
7 0.841645 0.303370 0.012832 0.016508
7 0.594051 0.303596 0.012248 0.016056
7 0.239428 0.300882 0.012248 0.020579
7 0.306795 0.303709 0.012832 0.016735
7 0.789735 0.302804 0.012832 0.016282
7 0.456110 0.237110 0.012832 0.015604
7 0.258676 0.236771 0.012248 0.015378
7 0.384369 0.237110 0.012832 0.016508
7 0.331292 0.236884 0.012832 0.015604
7 0.652085 0.236205 0.012832 0.015604
7 0.193351 0.236658 0.012248 0.015604
7 0.613007 0.236545 0.012832 0.015830
7 0.594634 0.236431 0.012248 0.015604
7 0.519685 0.236658 0.012832 0.016056
7 0.839603 0.235753 0.012248 0.016056
7 0.669583 0.236205 0.012832 0.016056
7 0.780402 0.233265 0.012832 0.020579
6 0.418927 0.236884 0.004958 0.028268
7 0.485273 0.165423 0.012832 0.015604
6 0.236512 0.165197 0.007582 0.016056
10 0.275882 0.161239 0.012832 0.005880
7 0.538933 0.164744 0.012832 0.015604
7 0.618839 0.164518 0.012832 0.016056
7 0.685477 0.164066 0.013123 0.015604
7 0.764800 0.167006 0.013123 0.022388
7 0.834208 0.163727 0.013123 0.016282
9 0.349519 0.165084 0.004958 0.028494
12 0.517206 0.877996 0.010790 0.007010
12 0.479294 0.875170 0.010790 0.007689
12 0.426363 0.874830 0.011082 0.007915
11 0.403908 0.874830 0.010499 0.007915
12 0.316856 0.871664 0.010790 0.007915
12 0.369058 0.871212 0.010207 0.007463
11 0.293088 0.871212 0.010499 0.007463
12 0.254739 0.868046 0.010207 0.007010
12 0.196559 0.865559 0.010499 0.007010
11 0.172791 0.865559 0.009624 0.007915
12 0.610819 0.862619 0.009624 0.007463
12 0.610236 0.840231 0.010207 0.007915
12 0.684019 0.862393 0.010207 0.007463
12 0.684310 0.839778 0.010207 0.007463
12 0.669437 0.862393 0.009041 0.007463
12 0.669729 0.840457 0.010207 0.007915
12 0.574949 0.862393 0.010207 0.007463
12 0.574949 0.840005 0.010790 0.007915
12 0.736512 0.861940 0.010207 0.007010
12 0.736804 0.839326 0.011374 0.007915
12 0.712015 0.862166 0.009041 0.007463
12 0.711724 0.839552 0.010207 0.007463
12 0.635900 0.862393 0.009624 0.007915
12 0.635608 0.840005 0.010790 0.007463
11 0.457130 0.859227 0.010207 0.007010
12 0.655293 0.859340 0.010499 0.007689
12 0.655147 0.836839 0.010207 0.007915
12 0.594780 0.859227 0.010207 0.007463
12 0.594488 0.836839 0.010207 0.007915
12 0.696850 0.859114 0.010207 0.007689
12 0.696705 0.836725 0.010499 0.007689
11 0.347477 0.859000 0.010207 0.007463
11 0.227326 0.859000 0.010790 0.007915
12 0.680227 0.795681 0.010790 0.007010
12 0.852581 0.795455 0.010207 0.007463
12 0.563138 0.792967 0.010499 0.007463
12 0.451006 0.792967 0.010790 0.007463
11 0.178624 0.792967 0.010207 0.007463
11 0.715806 0.792289 0.010790 0.007010
11 0.780548 0.792062 0.010790 0.007010
12 0.806212 0.792062 0.010790 0.007463
12 0.263196 0.790027 0.010790 0.007010
11 0.584281 0.790027 0.010207 0.007463
12 0.332313 0.789801 0.010207 0.007010
11 0.535871 0.789801 0.010207 0.007463
11 0.474045 0.789801 0.010207 0.007463
12 0.206328 0.789575 0.010207 0.007010
12 0.740595 0.789123 0.010207 0.007010
11 0.352727 0.786861 0.010207 0.007010
12 0.498833 0.786635 0.010790 0.007010
11 0.300233 0.786635 0.010207 0.007463
11 0.653543 0.786409 0.010499 0.007463
11 0.826626 0.786070 0.010790 0.007689
12 0.615631 0.783695 0.010499 0.007010
11 0.421843 0.783695 0.010790 0.007463
12 0.383931 0.780529 0.010790 0.007010
11 0.232283 0.780303 0.010790 0.007010
17 0.177311 0.745703 0.010499 0.007010
11 0.177311 0.726142 0.010499 0.006784
11 0.177311 0.732926 0.010499 0.006784
11 0.177311 0.717209 0.009915 0.007010
12 0.401137 0.733265 0.010207 0.007010
12 0.806795 0.732587 0.010790 0.007915
11 0.379703 0.729873 0.010499 0.007010
11 0.423155 0.729873 0.010499 0.007463
11 0.829834 0.729195 0.010207 0.007010
11 0.783465 0.729195 0.010790 0.007010
11 0.488043 0.727160 0.010207 0.007463
12 0.454214 0.726934 0.010207 0.007463
12 0.348206 0.726934 0.009915 0.007463
12 0.858705 0.726481 0.010790 0.007010
12 0.751094 0.726481 0.011374 0.007915
12 0.653397 0.723768 0.010790 0.007010
12 0.511082 0.723768 0.010790 0.007010
12 0.251531 0.723315 0.010790 0.007010
12 0.555993 0.720602 0.010790 0.007463
11 0.280111 0.720602 0.010790 0.007463
11 0.682998 0.720375 0.010499 0.007463
11 0.320502 0.720602 0.010499 0.007915
11 0.722514 0.720149 0.010207 0.007463
11 0.584281 0.717662 0.010207 0.007463
12 0.302421 0.717436 0.009915 0.007010
12 0.704579 0.717209 0.010499 0.007010
11 0.630505 0.717436 0.009915 0.007463
11 0.228201 0.717209 0.010790 0.007463
12 0.613444 0.714270 0.010207 0.007463
11 0.534412 0.714270 0.010790 0.007463
12 0.210120 0.714270 0.010790 0.007463
11 0.386264 0.673112 0.010207 0.007463
12 0.410907 0.669946 0.011665 0.007010
11 0.358122 0.669720 0.011082 0.007010
12 0.274570 0.666780 0.010207 0.007463
12 0.309128 0.666780 0.010499 0.007915
11 0.445757 0.663840 0.010790 0.007010
12 0.230825 0.663388 0.010207 0.006558
12 0.214786 0.660900 0.010790 0.007915
12 0.172208 0.660674 0.010790 0.007915
12 0.474482 0.654116 0.010499 0.007463
12 0.600612 0.651402 0.010207 0.007010
12 0.583115 0.651402 0.010207 0.007010
12 0.636191 0.651176 0.010207 0.007010
17 0.846165 0.651176 0.011374 0.007463
12 0.758384 0.650950 0.010790 0.007010
12 0.667687 0.651176 0.010207 0.007463
17 0.796442 0.650950 0.011665 0.007463
12 0.723389 0.650950 0.010790 0.007463
12 0.704141 0.650950 0.010790 0.007463
11 0.493001 0.648010 0.010790 0.007463
12 0.516915 0.641904 0.011374 0.007010
12 0.548411 0.632858 0.010207 0.007463
11 0.172791 0.601425 0.010790 0.007010
11 0.623943 0.598485 0.010207 0.007463
12 0.541703 0.598485 0.010207 0.007463
11 0.473316 0.595545 0.009915 0.007010
12 0.645669 0.595093 0.010499 0.007010
12 0.199621 0.595093 0.010790 0.007010
12 0.595946 0.595093 0.010207 0.007463
12 0.441091 0.592605 0.010790 0.007463
11 0.574657 0.592379 0.010790 0.007463
12 0.500000 0.592379 0.010790 0.007463
11 0.378536 0.589439 0.009915 0.007463
12 0.861621 0.588987 0.010790 0.007010
11 0.677603 0.588987 0.010207 0.007010
11 0.516915 0.589213 0.010790 0.007463
11 0.418052 0.589213 0.010207 0.007463
12 0.823126 0.588761 0.009624 0.007010
12 0.353893 0.586273 0.010207 0.007463
11 0.222805 0.586047 0.010499 0.007463
12 0.800817 0.585595 0.010499 0.007010
12 0.702683 0.582881 0.010207 0.007010
12 0.400846 0.582881 0.009624 0.007463
11 0.332313 0.579941 0.010207 0.007915
12 0.251823 0.579715 0.010207 0.007463
11 0.285652 0.576323 0.010207 0.007463
12 0.308982 0.572931 0.010207 0.007463
11 0.720181 0.572252 0.010207 0.007463
12 0.740595 0.566373 0.010790 0.007463
12 0.766550 0.566147 0.010207 0.007463
11 0.528871 0.543080 0.010790 0.007915
12 0.709390 0.540140 0.010207 0.007463
12 0.660397 0.539914 0.010207 0.007463
12 0.600904 0.539914 0.010207 0.007463
12 0.552785 0.539009 0.010790 0.007010
12 0.484252 0.536522 0.010207 0.007915
12 0.370808 0.535844 0.010790 0.007915
11 0.455381 0.534034 0.010207 0.007010
11 0.405220 0.533356 0.010790 0.007010
11 0.744678 0.533130 0.010207 0.007463
11 0.685185 0.533130 0.010207 0.007463
11 0.576553 0.533130 0.010499 0.007463
11 0.636191 0.532904 0.010207 0.007463
11 0.341936 0.532451 0.010790 0.007010
12 0.431467 0.526798 0.010207 0.007463
11 0.314232 0.526572 0.010207 0.007915
11 0.274570 0.523632 0.010207 0.007010
11 0.205453 0.514134 0.010790 0.007010
11 0.242782 0.513908 0.010790 0.007010
11 0.172353 0.511194 0.010499 0.007463
11 0.679936 0.467775 0.010790 0.007010
12 0.703995 0.460764 0.010499 0.007915
11 0.733450 0.457372 0.009915 0.007463
12 0.852289 0.451493 0.010790 0.007010
12 0.754739 0.451266 0.010499 0.007463
11 0.828667 0.445047 0.010207 0.006784
11 0.788714 0.445047 0.010790 0.007237
12 0.812773 0.441995 0.010499 0.007463
12 0.516623 0.439281 0.010207 0.007010
12 0.457714 0.436341 0.010207 0.007915
12 0.482794 0.433175 0.010207 0.007463
12 0.394721 0.429783 0.010790 0.007010
11 0.621027 0.429557 0.009624 0.007915
17 0.553077 0.429331 0.011374 0.007463
11 0.592738 0.429331 0.010207 0.007915
12 0.421843 0.426617 0.010207 0.007915
12 0.335229 0.423677 0.009624 0.007463
12 0.212161 0.423451 0.010790 0.007463
12 0.230242 0.420737 0.010790 0.007915
12 0.352435 0.420511 0.010207 0.007915
12 0.171916 0.420285 0.010790 0.008367
12 0.264946 0.417797 0.010207 0.007915
12 0.293234 0.413727 0.010790 0.007915
12 0.520706 0.379127 0.010207 0.007010
12 0.493730 0.375961 0.010499 0.007010
12 0.563867 0.369629 0.010207 0.007463
12 0.460192 0.369855 0.011082 0.007915
12 0.406095 0.367142 0.010790 0.006558
12 0.581948 0.363523 0.010790 0.007463
12 0.441528 0.363523 0.010499 0.007915
12 0.378973 0.363523 0.010790 0.007915
12 0.616506 0.357417 0.011082 0.007463
12 0.345873 0.356965 0.011082 0.007010
12 0.290610 0.356965 0.011374 0.007463
12 0.325605 0.353799 0.010790 0.007915
12 0.260134 0.353573 0.010499 0.007915
12 0.859143 0.350407 0.010499 0.007463
12 0.739137 0.350181 0.010207 0.007463
12 0.686060 0.349729 0.010207 0.007010
12 0.807670 0.349729 0.010790 0.007463
12 0.224847 0.347919 0.010499 0.007010
12 0.824730 0.347015 0.010499 0.007463
12 0.704724 0.347241 0.010207 0.007915
12 0.171916 0.347241 0.010790 0.007915
12 0.767717 0.347015 0.010207 0.007915
12 0.646107 0.347015 0.010790 0.008367
12 0.206766 0.344301 0.009915 0.007463
12 0.672645 0.331637 0.010207 0.007915
12 0.690143 0.324853 0.010790 0.007915
12 0.707641 0.318747 0.010790 0.007010
12 0.724264 0.312189 0.010207 0.007463
12 0.651210 0.309475 0.010499 0.007463
12 0.741178 0.309023 0.010207 0.007463
12 0.611403 0.306309 0.010207 0.007463
12 0.765967 0.305857 0.010790 0.007010
12 0.321814 0.302917 0.010207 0.007463
12 0.262759 0.300430 0.010499 0.007463
12 0.491543 0.297490 0.010207 0.007463
12 0.289443 0.297038 0.010790 0.007010
12 0.339895 0.297038 0.010207 0.007463
12 0.560076 0.297038 0.010790 0.007915
12 0.808545 0.296359 0.010790 0.007463
12 0.440507 0.294324 0.010207 0.007010
12 0.525080 0.291158 0.010207 0.007010
12 0.373141 0.291158 0.010790 0.007915
12 0.577136 0.290706 0.010499 0.007463
12 0.222368 0.290932 0.010207 0.007915
12 0.171187 0.290706 0.010499 0.007915
12 0.825168 0.290027 0.010790 0.007463
12 0.206037 0.287313 0.010207 0.007463
12 0.858268 0.283921 0.010499 0.007463
12 0.401429 0.281886 0.010207 0.007915
12 0.458005 0.281434 0.010207 0.008367
12 0.171187 0.259272 0.010499 0.008367
12 0.629046 0.252488 0.010499 0.007463
12 0.210994 0.252261 0.010207 0.007010
12 0.537037 0.249095 0.010207 0.007010
12 0.473170 0.246156 0.010790 0.007463
12 0.235054 0.242990 0.010499 0.007010
12 0.495917 0.242990 0.010790 0.007915
12 0.433217 0.239937 0.010207 0.006784
12 0.570866 0.239824 0.010207 0.007010
12 0.756926 0.238693 0.010207 0.007463
12 0.403033 0.237336 0.010499 0.007463
12 0.277486 0.236884 0.010207 0.007915
12 0.804316 0.232587 0.009915 0.006558
12 0.368183 0.231004 0.010790 0.007010
12 0.314232 0.231004 0.011374 0.007463
12 0.823126 0.229421 0.010790 0.007463
12 0.350831 0.228064 0.011082 0.007463
12 0.858705 0.226481 0.010207 0.007463
12 0.807962 0.188489 0.010790 0.007010
12 0.853164 0.182384 0.010207 0.007010
17 0.320064 0.181253 0.011374 0.007463
11 0.365267 0.181027 0.009624 0.007463
12 0.742491 0.179557 0.010499 0.007689
12 0.702683 0.176730 0.010207 0.007915
12 0.785214 0.175825 0.010790 0.007463
12 0.386993 0.174469 0.010499 0.007010
12 0.556722 0.174016 0.010499 0.007010
11 0.410470 0.171303 0.010207 0.007463
12 0.595801 0.171076 0.010499 0.007915
12 0.660980 0.170624 0.010790 0.007915
12 0.432342 0.168137 0.010790 0.007463
12 0.638816 0.167458 0.010790 0.006558
12 0.521726 0.164858 0.010499 0.007689
12 0.467629 0.164971 0.011374 0.007915
12 0.504083 0.162031 0.010790 0.007010
1 0.167250 0.163614 0.022456 0.045907
4 0.187810 0.152759 0.009915 0.018318
4 0.792943 0.232813 0.009332 0.019222
4 0.513269 0.291158 0.009915 0.018770
1 0.122922 0.235075 0.022456 0.046359
4 0.144649 0.290706 0.009915 0.018770
4 0.143774 0.223994 0.009332 0.018318
4 0.428696 0.295002 0.008749 0.019222
4 0.201079 0.424129 0.009041 0.018318
4 0.251823 0.300204 0.008457 0.019674
4 0.639399 0.309475 0.009041 0.018770
3 0.722805 0.458051 0.007874 0.020127
1 0.124380 0.373700 0.023039 0.045907
4 0.471566 0.433627 0.009332 0.019222
4 0.662292 0.332090 0.008749 0.018318
4 0.813211 0.588761 0.009041 0.019222
1 0.122339 0.301787 0.022456 0.045907
4 0.144940 0.363071 0.009332 0.018770
1 0.123505 0.512551 0.022456 0.045907
3 0.360455 0.536522 0.006999 0.019674
4 0.531059 0.598711 0.008749 0.018318
5 0.194372 0.510968 0.009041 0.015604
4 0.613882 0.598485 0.008749 0.018770
4 0.382765 0.430461 0.009624 0.018318
4 0.796296 0.351085 0.009624 0.018770
3 0.667833 0.468001 0.007582 0.019674
5 0.472733 0.533808 0.008166 0.015152
1 0.123797 0.724446 0.021872 0.045907
4 0.272528 0.577001 0.009041 0.019222
3 0.240741 0.579715 0.007291 0.019674
5 0.442840 0.723994 0.007874 0.015604
4 0.322689 0.423903 0.008457 0.019222
4 0.674395 0.351764 0.008457 0.018770
4 0.461213 0.595545 0.008457 0.019222
4 0.145669 0.647784 0.009624 0.018318
4 0.144794 0.579715 0.009041 0.018770
4 0.144794 0.436115 0.009041 0.018318
1 0.124089 0.658639 0.022456 0.045907
3 0.222076 0.780755 0.007291 0.020127
5 0.337270 0.723768 0.007874 0.015604
3 0.263488 0.524084 0.007291 0.020127
1 0.123797 0.590344 0.023039 0.045907
5 0.203412 0.657508 0.008457 0.015604
3 0.523622 0.714609 0.007291 0.019900
3 0.602362 0.714270 0.007291 0.020127
5 0.769175 0.788896 0.008457 0.015604
3 0.322397 0.580167 0.007291 0.019674
3 0.199329 0.714270 0.007291 0.019674
5 0.705016 0.789123 0.008457 0.015604
4 0.505687 0.878675 0.009332 0.018770
3 0.447507 0.858096 0.006707 0.018770
1 0.124380 0.446970 0.023039 0.045907
5 0.282444 0.868498 0.007874 0.016056
5 0.847623 0.723089 0.007874 0.016056
4 0.320647 0.789801 0.008457 0.019222
4 0.516040 0.543758 0.009041 0.017413
3 0.162146 0.601877 0.006999 0.019674
3 0.168416 0.792628 0.007291 0.020353
1 0.124672 0.858548 0.022456 0.046359
3 0.851414 0.588987 0.007291 0.019222
3 0.477544 0.726820 0.007291 0.020353
3 0.243949 0.868272 0.006707 0.019674
5 0.583990 0.834125 0.008457 0.015604
4 0.250948 0.789801 0.009041 0.019222
5 0.645232 0.856287 0.009041 0.016056
4 0.375911 0.673338 0.008749 0.018318
5 0.584573 0.856061 0.007874 0.016056
5 0.336979 0.855834 0.008457 0.016508
1 0.123505 0.791949 0.022456 0.045681
5 0.215077 0.856400 0.008457 0.016282
4 0.145669 0.846563 0.009624 0.018770
4 0.145086 0.780755 0.009624 0.018318
3 0.372558 0.780529 0.007291 0.020127
5 0.740595 0.723315 0.008457 0.016056
4 0.347040 0.670398 0.009332 0.018770
5 0.645232 0.833446 0.008457 0.015604
4 0.145523 0.501696 0.009332 0.018318
5 0.604695 0.780077 0.008457 0.016056
5 0.166812 0.723202 0.006999 0.014925
4 0.145523 0.714156 0.008749 0.017639
3 0.440653 0.793080 0.006416 0.019448
3 0.464567 0.789914 0.006416 0.017639