10 0.836465 0.855165 0.014093 0.006356
7 0.263946 0.856867 0.012918 0.015664
7 0.172930 0.857094 0.012918 0.016118
7 0.784792 0.856640 0.012918 0.015664
8 0.764240 0.859818 0.015267 0.022020
8 0.379624 0.859137 0.015267 0.022474
6 0.807986 0.854143 0.011157 0.022474
8 0.439518 0.784449 0.015267 0.030193
8 0.607751 0.782406 0.014680 0.022020
9 0.622725 0.785471 0.016442 0.040863
10 0.239577 0.700114 0.014093 0.006356
7 0.433059 0.702724 0.012331 0.015664
7 0.195831 0.701816 0.012331 0.016118
7 0.287140 0.701589 0.012918 0.016572
6 0.214621 0.698638 0.011157 0.022474
10 0.238696 0.619296 0.013506 0.006356
7 0.298004 0.621112 0.012331 0.015891
6 0.205813 0.618502 0.011157 0.022928
10 0.262478 0.468104 0.013506 0.006356
7 0.199648 0.470488 0.013506 0.016572
7 0.378156 0.470261 0.012331 0.016572
6 0.228127 0.467310 0.010570 0.022020
8 0.533764 0.390579 0.014093 0.008400
7 0.473282 0.392849 0.012918 0.016118
7 0.594539 0.392168 0.012331 0.016118
6 0.502936 0.389557 0.011157 0.022701
7 0.224016 0.232350 0.012918 0.016118
13 0.421756 0.885698 0.010863 0.007946
11 0.237962 0.882860 0.010863 0.007264
12 0.237522 0.860272 0.010570 0.007491
11 0.204786 0.882747 0.010276 0.007037
11 0.203905 0.860499 0.009689 0.007037
13 0.442014 0.882633 0.011450 0.007264
12 0.331914 0.881839 0.010863 0.007491
12 0.331327 0.862997 0.010863 0.007491
11 0.340722 0.860045 0.010863 0.007491
17 0.294334 0.881839 0.010863 0.007491
11 0.293746 0.863224 0.010863 0.007491
11 0.304022 0.860045 0.010863 0.007491
13 0.486348 0.879796 0.010863 0.008854
13 0.460217 0.879455 0.010276 0.008173
13 0.608779 0.875709 0.011450 0.007491
13 0.505138 0.875709 0.010863 0.007491
13 0.528920 0.875028 0.011450 0.007946
13 0.398268 0.872645 0.010863 0.007264
13 0.629918 0.872531 0.010276 0.007491
13 0.549765 0.872418 0.010863 0.007264
13 0.591456 0.869012 0.010863 0.007719
12 0.738550 0.866175 0.010276 0.007037
13 0.655167 0.865721 0.010276 0.006583
13 0.697152 0.862770 0.010863 0.007491
13 0.673371 0.860045 0.010276 0.007037
13 0.567821 0.859705 0.010570 0.007264
12 0.415003 0.805562 0.010276 0.007491
13 0.378009 0.802838 0.010276 0.007491
13 0.226806 0.798865 0.010863 0.007264
13 0.201703 0.798865 0.011157 0.007264
11 0.172343 0.798865 0.011157 0.007264
13 0.242660 0.795800 0.010863 0.007491
13 0.363623 0.795687 0.010863 0.007719
13 0.854228 0.792849 0.011450 0.007491
12 0.576483 0.792168 0.010276 0.007491
12 0.538021 0.792168 0.010863 0.007491
13 0.299618 0.788763 0.009689 0.007491
13 0.841456 0.786493 0.010570 0.007491
13 0.348649 0.785925 0.010276 0.007264
13 0.314885 0.785925 0.010863 0.007264
12 0.557399 0.785812 0.010863 0.007491
12 0.495156 0.785925 0.010863 0.007719
12 0.275250 0.782860 0.010276 0.007037
13 0.257046 0.782974 0.010276 0.007264
11 0.465208 0.782860 0.010863 0.007491
13 0.333089 0.782860 0.010863 0.007491
12 0.518056 0.782633 0.010863 0.007491
13 0.826336 0.780363 0.009689 0.007037
13 0.811950 0.777185 0.010276 0.007037
13 0.766295 0.776958 0.011157 0.007491
13 0.794921 0.773439 0.011450 0.007719
13 0.751762 0.773439 0.010863 0.007719
13 0.735614 0.773326 0.011450 0.007491
12 0.638579 0.770488 0.011157 0.006810
13 0.780681 0.770488 0.010570 0.007264
13 0.698180 0.770488 0.010570 0.007264
13 0.713447 0.766969 0.010570 0.007491
12 0.661920 0.761862 0.010863 0.006810
13 0.683940 0.761067 0.010276 0.007037
13 0.853494 0.719296 0.010570 0.007491
12 0.172490 0.717594 0.010863 0.007264
12 0.172490 0.724858 0.010863 0.007264
13 0.688638 0.715323 0.010863 0.007264
13 0.663975 0.715210 0.010863 0.007037
11 0.631386 0.715210 0.010276 0.007037
13 0.837199 0.712486 0.010863 0.007491
13 0.705520 0.711805 0.010570 0.007037
12 0.586318 0.711578 0.010570 0.007037
13 0.764827 0.705789 0.010570 0.006810
11 0.386671 0.705108 0.011157 0.007264
13 0.819289 0.703065 0.011450 0.007719
13 0.783177 0.702951 0.010863 0.007491
11 0.358485 0.702270 0.010570 0.007037
12 0.336025 0.702270 0.010276 0.007037
13 0.802554 0.699659 0.010863 0.007264
12 0.742513 0.699432 0.010570 0.006810
13 0.723136 0.699205 0.010570 0.007264
13 0.530241 0.698865 0.010570 0.007037
12 0.565179 0.695914 0.010570 0.007491
12 0.505432 0.695914 0.010863 0.007491
12 0.483705 0.692736 0.010863 0.007037
13 0.546389 0.692509 0.010570 0.007037
11 0.455520 0.689444 0.010863 0.007719
11 0.310188 0.685698 0.010276 0.007491
12 0.576923 0.644381 0.010570 0.007946
12 0.576189 0.630760 0.010276 0.007037
11 0.172930 0.644268 0.010570 0.007719
11 0.172343 0.631215 0.010570 0.007037
12 0.363329 0.643473 0.010863 0.008400
11 0.323693 0.643133 0.010276 0.007719
12 0.667499 0.637457 0.010863 0.006810
12 0.667058 0.621680 0.009982 0.007037
12 0.749706 0.637457 0.010276 0.007264
12 0.749119 0.621907 0.009689 0.007037
12 0.461832 0.637230 0.010570 0.006810
12 0.638139 0.634506 0.010863 0.007264
12 0.637551 0.618502 0.010863 0.007037
18 0.829272 0.633825 0.014974 0.006356
18 0.829272 0.640182 0.014974 0.006356
13 0.724163 0.634506 0.010276 0.007719
13 0.724457 0.618275 0.010863 0.007037
13 0.388432 0.634052 0.010570 0.007719
12 0.774075 0.631215 0.010276 0.006583
12 0.436142 0.630988 0.010863 0.007037
18 0.436142 0.643814 0.010863 0.008173
11 0.606283 0.630760 0.010570 0.007037
11 0.605255 0.615096 0.010863 0.007491
13 0.414122 0.627923 0.010276 0.007264
18 0.513652 0.627582 0.014386 0.007037
18 0.513946 0.643473 0.013799 0.007946
13 0.697446 0.628263 0.010863 0.007491
18 0.707134 0.624858 0.010863 0.007491
11 0.838667 0.569580 0.010863 0.007719
11 0.838080 0.554143 0.010863 0.006810
11 0.803288 0.569580 0.010570 0.007719
12 0.355402 0.567877 0.010863 0.007946
17 0.764680 0.566969 0.012038 0.007037
18 0.699794 0.566629 0.014974 0.008173
12 0.330299 0.564132 0.009982 0.007719
13 0.620229 0.563678 0.010863 0.007264
13 0.637258 0.560613 0.010863 0.007491
13 0.591897 0.560613 0.010570 0.007491
11 0.400029 0.560386 0.010863 0.007491
11 0.398855 0.538252 0.010863 0.007719
11 0.400029 0.567877 0.010863 0.007491
12 0.304756 0.560499 0.010570 0.007719
12 0.433500 0.560386 0.010863 0.008400
12 0.433206 0.538479 0.010276 0.007264
13 0.570023 0.556981 0.010276 0.007491
13 0.542278 0.556981 0.011157 0.007491
12 0.228420 0.554484 0.010570 0.007037
13 0.655314 0.554030 0.010570 0.007037
13 0.516882 0.554030 0.009689 0.007037
12 0.198914 0.551532 0.010276 0.007491
12 0.280241 0.551192 0.010863 0.007719
13 0.497798 0.550965 0.010276 0.008173
12 0.254404 0.548127 0.010863 0.007037
13 0.477393 0.547900 0.010570 0.007037
13 0.457722 0.544949 0.011157 0.007491
12 0.172490 0.541884 0.010276 0.007264
12 0.810482 0.470829 0.010863 0.007264
12 0.172490 0.470488 0.010276 0.007037
12 0.777452 0.467196 0.010570 0.007264
12 0.840722 0.464359 0.010276 0.007037
12 0.645479 0.464018 0.010863 0.007719
12 0.570757 0.460840 0.010570 0.006810
11 0.708896 0.460726 0.010863 0.007037
12 0.675719 0.458002 0.010276 0.007491
12 0.748092 0.457775 0.010570 0.007491
12 0.599383 0.457548 0.010276 0.007491
12 0.495890 0.451078 0.010570 0.007264
13 0.522901 0.447900 0.010570 0.007264
12 0.465796 0.447900 0.010863 0.007719
12 0.436729 0.444495 0.010276 0.007264
13 0.546242 0.444608 0.010863 0.007946
12 0.407076 0.440863 0.010863 0.008173
13 0.374486 0.399659 0.010863 0.007491
12 0.201262 0.396368 0.010863 0.006810
13 0.397827 0.396141 0.011157 0.006810
12 0.171462 0.393530 0.011157 0.007491
13 0.328391 0.393190 0.010276 0.007264
13 0.775543 0.392963 0.010863 0.007719
12 0.443188 0.392963 0.010863 0.007719
11 0.291691 0.393190 0.010863 0.008173
13 0.841603 0.389898 0.011450 0.007037
12 0.261157 0.390011 0.010863 0.007719
13 0.352173 0.389784 0.010863 0.007719
12 0.804610 0.386720 0.010276 0.007037
12 0.231210 0.386720 0.010863 0.007491
13 0.749413 0.386379 0.010276 0.007264
12 0.718291 0.380023 0.010276 0.007264
12 0.686289 0.376617 0.010863 0.007264
12 0.655755 0.373780 0.010863 0.007037
12 0.625954 0.370375 0.011157 0.007491
13 0.276424 0.340863 0.010863 0.007491
13 0.276130 0.325085 0.010276 0.007719
12 0.197739 0.340863 0.010863 0.007491
12 0.196858 0.324972 0.010276 0.007491
13 0.293746 0.340863 0.011450 0.007946
13 0.293159 0.324858 0.010276 0.007719
12 0.368614 0.337911 0.010863 0.007491
12 0.368027 0.321680 0.010863 0.007719
12 0.724310 0.337457 0.009982 0.007491
13 0.311216 0.334733 0.011157 0.007491
13 0.310775 0.318615 0.010276 0.007037
13 0.258955 0.334620 0.011157 0.007719
13 0.258514 0.318729 0.010276 0.006810
13 0.240018 0.334052 0.010863 0.007491
13 0.239724 0.318729 0.010276 0.006810
11 0.674251 0.333598 0.011450 0.007491
12 0.645479 0.333598 0.010276 0.007491
12 0.617880 0.331101 0.010276 0.007037
12 0.597328 0.328036 0.010276 0.007264
13 0.222695 0.328263 0.010863 0.007719
13 0.221814 0.312486 0.009689 0.007037
12 0.418820 0.324972 0.010276 0.007037
12 0.576923 0.324745 0.010570 0.007037
12 0.533030 0.321680 0.010863 0.007264
12 0.393277 0.321680 0.010863 0.007719
12 0.484292 0.318615 0.010863 0.007037
12 0.511304 0.318388 0.010863 0.007037
12 0.461979 0.315664 0.010863 0.007491
12 0.845713 0.312486 0.010276 0.006583
12 0.439812 0.312259 0.011157 0.007037
11 0.815326 0.309194 0.010570 0.007264
12 0.794627 0.306016 0.010276 0.007264
12 0.773928 0.302724 0.009982 0.007037
12 0.751908 0.299432 0.010570 0.006810
18 0.322519 0.261635 0.012038 0.007491
12 0.321051 0.238706 0.010276 0.007037
18 0.469612 0.261521 0.011450 0.008173
12 0.469319 0.235301 0.010863 0.007491
13 0.690840 0.257662 0.011157 0.007264
13 0.690546 0.241430 0.010570 0.007491
12 0.618908 0.257889 0.010570 0.007719
12 0.618174 0.241430 0.010276 0.007491
13 0.707722 0.257321 0.010863 0.007037
13 0.706988 0.241203 0.010570 0.007491
13 0.583529 0.254938 0.011450 0.008173
13 0.583235 0.237911 0.010863 0.007719
13 0.828978 0.254597 0.011450 0.007946
13 0.828685 0.237911 0.010863 0.007264
13 0.797416 0.254597 0.010570 0.007946
13 0.797270 0.237911 0.010276 0.007264
12 0.739724 0.254824 0.011450 0.008400
12 0.738843 0.238025 0.010863 0.007491
13 0.552701 0.254711 0.010863 0.008627
13 0.552261 0.237911 0.010570 0.007719
13 0.674251 0.251192 0.010863 0.007946
13 0.673664 0.234847 0.010863 0.007037
13 0.657957 0.251305 0.010570 0.008173
13 0.657223 0.234847 0.010863 0.007037
13 0.723576 0.250851 0.010863 0.007719
13 0.722548 0.234620 0.011157 0.007037
13 0.568409 0.247787 0.010570 0.007491
13 0.567675 0.231555 0.010276 0.007719
13 0.536406 0.247900 0.011157 0.007719
13 0.536260 0.231669 0.010863 0.007946
12 0.515414 0.247900 0.010276 0.007719
12 0.514827 0.231669 0.010276 0.007946
13 0.812830 0.247560 0.010863 0.007491
13 0.812830 0.231442 0.010863 0.007946
13 0.781415 0.247673 0.011450 0.007719
13 0.781268 0.231442 0.011157 0.007946
12 0.759982 0.247673 0.010863 0.007719
12 0.759689 0.231442 0.010276 0.007946
12 0.274662 0.245289 0.010276 0.007946
13 0.641809 0.244722 0.011157 0.007719
13 0.641368 0.228263 0.010863 0.007491
12 0.297857 0.241771 0.009689 0.007719
13 0.360834 0.235528 0.010570 0.007037
12 0.248385 0.232350 0.010570 0.007491
18 0.249119 0.261180 0.010863 0.007946
12 0.405608 0.232350 0.010276 0.007946
12 0.378597 0.232350 0.010276 0.007946
12 0.495302 0.232123 0.011157 0.007946
18 0.495743 0.260840 0.010863 0.008173
13 0.343365 0.229171 0.010276 0.007037
11 0.442308 0.228944 0.010863 0.007491
18 0.443482 0.261067 0.010863 0.008173
11 0.430270 0.195006 0.006753 0.004994
1 0.149883 0.230988 0.022607 0.046538
4 0.565326 0.325653 0.009689 0.017934
5 0.483999 0.228717 0.008514 0.016118
4 0.606136 0.241203 0.009689 0.019750
4 0.216236 0.554711 0.008514 0.019296
3 0.696858 0.460726 0.007927 0.019296
5 0.557399 0.553802 0.008514 0.015664
3 0.394157 0.232577 0.007340 0.020204
4 0.607604 0.563791 0.009102 0.018388
3 0.662801 0.333825 0.007340 0.019750
5 0.402965 0.802157 0.008514 0.016118
4 0.518350 0.699092 0.009689 0.019296
1 0.110540 0.314302 0.023194 0.046084
1 0.112302 0.699773 0.022020 0.046084
1 0.112595 0.468899 0.022020 0.045630
3 0.407369 0.324518 0.007340 0.019750
5 0.500734 0.314642 0.008514 0.015891
3 0.763799 0.303178 0.007340 0.019750
3 0.531856 0.557435 0.007927 0.020204
5 0.193335 0.856640 0.008514 0.015664
3 0.798738 0.470715 0.007340 0.019750
4 0.643423 0.866175 0.010276 0.019296
4 0.409718 0.886606 0.010276 0.019750
5 0.498385 0.624291 0.008514 0.015891
5 0.685115 0.624631 0.008514 0.015664
4 0.186289 0.325199 0.009102 0.018842
4 0.215062 0.799432 0.008514 0.018388
3 0.472548 0.693417 0.007340 0.020204
5 0.650470 0.759024 0.007927 0.013848
5 0.401497 0.623950 0.008514 0.015664
3 0.580887 0.868899 0.007340 0.020204
3 0.282590 0.859818 0.008514 0.019296
4 0.288462 0.789330 0.008514 0.018615
3 0.677481 0.715664 0.007340 0.020658
3 0.475338 0.878888 0.007634 0.020658
4 0.726806 0.865948 0.009102 0.018388
4 0.517469 0.875255 0.009689 0.019296
1 0.111421 0.391714 0.022607 0.045630
3 0.686289 0.862543 0.006753 0.018388
1 0.112302 0.856413 0.022607 0.046084
5 0.454345 0.778774 0.009102 0.015664
1 0.113183 0.620318 0.022607 0.046084
1 0.113183 0.543587 0.022020 0.046084
1 0.114357 0.779682 0.022020 0.046084
5 0.192748 0.879796 0.008514 0.016572
3 0.283030 0.882520 0.008221 0.020204
5 0.620229 0.711578 0.007927 0.016118
4 0.634028 0.334733 0.008514 0.019750
5 0.724750 0.770148 0.008514 0.015664
3 0.262772 0.245403 0.005872 0.019523
4 0.287728 0.241657 0.008808 0.018842
5 0.135349 0.466969 0.008221 0.014983
5 0.143277 0.456527 0.007634 0.014983
5 0.135056 0.390011 0.008221 0.015437
5 0.142983 0.379342 0.007634 0.014983
5 0.169407 0.229285 0.008221 0.015437
5 0.177041 0.219069 0.008221 0.014983
5 0.134175 0.312372 0.008808 0.014529
5 0.141515 0.301930 0.008221 0.014529
5 0.135349 0.854030 0.008221 0.014529
5 0.143277 0.844041 0.007634 0.014529
5 0.135937 0.541657 0.008221 0.015437
5 0.142689 0.531215 0.007634 0.014529
5 0.135937 0.698524 0.007634 0.014983
5 0.142983 0.688536 0.007634 0.014983
5 0.135937 0.618388 0.007634 0.014529
5 0.143864 0.608400 0.007046 0.014529
5 0.135643 0.776617 0.007634 0.014983
5 0.144157 0.767083 0.007046 0.014983