7 0.176102 0.864510 0.013131 0.016738
7 0.528451 0.863040 0.013423 0.015607
7 0.648381 0.863266 0.012839 0.015607
10 0.818208 0.858855 0.012839 0.006333
7 0.348993 0.790658 0.012839 0.014703
7 0.175810 0.790771 0.012547 0.015834
8 0.519842 0.793146 0.015465 0.021488
10 0.829880 0.708211 0.014006 0.005881
7 0.769186 0.709907 0.012839 0.015607
6 0.795156 0.708550 0.011088 0.023298
10 0.394222 0.628365 0.013423 0.006333
7 0.440327 0.630061 0.012256 0.015607
6 0.367960 0.629382 0.011088 0.023750
10 0.437409 0.570459 0.009921 0.004976
7 0.175664 0.557001 0.012839 0.015607
10 0.833674 0.473762 0.013423 0.006107
7 0.543332 0.475345 0.012839 0.015607
7 0.782900 0.475684 0.013423 0.015834
6 0.805953 0.474440 0.010505 0.023750
9 0.592063 0.460077 0.014590 0.031667
7 0.228042 0.247342 0.013715 0.016512
13 0.333090 0.876612 0.010213 0.007012
13 0.364021 0.876612 0.010213 0.007464
13 0.478115 0.876159 0.010797 0.007464
13 0.421068 0.873332 0.009921 0.006786
13 0.389991 0.873219 0.009629 0.007012
12 0.261015 0.870618 0.010797 0.007691
13 0.447476 0.869939 0.010213 0.007238
11 0.212868 0.867677 0.010213 0.006786
12 0.296907 0.867338 0.010213 0.007012
12 0.613219 0.853992 0.009629 0.007012
12 0.612635 0.843587 0.010797 0.007012
11 0.565071 0.853879 0.010213 0.007238
11 0.564780 0.843927 0.010797 0.007238
12 0.732857 0.847093 0.010797 0.006786
12 0.732857 0.853879 0.010797 0.006786
11 0.684418 0.846980 0.010797 0.007012
11 0.684418 0.853992 0.010797 0.007012
13 0.848264 0.802873 0.011088 0.007464
13 0.827546 0.796313 0.010505 0.007464
13 0.762037 0.792920 0.010213 0.007464
11 0.476656 0.790093 0.010797 0.007238
13 0.807704 0.789867 0.010505 0.007238
13 0.695798 0.789867 0.010213 0.007238
11 0.444850 0.787152 0.010213 0.007238
13 0.423840 0.787152 0.010213 0.007238
13 0.781733 0.786813 0.011088 0.007012
13 0.715932 0.786700 0.010797 0.007238
11 0.304640 0.784099 0.011088 0.007012
13 0.735775 0.783420 0.010797 0.007464
13 0.669536 0.783420 0.010213 0.007464
13 0.251970 0.781158 0.010797 0.007012
12 0.556901 0.780706 0.010213 0.006560
11 0.272687 0.781158 0.010213 0.007464
13 0.623869 0.780480 0.010505 0.006560
13 0.644004 0.777087 0.010505 0.007464
12 0.577035 0.770866 0.010797 0.006786
13 0.604173 0.770640 0.010213 0.006786
13 0.404289 0.770753 0.010797 0.007464
11 0.372483 0.768039 0.010213 0.007464
13 0.231544 0.765325 0.010797 0.007012
11 0.200029 0.762158 0.010797 0.007464
12 0.612781 0.735241 0.010505 0.007464
12 0.236650 0.732866 0.009921 0.007238
12 0.236504 0.720086 0.009629 0.007012
11 0.504669 0.729247 0.010213 0.007238
12 0.448060 0.726193 0.010213 0.007464
11 0.541144 0.725854 0.010797 0.007691
13 0.695506 0.722913 0.010213 0.007238
12 0.583163 0.722687 0.010797 0.007238
12 0.737526 0.719634 0.010213 0.006560
13 0.672162 0.719407 0.010213 0.007012
18 0.178582 0.717485 0.014006 0.006786
18 0.178144 0.732866 0.014298 0.007691
12 0.642982 0.716354 0.010797 0.007238
13 0.372337 0.713753 0.010505 0.006560
12 0.419025 0.710360 0.010505 0.007464
12 0.342136 0.710360 0.010797 0.007464
13 0.395535 0.707306 0.010797 0.007238
12 0.312081 0.707193 0.010797 0.007012
11 0.272396 0.704139 0.010797 0.007238
17 0.234316 0.659692 0.011672 0.007464
17 0.234024 0.643406 0.011672 0.007464
12 0.764371 0.652454 0.010797 0.007917
11 0.729647 0.652115 0.010797 0.007691
12 0.303181 0.649287 0.009921 0.007917
11 0.269478 0.646573 0.010213 0.007012
11 0.340093 0.646347 0.010213 0.007012
11 0.340093 0.653359 0.010213 0.007012
12 0.848264 0.646234 0.011088 0.007238
12 0.704698 0.645895 0.011088 0.007012
12 0.704698 0.652907 0.011088 0.007012
12 0.514736 0.646234 0.010505 0.007691
12 0.514882 0.630174 0.009046 0.007238
12 0.582725 0.646234 0.011088 0.008143
12 0.582871 0.630287 0.009629 0.007012
18 0.178728 0.643633 0.013715 0.007464
18 0.178144 0.659466 0.014298 0.007464
18 0.656697 0.649627 0.014298 0.006786
18 0.656697 0.642841 0.014298 0.006786
13 0.565217 0.643067 0.010505 0.007238
13 0.565071 0.626894 0.010213 0.007464
12 0.490079 0.643067 0.010797 0.007238
12 0.489495 0.626894 0.009629 0.007464
13 0.787132 0.643067 0.010797 0.007691
11 0.461045 0.640240 0.009921 0.007012
11 0.460899 0.623954 0.009629 0.007012
12 0.825649 0.639448 0.010797 0.006786
11 0.825357 0.652680 0.010797 0.007917
12 0.605924 0.639674 0.010213 0.007238
13 0.809600 0.636508 0.010213 0.007238
13 0.543186 0.636394 0.010797 0.007464
18 0.551940 0.633680 0.010797 0.007464
12 0.598774 0.572269 0.010505 0.007238
11 0.598629 0.556435 0.010797 0.007238
11 0.598191 0.540375 0.009921 0.006786
12 0.560111 0.562656 0.010797 0.007464
13 0.750073 0.562316 0.010213 0.007691
12 0.536913 0.559263 0.010505 0.006560
13 0.768165 0.559150 0.010213 0.006786
13 0.816020 0.559036 0.010213 0.007012
13 0.834111 0.556096 0.010213 0.007012
12 0.484972 0.556322 0.009921 0.007464
13 0.798366 0.555983 0.010505 0.007238
13 0.634958 0.556096 0.010505 0.007464
13 0.634520 0.540036 0.010213 0.007012
12 0.514444 0.556209 0.010505 0.007691
12 0.456522 0.553382 0.010213 0.007012
12 0.433470 0.549989 0.010797 0.007012
13 0.852203 0.549649 0.010213 0.007691
13 0.671287 0.549423 0.010213 0.007238
12 0.381967 0.547048 0.009921 0.007012
13 0.713598 0.546709 0.009629 0.006786
12 0.410563 0.546935 0.010505 0.007238
13 0.688941 0.546596 0.009921 0.007012
12 0.342428 0.543429 0.010797 0.007464
13 0.653195 0.543316 0.010213 0.007691
13 0.731398 0.542977 0.010213 0.007464
12 0.319667 0.540602 0.010797 0.007238
12 0.296615 0.537435 0.010213 0.007691
12 0.268019 0.537322 0.010213 0.007917
12 0.244966 0.534608 0.010213 0.007917
12 0.222206 0.531102 0.010213 0.007238
12 0.199154 0.528161 0.010797 0.007238
12 0.760870 0.469351 0.010797 0.007238
11 0.503793 0.469125 0.010213 0.007238
11 0.471987 0.466184 0.009629 0.007238
12 0.400642 0.466184 0.010505 0.007238
12 0.376568 0.466184 0.010213 0.007238
12 0.701050 0.465845 0.010213 0.007012
13 0.453458 0.466071 0.010505 0.007464
11 0.334549 0.466071 0.010213 0.007464
12 0.725124 0.462452 0.011088 0.007464
12 0.425007 0.459625 0.010213 0.007238
12 0.640356 0.456345 0.010797 0.007012
12 0.273563 0.456345 0.010213 0.007464
12 0.176539 0.453517 0.009921 0.007238
12 0.616282 0.453517 0.010505 0.007691
12 0.249052 0.453291 0.010213 0.007238
13 0.664575 0.453404 0.010213 0.007917
13 0.296907 0.453178 0.010213 0.007464
13 0.315582 0.449898 0.010213 0.006786
12 0.224978 0.450011 0.010505 0.007012
13 0.682375 0.450011 0.010797 0.007464
12 0.591625 0.450011 0.010213 0.007464
12 0.567698 0.447071 0.011380 0.007012
12 0.200613 0.446505 0.010213 0.007691
12 0.354392 0.411219 0.010213 0.007238
12 0.287423 0.408279 0.009921 0.007238
11 0.314707 0.408052 0.010213 0.007238
13 0.588853 0.407826 0.009921 0.007238
11 0.176393 0.405112 0.010213 0.007238
13 0.629268 0.404660 0.010213 0.006786
13 0.605778 0.404546 0.009921 0.006560
12 0.259265 0.404660 0.010213 0.006786
12 0.204114 0.401832 0.010797 0.007012
12 0.231835 0.401832 0.010213 0.007464
13 0.646776 0.401606 0.010213 0.007464
13 0.692588 0.398439 0.009629 0.007012
13 0.669244 0.398326 0.010213 0.007238
12 0.560694 0.395273 0.010797 0.007464
13 0.487744 0.395159 0.010797 0.007238
13 0.713598 0.394933 0.010797 0.007238
13 0.730668 0.391653 0.011088 0.007012
13 0.532098 0.391880 0.010797 0.007464
13 0.748322 0.388939 0.010797 0.007464
13 0.470674 0.388826 0.011088 0.007238
12 0.505252 0.388713 0.010213 0.007464
13 0.795302 0.385772 0.010213 0.007012
13 0.771666 0.385546 0.009629 0.007012
13 0.818646 0.382719 0.010213 0.007238
12 0.448643 0.382380 0.010213 0.007464
13 0.835279 0.379891 0.010797 0.007464
12 0.427050 0.379439 0.010213 0.007012
13 0.852787 0.376385 0.010797 0.007691
12 0.405165 0.376159 0.010797 0.007238
12 0.383280 0.373219 0.010213 0.007691
12 0.283776 0.337706 0.010213 0.007238
12 0.283776 0.315200 0.009629 0.007464
17 0.213452 0.337480 0.009629 0.006786
11 0.213452 0.314748 0.010213 0.007464
12 0.189233 0.337706 0.010213 0.007238
12 0.188941 0.315200 0.010213 0.007464
13 0.614094 0.333861 0.010213 0.007238
12 0.725270 0.330581 0.010797 0.007012
13 0.637438 0.330581 0.010213 0.007012
12 0.845783 0.327980 0.011380 0.007691
12 0.696090 0.327754 0.010797 0.007691
12 0.520718 0.327641 0.011380 0.007464
12 0.668952 0.327528 0.010213 0.007691
12 0.822439 0.324700 0.010213 0.007012
12 0.794135 0.324700 0.010797 0.007012
12 0.474613 0.324474 0.010213 0.007012
13 0.591334 0.324135 0.010213 0.007238
12 0.771228 0.321420 0.010505 0.007238
13 0.573534 0.321081 0.010797 0.007464
11 0.543916 0.320968 0.011088 0.007691
12 0.451415 0.321081 0.010505 0.007917
12 0.747884 0.318141 0.010505 0.007012
12 0.417275 0.318141 0.011088 0.007464
11 0.382842 0.315087 0.010505 0.007238
12 0.497374 0.314635 0.010797 0.007238
12 0.359644 0.311807 0.010797 0.007464
12 0.336884 0.308641 0.010797 0.007464
12 0.313248 0.305474 0.010213 0.007012
12 0.807266 0.263176 0.010213 0.007012
11 0.807558 0.240783 0.010213 0.007464
12 0.779691 0.263063 0.011088 0.007238
12 0.779837 0.240783 0.010797 0.007012
17 0.740735 0.263063 0.010213 0.007238
11 0.741027 0.240896 0.010213 0.007238
17 0.658156 0.262950 0.010797 0.007012
11 0.658448 0.240783 0.010213 0.007012
11 0.713014 0.262950 0.010797 0.007464
12 0.713306 0.240670 0.010797 0.007238
12 0.630435 0.253676 0.010213 0.007012
12 0.630727 0.240556 0.010213 0.007012
11 0.567260 0.253563 0.011088 0.007238
12 0.567698 0.237616 0.010213 0.007012
12 0.417858 0.247455 0.011088 0.007238
12 0.418004 0.231283 0.010797 0.007464
12 0.347534 0.247342 0.010505 0.007012
12 0.347242 0.231283 0.010505 0.007464
12 0.285819 0.244289 0.010213 0.006786
13 0.611905 0.237616 0.011088 0.007464
13 0.541436 0.237616 0.010213 0.007464
12 0.496207 0.237503 0.010797 0.007691
11 0.496498 0.253449 0.010797 0.007012
13 0.380070 0.234562 0.009629 0.007238
12 0.379486 0.250735 0.010213 0.007012
12 0.450978 0.234223 0.010213 0.007012
12 0.450686 0.250509 0.010213 0.007012
13 0.522323 0.231056 0.010505 0.007012
13 0.592501 0.231056 0.010797 0.007464
12 0.318062 0.228455 0.010505 0.007238
12 0.318208 0.244176 0.009629 0.007012
13 0.398453 0.228342 0.010213 0.007464
11 0.253137 0.225062 0.010213 0.007691
11 0.253575 0.263289 0.009921 0.007238
12 0.253429 0.240896 0.010797 0.007691
1 0.111614 0.320855 0.021885 0.045917
1 0.147505 0.246437 0.022469 0.045917
3 0.249052 0.404546 0.007295 0.020131
3 0.714473 0.330129 0.007879 0.018774
3 0.306682 0.243949 0.008170 0.019679
3 0.485702 0.237164 0.007295 0.019679
4 0.165597 0.404773 0.008462 0.019679
5 0.165451 0.713753 0.008754 0.016060
5 0.760578 0.382606 0.008462 0.015607
5 0.303327 0.404773 0.008462 0.015607
1 0.112197 0.395046 0.021885 0.045917
1 0.112781 0.555870 0.021885 0.045465
5 0.556317 0.234675 0.008462 0.015607
4 0.274584 0.244628 0.009338 0.019226
4 0.619055 0.404320 0.008462 0.018774
3 0.370732 0.546822 0.007879 0.020131
3 0.276481 0.407939 0.007295 0.019226
5 0.399621 0.543655 0.008462 0.015607
5 0.466735 0.872993 0.009046 0.015607
4 0.368982 0.234675 0.009629 0.018322
4 0.492705 0.729134 0.009629 0.018322
5 0.201488 0.864623 0.008462 0.016060
3 0.702509 0.546822 0.007295 0.019679
5 0.565363 0.768039 0.008462 0.015607
3 0.353224 0.876385 0.007295 0.020131
5 0.811059 0.321307 0.008462 0.015607
3 0.165451 0.643406 0.007587 0.020131
5 0.796615 0.787718 0.008170 0.013798
3 0.751094 0.792920 0.008170 0.019226
3 0.572221 0.722574 0.007587 0.019679
3 0.577911 0.407713 0.007879 0.019679
5 0.658156 0.780480 0.008462 0.015155
5 0.796761 0.632775 0.011380 0.016060
1 0.112781 0.864397 0.022469 0.046370
5 0.220455 0.398213 0.008462 0.016060
5 0.502918 0.553268 0.008462 0.015834
5 0.532098 0.633228 0.008462 0.016060
1 0.112781 0.790206 0.022469 0.046370
1 0.113219 0.710360 0.022177 0.045917
1 0.112781 0.475119 0.021885 0.045917
5 0.551940 0.841325 0.008462 0.015607
1 0.113364 0.630287 0.021885 0.046822
5 0.285089 0.534608 0.008170 0.015607
3 0.473738 0.556322 0.007295 0.020131
5 0.222644 0.639900 0.008754 0.016286
3 0.684272 0.789867 0.007587 0.020357
4 0.409834 0.873445 0.008462 0.018774
3 0.784214 0.385546 0.006711 0.019226
3 0.807704 0.382493 0.006420 0.019000
3 0.603151 0.333861 0.006420 0.019453
4 0.626495 0.330694 0.008754 0.018548
3 0.681938 0.397874 0.006420 0.018548
5 0.658594 0.395386 0.007587 0.014476
5 0.437409 0.247455 0.007587 0.014929
3 0.439743 0.233658 0.007003 0.018095
5 0.136271 0.553268 0.007587 0.014929
5 0.143566 0.543316 0.008170 0.014929
5 0.135687 0.627686 0.007587 0.015381
5 0.143858 0.617507 0.007587 0.014929
5 0.135979 0.787831 0.008170 0.015381
5 0.143858 0.778105 0.007587 0.014929
5 0.136563 0.862248 0.008170 0.014929
5 0.144149 0.852070 0.007003 0.015381
5 0.171141 0.244062 0.008462 0.015381
5 0.178874 0.234110 0.007003 0.014929
5 0.136271 0.707532 0.007587 0.014929
5 0.143858 0.697806 0.007587 0.014476
5 0.135395 0.318480 0.007003 0.014929
5 0.142982 0.308301 0.007587 0.015381
5 0.135687 0.392445 0.007587 0.014476
5 0.143420 0.382945 0.007879 0.014476
5 0.135687 0.472744 0.007587 0.014929
5 0.143274 0.462791 0.007587 0.014929