10 0.836176 0.854091 0.013529 0.006364
7 0.676765 0.856023 0.012353 0.015682
7 0.540000 0.856250 0.012941 0.016136
7 0.498824 0.856250 0.012941 0.016136
7 0.619118 0.855795 0.012353 0.016136
7 0.580294 0.855795 0.013529 0.016136
6 0.812059 0.852841 0.011176 0.022955
6 0.745000 0.852386 0.011176 0.022045
6 0.695882 0.852614 0.011765 0.022500
9 0.275000 0.849886 0.012353 0.028864
7 0.200294 0.773295 0.012353 0.016591
8 0.537647 0.777614 0.015294 0.026136
6 0.226765 0.770568 0.010000 0.022045
7 0.607647 0.695114 0.012941 0.015682
6 0.629706 0.692386 0.011176 0.022955
10 0.509706 0.606136 0.008824 0.002273
8 0.286176 0.364659 0.014706 0.026591
7 0.305882 0.363523 0.012941 0.016136
7 0.195294 0.363523 0.012941 0.016136
7 0.388235 0.362386 0.012941 0.015682
7 0.168235 0.291250 0.012941 0.016136
9 0.811176 0.283182 0.015294 0.041818
8 0.703529 0.278750 0.014118 0.027500
7 0.622941 0.278068 0.012941 0.016136
8 0.559412 0.285455 0.015294 0.038182
7 0.747353 0.277841 0.013529 0.016591
7 0.718235 0.277386 0.012941 0.016591
7 0.574706 0.277159 0.012941 0.016136
7 0.825588 0.277159 0.012353 0.017045
10 0.699706 0.203182 0.013529 0.006364
7 0.657647 0.209432 0.012941 0.025227
10 0.794706 0.200000 0.014118 0.006364
10 0.261765 0.125682 0.012941 0.005909
7 0.197059 0.128295 0.012941 0.015682
7 0.390000 0.127386 0.012941 0.016591
10 0.328529 0.123182 0.013529 0.006364
6 0.226471 0.125114 0.010588 0.023864
6 0.778529 0.123977 0.011176 0.022500
17 0.788971 0.885341 0.010882 0.007955
11 0.788971 0.871932 0.010882 0.007500
11 0.788676 0.849659 0.010294 0.007500
11 0.788971 0.839432 0.010882 0.007955
11 0.719412 0.871705 0.010588 0.007045
11 0.719265 0.849432 0.010294 0.007045
12 0.600588 0.859205 0.009412 0.006591
12 0.600147 0.836705 0.010882 0.007045
12 0.658382 0.849659 0.009706 0.007500
12 0.657794 0.827727 0.010882 0.008182
12 0.518529 0.849659 0.010000 0.007500
12 0.517941 0.827386 0.011176 0.008409
13 0.340147 0.843977 0.010882 0.007955
13 0.354559 0.843750 0.010294 0.008409
13 0.275147 0.841023 0.010294 0.007500
13 0.258971 0.841250 0.010882 0.007955
13 0.224265 0.841250 0.010882 0.007955
13 0.204559 0.841023 0.010294 0.007500
13 0.190735 0.841250 0.010882 0.007955
13 0.170882 0.841250 0.010588 0.007955
13 0.311176 0.840795 0.011176 0.007955
13 0.294559 0.840795 0.010294 0.007955
13 0.238676 0.840795 0.010294 0.007955
12 0.559853 0.839886 0.010294 0.007045
13 0.410294 0.838068 0.010588 0.007955
13 0.425441 0.837614 0.010882 0.007955
13 0.390735 0.834205 0.010882 0.008409
13 0.374265 0.834432 0.010882 0.008864
12 0.477206 0.827614 0.010882 0.007955
13 0.443676 0.827841 0.010882 0.008409
18 0.559265 0.817841 0.010294 0.007500
11 0.170441 0.802955 0.010294 0.008182
12 0.169412 0.789432 0.010588 0.007955
12 0.513088 0.801250 0.010882 0.007955
12 0.512500 0.788750 0.010882 0.007500
13 0.475441 0.797841 0.009706 0.007500
13 0.457794 0.791932 0.010882 0.007500
13 0.438676 0.789205 0.010294 0.007500
13 0.263382 0.789205 0.010294 0.007500
13 0.559853 0.788750 0.010294 0.007500
13 0.289853 0.786023 0.010294 0.007500
13 0.608235 0.785341 0.011176 0.007955
13 0.588529 0.785341 0.010588 0.007955
13 0.315735 0.782841 0.010294 0.006591
13 0.808088 0.766477 0.010294 0.007500
13 0.422353 0.782614 0.010588 0.007045
13 0.653971 0.782159 0.010294 0.007045
13 0.637794 0.782159 0.010882 0.007045
13 0.332794 0.779432 0.010294 0.007045
13 0.696618 0.778977 0.010882 0.007955
13 0.676324 0.778750 0.010294 0.007500
13 0.403676 0.776477 0.010882 0.007500
13 0.350147 0.776477 0.010882 0.007500
13 0.737794 0.776023 0.010882 0.007500
13 0.719118 0.776023 0.010588 0.007500
13 0.366912 0.773295 0.010294 0.007500
13 0.782353 0.772614 0.011176 0.007955
13 0.762059 0.772614 0.011176 0.007955
13 0.386618 0.770114 0.010882 0.006591
13 0.827206 0.766477 0.010882 0.007500
13 0.854265 0.756705 0.010882 0.007955
13 0.855441 0.720795 0.010882 0.007045
13 0.838235 0.713977 0.011765 0.007955
13 0.491618 0.711477 0.010294 0.007500
13 0.187206 0.711477 0.010882 0.007500
13 0.661912 0.711023 0.010882 0.007500
13 0.413676 0.711023 0.010882 0.007500
13 0.821912 0.710568 0.010882 0.007500
13 0.210441 0.708750 0.010294 0.007500
13 0.475441 0.708295 0.010882 0.007500
13 0.436618 0.708295 0.010882 0.007500
13 0.688382 0.707386 0.010882 0.007500
13 0.807206 0.704432 0.010882 0.007045
13 0.711618 0.704432 0.010294 0.007045
13 0.460147 0.704659 0.010882 0.007500
13 0.235441 0.704886 0.010882 0.007955
13 0.250735 0.702159 0.010882 0.007955
13 0.726618 0.701250 0.010882 0.007955
13 0.266029 0.698977 0.010882 0.007045
13 0.791471 0.698068 0.010588 0.007045
13 0.742500 0.698068 0.010882 0.007045
13 0.282206 0.696023 0.011471 0.008409
13 0.170294 0.695795 0.010588 0.007955
13 0.757206 0.695114 0.010882 0.007500
13 0.320441 0.692386 0.010294 0.007500
13 0.297353 0.692386 0.011176 0.007500
13 0.774853 0.691477 0.010882 0.007500
13 0.396618 0.689205 0.010882 0.007500
13 0.336324 0.689432 0.010294 0.007955
13 0.381029 0.686250 0.010294 0.007045
13 0.359853 0.683068 0.010294 0.007955
11 0.513824 0.682614 0.010588 0.007955
12 0.584853 0.679205 0.010882 0.007500
13 0.588235 0.624659 0.011176 0.007500
13 0.852647 0.624205 0.010588 0.007500
13 0.816029 0.624205 0.010882 0.007500
13 0.625441 0.624432 0.010882 0.007955
13 0.606618 0.621250 0.010882 0.007045
13 0.473824 0.621250 0.011176 0.007045
13 0.834118 0.620795 0.010588 0.007045
13 0.739559 0.621023 0.010882 0.007500
13 0.703088 0.620795 0.010882 0.007045
13 0.512059 0.621023 0.011176 0.007500
13 0.417794 0.618523 0.010882 0.007045
13 0.720735 0.618068 0.010882 0.007045
13 0.644853 0.618295 0.010882 0.007500
13 0.492647 0.618295 0.011176 0.007500
13 0.453676 0.618523 0.010882 0.007955
13 0.683824 0.618068 0.011765 0.007955
13 0.664265 0.614886 0.010882 0.007045
13 0.435441 0.614886 0.010882 0.007045
13 0.380441 0.615114 0.010294 0.007500
13 0.342647 0.615114 0.010588 0.007500
13 0.568971 0.611932 0.010882 0.007500
13 0.532500 0.611932 0.010882 0.007500
13 0.361618 0.611932 0.010294 0.007500
13 0.322500 0.611932 0.010882 0.007500
13 0.284265 0.611932 0.010882 0.007500
13 0.264265 0.611932 0.010882 0.007500
13 0.797059 0.611477 0.010588 0.007500
13 0.759559 0.611477 0.010882 0.007500
13 0.207206 0.611932 0.010882 0.008409
13 0.170147 0.611932 0.010882 0.008409
13 0.550588 0.608523 0.011176 0.007045
13 0.303235 0.608523 0.011176 0.007045
13 0.246029 0.608750 0.010882 0.007500
13 0.189706 0.608523 0.011176 0.007045
13 0.778971 0.608068 0.010882 0.007045
13 0.227353 0.605341 0.010588 0.007955
13 0.412500 0.556250 0.010882 0.007045
13 0.437794 0.553068 0.010882 0.007955
13 0.464706 0.549659 0.010588 0.007500
12 0.648824 0.546932 0.011176 0.007500
13 0.482500 0.547159 0.010882 0.007955
13 0.373971 0.546932 0.011471 0.007500
13 0.337206 0.546932 0.010882 0.007500
13 0.613676 0.543523 0.010882 0.007045
13 0.574853 0.543523 0.010882 0.007045
13 0.500735 0.543523 0.010882 0.007045
13 0.262206 0.543523 0.010294 0.007045
13 0.225441 0.543750 0.010882 0.007500
13 0.356471 0.543295 0.011176 0.007500
13 0.594853 0.540795 0.010882 0.007955
13 0.244265 0.540795 0.010882 0.007955
13 0.206618 0.540795 0.010882 0.007955
13 0.556912 0.540568 0.011471 0.008409
13 0.519559 0.540341 0.010882 0.007955
13 0.394265 0.540341 0.010882 0.007955
13 0.170147 0.540568 0.010882 0.008409
13 0.188529 0.536932 0.011176 0.007500
13 0.539265 0.534432 0.011471 0.007955
13 0.318382 0.534205 0.010882 0.007500
13 0.281324 0.534205 0.010882 0.007500
13 0.852647 0.530568 0.010588 0.007500
13 0.814412 0.530568 0.011176 0.007500
13 0.300441 0.530568 0.010294 0.007500
13 0.832794 0.527386 0.011471 0.007500
13 0.794265 0.527727 0.010882 0.008182
13 0.759118 0.527386 0.010588 0.007500
13 0.776912 0.523750 0.010294 0.007500
13 0.733676 0.523750 0.010882 0.007500
13 0.696029 0.523750 0.010882 0.007500
13 0.676029 0.523977 0.010882 0.007955
13 0.714559 0.521250 0.010294 0.007955
13 0.278088 0.478068 0.010294 0.007045
12 0.169853 0.478295 0.010294 0.007500
12 0.169412 0.462159 0.010000 0.007045
13 0.356029 0.468750 0.010882 0.007500
13 0.298382 0.468750 0.010882 0.007500
12 0.198529 0.468523 0.010588 0.007955
12 0.375735 0.465568 0.010294 0.006591
12 0.223824 0.465341 0.010588 0.007045
13 0.316912 0.462386 0.011471 0.007500
13 0.854853 0.459205 0.010882 0.007500
13 0.819853 0.459205 0.011471 0.007500
13 0.837059 0.456477 0.010588 0.007500
13 0.799706 0.456477 0.010588 0.007500
12 0.448382 0.456250 0.010882 0.007045
13 0.763824 0.456023 0.011176 0.007500
13 0.652500 0.456023 0.010882 0.007500
12 0.402500 0.456023 0.010882 0.007500
13 0.336618 0.456023 0.010882 0.007500
12 0.249265 0.456023 0.010294 0.007500
13 0.743971 0.455795 0.010294 0.007955
13 0.687794 0.455795 0.010882 0.007955
13 0.725441 0.452841 0.010882 0.006591
13 0.671176 0.453068 0.011176 0.007045
13 0.633676 0.453068 0.010882 0.007045
13 0.597794 0.453068 0.010882 0.007045
13 0.782500 0.452614 0.010882 0.007045
13 0.615735 0.449659 0.010294 0.007500
13 0.577059 0.449659 0.010588 0.007500
13 0.540147 0.449886 0.010882 0.007955
13 0.707794 0.449432 0.010882 0.007955
13 0.558676 0.446477 0.010294 0.007500
13 0.513235 0.446477 0.010588 0.007500
13 0.475882 0.446477 0.010588 0.007500
13 0.494559 0.443295 0.010294 0.007500
11 0.641618 0.392841 0.011471 0.007500
12 0.641324 0.376705 0.010882 0.007045
12 0.577059 0.392841 0.011176 0.007500
12 0.577206 0.373523 0.010882 0.007045
12 0.773088 0.389659 0.010882 0.007500
13 0.773088 0.373068 0.010882 0.007045
12 0.527794 0.389432 0.010882 0.007955
13 0.527647 0.373295 0.010588 0.007500
13 0.306029 0.386250 0.010882 0.007045
13 0.286912 0.386250 0.010294 0.007045
11 0.196029 0.386250 0.010882 0.007045
12 0.745147 0.386023 0.010882 0.007500
12 0.744853 0.370341 0.010882 0.007955
12 0.467206 0.383295 0.010882 0.007500
12 0.467059 0.367159 0.011176 0.007045
12 0.386912 0.383295 0.010294 0.007500
12 0.714706 0.383068 0.011176 0.007955
12 0.714412 0.366932 0.011176 0.007500
12 0.444265 0.380114 0.010882 0.007500
12 0.443676 0.363977 0.010882 0.007045
13 0.263088 0.379886 0.010882 0.007045
12 0.262941 0.370568 0.010588 0.007500
13 0.242794 0.379886 0.010294 0.007045
13 0.793676 0.379659 0.010882 0.007500
13 0.553676 0.379659 0.010882 0.007500
13 0.325000 0.379659 0.010588 0.007500
13 0.225441 0.373750 0.010882 0.007500
12 0.214265 0.370341 0.010882 0.007955
12 0.818529 0.373295 0.011176 0.007500
11 0.818824 0.392386 0.011176 0.007500
13 0.850588 0.370341 0.011176 0.007955
13 0.603235 0.370341 0.011176 0.007955
12 0.496471 0.370114 0.010588 0.007500
11 0.496912 0.386250 0.010294 0.007045
12 0.690294 0.363977 0.011176 0.007045
12 0.691324 0.379886 0.010882 0.007955
12 0.664853 0.360341 0.010882 0.007045
12 0.665735 0.383295 0.011471 0.007500
12 0.412500 0.360568 0.010882 0.007500
12 0.412647 0.383295 0.010588 0.007500
13 0.702500 0.300341 0.010882 0.007045
11 0.623088 0.300341 0.010882 0.007045
13 0.717500 0.300114 0.011471 0.007500
13 0.588529 0.297841 0.010588 0.007500
13 0.559265 0.297841 0.010294 0.007500
11 0.441029 0.297841 0.010294 0.007500
12 0.440735 0.281477 0.010882 0.007500
11 0.382059 0.297841 0.010588 0.007500
12 0.381912 0.281705 0.010294 0.007045
13 0.838235 0.297386 0.010588 0.007500
13 0.810294 0.297386 0.011176 0.007500
12 0.747794 0.297159 0.010882 0.007045
13 0.665441 0.294432 0.010882 0.007045
13 0.731324 0.293977 0.010882 0.007045
12 0.258971 0.291477 0.010882 0.007500
12 0.258676 0.274886 0.011471 0.007955
13 0.573971 0.291250 0.010294 0.007955
13 0.824853 0.290795 0.010882 0.007955
12 0.237647 0.288068 0.010588 0.007045
12 0.237059 0.271932 0.011176 0.007500
12 0.214265 0.288068 0.010882 0.007045
12 0.641765 0.285000 0.010588 0.007273
13 0.651471 0.287500 0.010588 0.007273
12 0.535735 0.284773 0.010294 0.006818
13 0.535735 0.291591 0.010294 0.006818
12 0.513676 0.284773 0.010882 0.006818
12 0.513676 0.291591 0.010882 0.006818
13 0.789265 0.291477 0.011471 0.007045
12 0.789265 0.284432 0.011471 0.007045
12 0.767206 0.291136 0.010882 0.006818
12 0.767206 0.284318 0.010882 0.006818
12 0.682353 0.284432 0.010588 0.007045
13 0.682647 0.294432 0.011176 0.007045
12 0.492647 0.284659 0.010588 0.007500
12 0.492059 0.297614 0.010588 0.007045
13 0.416471 0.281932 0.010588 0.007500
13 0.475735 0.281705 0.010294 0.007955
12 0.343676 0.278295 0.010882 0.007500
12 0.344412 0.294432 0.011176 0.007045
13 0.283676 0.278295 0.010882 0.007500
13 0.283676 0.294432 0.010882 0.007045
13 0.460441 0.275114 0.011471 0.007500
13 0.401618 0.275114 0.010294 0.007500
12 0.316029 0.274886 0.010882 0.007955
12 0.316029 0.291023 0.010882 0.007500
13 0.299265 0.272614 0.011471 0.007955
13 0.299559 0.288068 0.010882 0.007045
11 0.188235 0.268750 0.010588 0.008409
12 0.188824 0.285114 0.010588 0.007500
13 0.442794 0.234205 0.011471 0.008409
12 0.405441 0.233295 0.010882 0.008409
12 0.404559 0.211250 0.010294 0.007955
13 0.495588 0.230341 0.011176 0.007955
12 0.465441 0.230114 0.010882 0.007500
13 0.191324 0.229659 0.010882 0.006591
12 0.168971 0.229659 0.010882 0.006591
12 0.168824 0.214659 0.010588 0.007500
13 0.550588 0.227386 0.011176 0.008409
12 0.515882 0.227386 0.010588 0.008409
13 0.427206 0.227386 0.010882 0.008409
13 0.243676 0.227159 0.010882 0.007955
12 0.573676 0.226932 0.010882 0.008409
12 0.638088 0.223977 0.011471 0.007955
13 0.482647 0.223977 0.011176 0.007955
13 0.301618 0.221477 0.010294 0.007500
13 0.207206 0.221250 0.010882 0.007045
13 0.606029 0.221023 0.010882 0.007500
13 0.536029 0.221023 0.010882 0.007500
13 0.361324 0.221250 0.010882 0.007955
13 0.591176 0.218295 0.010588 0.007500
13 0.258971 0.217841 0.010882 0.007500
12 0.223676 0.217841 0.010882 0.007500
13 0.375735 0.214659 0.010294 0.007500
12 0.341912 0.214886 0.010882 0.007955
13 0.317206 0.214659 0.010882 0.007500
12 0.283088 0.214886 0.010882 0.007955
13 0.420147 0.155114 0.010882 0.007500
12 0.168382 0.150341 0.010882 0.007955
11 0.827794 0.149205 0.010882 0.007500
11 0.827206 0.133523 0.009706 0.007045
13 0.444265 0.149205 0.010882 0.007500
12 0.467353 0.140114 0.011176 0.007500
13 0.497206 0.133977 0.010882 0.007955
13 0.521471 0.127614 0.011176 0.007955
12 0.548235 0.118068 0.011176 0.007045
13 0.653824 0.111477 0.010588 0.007500
13 0.575441 0.111477 0.010882 0.007500
13 0.678235 0.104886 0.011176 0.007955
13 0.597647 0.104205 0.010588 0.008409
12 0.624559 0.095341 0.010294 0.007955
17 0.729706 0.095114 0.011765 0.008409
3 0.413971 0.226250 0.010882 0.021136
4 0.202794 0.288750 0.009706 0.018864
4 0.272794 0.278523 0.008529 0.018409
4 0.331618 0.214659 0.008529 0.019773
3 0.563382 0.226932 0.007353 0.017955
3 0.272794 0.214659 0.007353 0.019773
4 0.733382 0.386023 0.009706 0.019773
3 0.227500 0.288068 0.007353 0.019318
4 0.610735 0.300341 0.009118 0.019318
1 0.113676 0.125568 0.023235 0.046136
3 0.808088 0.373295 0.007353 0.019773
3 0.783971 0.379432 0.007353 0.018409
5 0.680735 0.377386 0.007941 0.015227
4 0.329559 0.843977 0.009118 0.019318
5 0.429853 0.278295 0.008529 0.016136
3 0.566618 0.373295 0.006765 0.019773
4 0.183971 0.386023 0.009706 0.018864
4 0.453088 0.549432 0.009118 0.019318
4 0.309853 0.692841 0.009706 0.018864
4 0.224265 0.704886 0.009118 0.019318
4 0.850735 0.295341 0.005588 0.016591
3 0.578676 0.785114 0.007353 0.019773
5 0.453971 0.227159 0.008529 0.015682
3 0.371618 0.281477 0.007353 0.019773
4 0.158088 0.214659 0.008529 0.018864
3 0.536912 0.685568 0.006176 0.014318
4 0.626618 0.781705 0.009118 0.018409
4 0.484853 0.386023 0.009118 0.018864
1 0.114853 0.539432 0.022059 0.045682
1 0.115735 0.772841 0.022647 0.046136
1 0.113382 0.203523 0.022647 0.046591
1 0.114559 0.375114 0.022647 0.046136
1 0.116324 0.695568 0.022647 0.046136
1 0.116618 0.856250 0.023235 0.045682
4 0.502794 0.683068 0.008529 0.018409
1 0.114853 0.289659 0.022059 0.046136
1 0.115735 0.460114 0.022647 0.045227
1 0.115735 0.616023 0.022647 0.046136
3 0.427500 0.553068 0.007353 0.020227
3 0.542206 0.379886 0.007353 0.019318
3 0.747500 0.527614 0.007353 0.020227
3 0.199559 0.708523 0.006765 0.020227
3 0.529265 0.450341 0.007353 0.020227
5 0.425882 0.705000 0.008235 0.015455
3 0.449706 0.704773 0.006471 0.018636
3 0.280000 0.785909 0.005882 0.019091
4 0.303529 0.783182 0.008235 0.018182
5 0.370294 0.682955 0.007647 0.015000
3 0.348529 0.683182 0.006471 0.020000
5 0.136176 0.692727 0.007647 0.015455
5 0.144412 0.682500 0.007647 0.015000
3 0.677647 0.707500 0.005882 0.019545
4 0.700588 0.704318 0.008235 0.018636
3 0.757353 0.389091 0.006471 0.019091
4 0.762353 0.373182 0.008235 0.019091
5 0.329412 0.290909 0.008235 0.015455
3 0.332059 0.278182 0.006471 0.019091
5 0.134118 0.123864 0.008235 0.015000
5 0.142059 0.114091 0.007647 0.014545
5 0.134412 0.201818 0.007647 0.015455
5 0.142059 0.192273 0.007647 0.015455
5 0.137059 0.854318 0.008235 0.015000
5 0.144706 0.843864 0.008235 0.015000
5 0.506176 0.223636 0.007647 0.015455
5 0.525882 0.217045 0.007059 0.014091
3 0.510294 0.389091 0.006471 0.019091
4 0.515294 0.373409 0.008235 0.019545
5 0.135588 0.615000 0.007647 0.015455
5 0.143235 0.604545 0.007647 0.014545
5 0.136176 0.537045 0.007647 0.015000
5 0.143529 0.527955 0.008235 0.015000
5 0.136471 0.770682 0.007059 0.015000
5 0.144412 0.761136 0.007647 0.015000
5 0.135294 0.373409 0.007059 0.015000
5 0.143235 0.363636 0.007647 0.014545
5 0.429118 0.375682 0.007647 0.015000
3 0.433235 0.363864 0.006471 0.019545
5 0.135588 0.458864 0.007647 0.015000
5 0.143529 0.448636 0.008235 0.014545
5 0.135294 0.287955 0.007059 0.015000
5 0.142647 0.278409 0.007647 0.015000