9 0.301671 0.870803 0.007036 0.022913
7 0.202287 0.730036 0.012313 0.014973
7 0.723248 0.669578 0.013486 0.016107
7 0.790970 0.669805 0.012899 0.016561
7 0.626796 0.669351 0.012899 0.016107
7 0.557021 0.673208 0.012899 0.024274
10 0.590736 0.664701 0.013486 0.005898
6 0.757256 0.666856 0.011140 0.022459
6 0.738786 0.666629 0.010554 0.022913
10 0.368514 0.652450 0.008795 0.003176
8 0.482556 0.601974 0.015245 0.026996
8 0.407505 0.604469 0.015245 0.024274
8 0.344767 0.603789 0.015245 0.022005
8 0.284667 0.610027 0.014658 0.034936
9 0.604955 0.594034 0.014952 0.034256
8 0.544562 0.603902 0.016124 0.034483
7 0.603928 0.538226 0.012313 0.019737
7 0.716799 0.539587 0.012899 0.016561
6 0.624743 0.536184 0.010554 0.022005
6 0.387863 0.476293 0.011140 0.022913
6 0.321313 0.476407 0.010554 0.022686
6 0.363823 0.476066 0.011140 0.022459
7 0.154940 0.412092 0.013193 0.015200
7 0.217092 0.412092 0.013193 0.015653
6 0.294928 0.409369 0.011727 0.022913
6 0.272354 0.408916 0.011140 0.022005
6 0.233949 0.408689 0.011727 0.022459
6 0.672823 0.408462 0.009968 0.023367
6 0.638229 0.408462 0.011140 0.022459
6 0.693492 0.408008 0.011434 0.022913
8 0.817649 0.359347 0.015245 0.034936
6 0.215186 0.149387 0.011140 0.023820
12 0.796834 0.895304 0.010554 0.007940
12 0.821020 0.888612 0.010847 0.007713
12 0.647757 0.884415 0.010261 0.007486
12 0.839343 0.883054 0.011140 0.007486
13 0.619613 0.881125 0.010261 0.008167
13 0.665347 0.877949 0.010261 0.007260
13 0.590296 0.878063 0.010261 0.007486
13 0.679713 0.872051 0.010847 0.007260
13 0.605394 0.871484 0.011140 0.007033
13 0.576517 0.871484 0.010847 0.007033
13 0.308267 0.870803 0.010261 0.007033
12 0.208883 0.870463 0.010847 0.007260
12 0.183670 0.870236 0.010847 0.007260
11 0.722076 0.869442 0.011140 0.007033
13 0.560539 0.868081 0.010554 0.007940
12 0.228232 0.867514 0.011434 0.007713
11 0.763559 0.866039 0.010261 0.006579
13 0.546907 0.864678 0.010847 0.007486
12 0.253591 0.864111 0.010554 0.007260
11 0.696130 0.862863 0.010261 0.007486
13 0.494137 0.861842 0.010847 0.007260
13 0.287013 0.861162 0.010554 0.007713
11 0.154940 0.860935 0.011434 0.007713
13 0.525506 0.858666 0.010261 0.007260
13 0.511140 0.855263 0.010847 0.007713
13 0.321753 0.855150 0.010847 0.007486
13 0.474494 0.851974 0.010261 0.007486
13 0.337291 0.851747 0.010261 0.007486
12 0.411023 0.848684 0.011140 0.007713
12 0.391527 0.848571 0.010847 0.007486
12 0.372471 0.848571 0.010261 0.007486
12 0.353269 0.848684 0.011140 0.007713
13 0.444884 0.848684 0.010847 0.008167
13 0.459543 0.845054 0.010847 0.008167
12 0.660070 0.823049 0.010847 0.008167
12 0.425828 0.821915 0.010261 0.007713
12 0.682938 0.819986 0.010847 0.007033
12 0.450454 0.818398 0.010261 0.007486
11 0.183377 0.818172 0.010847 0.007486
13 0.715773 0.816924 0.010847 0.007260
12 0.480651 0.816016 0.010847 0.007260
11 0.155966 0.815336 0.009968 0.007260
13 0.729698 0.810685 0.010554 0.006579
12 0.627822 0.810118 0.010847 0.006806
12 0.326297 0.809778 0.010554 0.007033
12 0.560246 0.809551 0.010554 0.007033
12 0.393286 0.809324 0.010847 0.007033
13 0.229258 0.809097 0.010554 0.007033
12 0.204632 0.809097 0.011140 0.007033
12 0.610818 0.806942 0.010847 0.006806
12 0.645119 0.806715 0.010261 0.007260
12 0.409997 0.806148 0.010261 0.007033
12 0.376869 0.806261 0.010847 0.007260
12 0.592641 0.803879 0.010847 0.007033
12 0.360305 0.803426 0.010554 0.007033
13 0.744503 0.801157 0.010847 0.007486
12 0.545001 0.800250 0.010554 0.007486
12 0.310613 0.800136 0.010847 0.007260
13 0.768543 0.798321 0.010847 0.007260
12 0.840223 0.795599 0.011140 0.007713
12 0.822486 0.795599 0.010847 0.007713
12 0.805482 0.795599 0.010847 0.007713
12 0.787306 0.795372 0.010847 0.007713
12 0.529024 0.794011 0.010261 0.007713
12 0.292143 0.793897 0.010261 0.007486
11 0.503518 0.787545 0.010847 0.007486
11 0.263119 0.787432 0.010847 0.007260
12 0.758868 0.765994 0.010847 0.007940
12 0.648050 0.765313 0.010847 0.007940
11 0.387716 0.765086 0.010847 0.008394
12 0.724274 0.762591 0.010847 0.007486
12 0.619613 0.762477 0.010261 0.007713
12 0.358399 0.761797 0.010847 0.007260
17 0.497801 0.761570 0.010554 0.007260
12 0.791410 0.760322 0.010261 0.008394
12 0.707271 0.759528 0.010847 0.007713
11 0.474787 0.758848 0.010261 0.007260
12 0.603489 0.758848 0.010847 0.007713
12 0.309880 0.758848 0.011140 0.008167
12 0.341689 0.758621 0.010261 0.008167
12 0.775579 0.756012 0.010261 0.007033
12 0.690853 0.756125 0.010261 0.007260
12 0.587071 0.755672 0.010847 0.007713
12 0.438581 0.755104 0.010554 0.007486
12 0.325858 0.755104 0.010261 0.007486
12 0.294782 0.754991 0.011434 0.007713
12 0.808414 0.753630 0.010261 0.007260
11 0.667106 0.752609 0.010261 0.007033
11 0.519936 0.752382 0.010261 0.007033
11 0.410583 0.752155 0.010847 0.007033
11 0.558341 0.752382 0.010847 0.007940
12 0.278071 0.752042 0.010847 0.007260
17 0.234096 0.751928 0.012020 0.007033
12 0.843008 0.750681 0.010847 0.007713
12 0.825711 0.747505 0.010847 0.006806
12 0.184550 0.708371 0.010261 0.007486
17 0.157872 0.708371 0.012020 0.007486
12 0.156699 0.693852 0.010847 0.007486
12 0.156406 0.678652 0.010847 0.007033
12 0.156552 0.662659 0.011140 0.007713
12 0.476546 0.688067 0.011434 0.007260
12 0.641601 0.685458 0.010847 0.007033
12 0.538405 0.685458 0.010847 0.007486
17 0.510847 0.685572 0.012020 0.007713
12 0.454119 0.681942 0.010554 0.007713
12 0.430959 0.681828 0.009968 0.007940
13 0.391381 0.678652 0.010554 0.007033
13 0.294195 0.678652 0.010847 0.007486
12 0.408824 0.675590 0.010261 0.007260
12 0.348432 0.675703 0.010261 0.007486
13 0.371006 0.672527 0.010847 0.007486
13 0.316476 0.672300 0.010847 0.007486
13 0.240252 0.666289 0.010847 0.007260
13 0.182938 0.665835 0.011140 0.007713
12 0.810173 0.664360 0.010847 0.007486
12 0.705218 0.663226 0.010847 0.007486
17 0.663295 0.663226 0.011434 0.007940
12 0.271328 0.662886 0.010847 0.007713
12 0.221489 0.662772 0.010847 0.008394
13 0.254911 0.659483 0.010847 0.007260
13 0.206245 0.659369 0.010847 0.007940
17 0.830108 0.642355 0.012020 0.007033
17 0.834506 0.626021 0.011434 0.007033
11 0.834359 0.607985 0.011140 0.007260
13 0.834359 0.591198 0.011140 0.006352
11 0.834359 0.597550 0.011140 0.006352
11 0.725447 0.623979 0.010261 0.007033
11 0.724861 0.608212 0.010261 0.007260
11 0.725007 0.591992 0.010554 0.007486
11 0.698476 0.624206 0.010261 0.007486
11 0.697889 0.608212 0.010261 0.007260
11 0.698036 0.591878 0.010554 0.007260
13 0.305629 0.622731 0.010261 0.007260
12 0.326151 0.619102 0.010261 0.007713
13 0.361331 0.617173 0.010261 0.007486
12 0.387423 0.613657 0.010847 0.007713
11 0.218264 0.610368 0.010261 0.007033
13 0.428760 0.610254 0.010847 0.007260
11 0.189680 0.610141 0.010554 0.007033
12 0.462474 0.607418 0.010847 0.007486
12 0.263999 0.607418 0.010847 0.007486
13 0.506450 0.600953 0.010847 0.007260
11 0.161096 0.600726 0.010847 0.007260
12 0.524626 0.598004 0.010847 0.006806
13 0.560686 0.594941 0.010261 0.007940
11 0.806948 0.591765 0.010847 0.006579
11 0.807241 0.626475 0.010847 0.007033
11 0.806948 0.608553 0.010261 0.007486
11 0.806948 0.598344 0.010847 0.006579
12 0.584286 0.591765 0.010554 0.007486
11 0.780709 0.591198 0.010554 0.006806
11 0.780856 0.626475 0.010847 0.007486
11 0.781003 0.608212 0.009968 0.007260
11 0.780709 0.598004 0.010554 0.006806
13 0.627822 0.588475 0.010261 0.007260
11 0.664614 0.585299 0.011140 0.007260
12 0.737174 0.568285 0.010847 0.008167
12 0.766198 0.562727 0.010261 0.007940
12 0.513486 0.536865 0.010261 0.007033
13 0.792143 0.552405 0.010554 0.007260
12 0.812372 0.546166 0.011140 0.007940
12 0.465699 0.527223 0.010847 0.007713
11 0.553650 0.542990 0.010847 0.006579
12 0.582527 0.540041 0.010554 0.007486
12 0.839050 0.539587 0.010554 0.007486
17 0.331135 0.537092 0.011434 0.007033
13 0.413955 0.536751 0.010554 0.007260
12 0.383612 0.536751 0.010847 0.007260
13 0.289211 0.533802 0.010847 0.007260
12 0.435210 0.533235 0.010847 0.007486
12 0.265465 0.530513 0.011434 0.007033
13 0.240838 0.527337 0.010261 0.007940
12 0.208590 0.523934 0.010261 0.007486
12 0.485488 0.521552 0.010554 0.007260
13 0.187628 0.520871 0.010554 0.007260
12 0.156992 0.517355 0.010261 0.008394
11 0.655673 0.497731 0.010261 0.007260
12 0.702873 0.495009 0.009675 0.006806
17 0.157285 0.491946 0.011434 0.007486
13 0.733656 0.488317 0.010261 0.007033
13 0.576224 0.485821 0.010847 0.007033
11 0.617561 0.485141 0.011434 0.007486
11 0.832454 0.483439 0.007329 0.006806
12 0.841102 0.465971 0.010554 0.007260
12 0.753884 0.481965 0.010847 0.007033
12 0.551305 0.481965 0.010261 0.007033
13 0.787746 0.479015 0.010554 0.007486
13 0.531369 0.478789 0.010261 0.007033
12 0.501612 0.479015 0.010554 0.007486
13 0.481237 0.475613 0.010847 0.007033
12 0.807974 0.472890 0.010554 0.007486
12 0.454999 0.472663 0.010554 0.007486
11 0.413955 0.472550 0.010554 0.007713
13 0.243770 0.469828 0.010847 0.007260
13 0.264878 0.466992 0.010847 0.007033
13 0.229112 0.463589 0.010847 0.007486
11 0.189680 0.463362 0.011140 0.007486
13 0.281149 0.461434 0.010554 0.006806
11 0.296541 0.454628 0.010847 0.007713
12 0.199941 0.436706 0.011140 0.007713
12 0.199502 0.421279 0.010261 0.006806
12 0.199355 0.405286 0.011140 0.007486
12 0.173996 0.436593 0.010847 0.007486
12 0.173703 0.418217 0.010847 0.007486
11 0.183377 0.415268 0.010847 0.007486
17 0.482117 0.436025 0.011434 0.007713
12 0.446643 0.433643 0.010847 0.007486
12 0.390062 0.433417 0.010261 0.007486
12 0.370419 0.430581 0.010847 0.007260
12 0.423483 0.430354 0.011434 0.007713
11 0.318675 0.427745 0.010554 0.007486
12 0.406626 0.427405 0.010554 0.007260
12 0.354295 0.427745 0.010261 0.007940
12 0.842568 0.420939 0.011140 0.007033
12 0.786133 0.420712 0.010847 0.007033
12 0.820727 0.417877 0.010847 0.007260
12 0.769862 0.417650 0.010554 0.007260
11 0.716066 0.414587 0.010261 0.006579
12 0.803430 0.414814 0.010261 0.007486
12 0.753152 0.414474 0.010554 0.007260
13 0.561859 0.414587 0.010261 0.007486
13 0.583260 0.411638 0.010847 0.007486
11 0.512460 0.408462 0.011140 0.007033
13 0.548226 0.408122 0.011140 0.007260
13 0.596892 0.405172 0.009968 0.007260
11 0.618734 0.398820 0.010847 0.007260
13 0.787159 0.378063 0.009968 0.007033
12 0.317502 0.375907 0.011140 0.007260
13 0.803283 0.375794 0.010554 0.007486
13 0.762240 0.375454 0.010554 0.007260
12 0.342275 0.369442 0.011434 0.007486
12 0.155526 0.366946 0.010847 0.007033
13 0.397098 0.366606 0.010847 0.007260
13 0.744503 0.366266 0.010261 0.007033
12 0.359572 0.363317 0.010847 0.007940
13 0.175315 0.360141 0.010554 0.007033
13 0.411463 0.359914 0.010261 0.007486
13 0.728965 0.359687 0.010847 0.007486
13 0.189241 0.353789 0.011434 0.007033
13 0.714453 0.353448 0.010554 0.006806
13 0.426415 0.353335 0.010847 0.007033
11 0.236148 0.350953 0.011434 0.007260
11 0.282175 0.347323 0.010847 0.007260
13 0.450748 0.346983 0.010261 0.007486
11 0.206831 0.344601 0.011434 0.007260
12 0.470976 0.344034 0.010847 0.007033
12 0.625183 0.343920 0.010847 0.007260
12 0.499414 0.343920 0.010261 0.007713
12 0.552184 0.340858 0.010261 0.007033
12 0.523454 0.340971 0.010261 0.007260
12 0.667693 0.340631 0.010261 0.007033
12 0.642187 0.340744 0.010847 0.007260
11 0.589417 0.337795 0.010847 0.007713
13 0.700088 0.337568 0.010554 0.007713
13 0.154647 0.305467 0.010847 0.007486
13 0.841982 0.300363 0.011140 0.007260
13 0.172237 0.298888 0.010847 0.007033
13 0.810466 0.297300 0.010261 0.007486
12 0.389182 0.292083 0.010847 0.007033
12 0.360012 0.292309 0.011140 0.007486
13 0.494870 0.291629 0.011140 0.007486
13 0.825711 0.290948 0.010261 0.006579
13 0.794928 0.290948 0.010847 0.007033
13 0.188361 0.289474 0.010261 0.007260
12 0.410437 0.288907 0.010554 0.007033
13 0.777924 0.287659 0.010847 0.007713
13 0.213134 0.286411 0.010554 0.007033
12 0.435943 0.285504 0.010554 0.006579
13 0.762240 0.284596 0.009968 0.007033
11 0.331574 0.283122 0.010554 0.007260
12 0.292729 0.283008 0.010261 0.007486
12 0.271914 0.283008 0.010847 0.007486
12 0.251539 0.283008 0.010554 0.007486
12 0.230871 0.283008 0.010847 0.007486
13 0.704632 0.281760 0.009675 0.006806
13 0.473322 0.282214 0.010261 0.007713
13 0.737760 0.278471 0.010261 0.007486
13 0.511580 0.275862 0.010554 0.006806
13 0.723395 0.275295 0.010847 0.007486
13 0.527851 0.272346 0.010261 0.007033
13 0.682058 0.272005 0.010261 0.007260
12 0.544562 0.269850 0.009675 0.007486
12 0.589710 0.269510 0.010847 0.007260
12 0.611697 0.269283 0.010261 0.007713
12 0.566843 0.269170 0.010847 0.007486
13 0.649223 0.268716 0.010261 0.007486
13 0.666520 0.264292 0.010847 0.007713
12 0.154647 0.246030 0.010847 0.008394
12 0.192466 0.240585 0.010261 0.007486
12 0.565670 0.238317 0.010847 0.007486
12 0.815597 0.238203 0.009968 0.008167
12 0.174582 0.237523 0.010847 0.007713
11 0.310613 0.235935 0.010847 0.007713
12 0.591176 0.235027 0.010261 0.007260
12 0.841102 0.233893 0.010554 0.007713
12 0.209909 0.233439 0.009968 0.007260
11 0.281003 0.233099 0.010261 0.007486
12 0.625476 0.231738 0.010847 0.007033
12 0.246702 0.229696 0.010847 0.007033
12 0.228819 0.226860 0.010261 0.006806
13 0.360012 0.226520 0.011140 0.006579
12 0.333480 0.226747 0.010847 0.007033
12 0.457490 0.226066 0.010261 0.007033
12 0.530343 0.225613 0.010554 0.007033
12 0.713281 0.225159 0.010554 0.007033
12 0.781882 0.224932 0.010554 0.007486
12 0.513632 0.222663 0.011140 0.007486
12 0.549252 0.222210 0.010847 0.007486
12 0.765465 0.221756 0.011140 0.007486
12 0.799033 0.221416 0.010847 0.007713
12 0.496335 0.219487 0.010554 0.007486
12 0.748168 0.218466 0.010554 0.007260
12 0.442832 0.216425 0.010847 0.007260
12 0.696423 0.215517 0.010261 0.007713
12 0.426121 0.209959 0.010261 0.007940
12 0.679420 0.209279 0.010261 0.007486
11 0.396511 0.204174 0.010847 0.007260
11 0.649809 0.202813 0.010847 0.007260
11 0.441659 0.178993 0.010847 0.008167
12 0.758868 0.177858 0.010847 0.007713
12 0.404573 0.176157 0.010554 0.007486
11 0.576371 0.175136 0.010554 0.007260
12 0.721196 0.174569 0.010554 0.007486
12 0.841835 0.174569 0.011434 0.007940
12 0.386837 0.173662 0.010261 0.007940
12 0.349604 0.173888 0.010847 0.008394
11 0.549399 0.172641 0.010554 0.007260
12 0.702873 0.172527 0.010261 0.007940
12 0.822486 0.171506 0.010261 0.007260
12 0.368074 0.170032 0.010261 0.007940
12 0.330548 0.169918 0.010261 0.007713
12 0.506157 0.169578 0.010847 0.007486
12 0.805189 0.168897 0.010847 0.007486
12 0.683817 0.168671 0.010847 0.007486
17 0.260188 0.167536 0.011434 0.007033
12 0.311785 0.167083 0.010261 0.007033
11 0.468484 0.166402 0.010554 0.006579
11 0.648490 0.165948 0.010554 0.007033
11 0.601143 0.166175 0.010847 0.007486
11 0.778804 0.165154 0.010847 0.007713
4 0.579742 0.234914 0.008502 0.018829
1 0.105394 0.289133 0.022574 0.045599
4 0.202433 0.286298 0.009088 0.019964
3 0.833040 0.420939 0.007329 0.019737
4 0.423776 0.284823 0.009675 0.017922
3 0.609059 0.399387 0.006743 0.019283
1 0.104661 0.216084 0.023454 0.045599
4 0.377162 0.291856 0.009088 0.019283
3 0.486221 0.290948 0.007916 0.017922
3 0.614043 0.344034 0.007329 0.020191
5 0.572120 0.408462 0.009088 0.015653
5 0.193052 0.654832 0.012606 0.017468
4 0.692612 0.281647 0.009088 0.018376
4 0.268983 0.347436 0.009088 0.019283
5 0.520522 0.475386 0.008502 0.015653
5 0.435503 0.430240 0.008502 0.015653
3 0.418792 0.610141 0.007916 0.019737
4 0.486514 0.344487 0.009088 0.018829
4 0.539871 0.341084 0.009088 0.018376
5 0.571826 0.536638 0.008502 0.016107
3 0.830108 0.466084 0.007329 0.020191
4 0.829229 0.234006 0.009088 0.018829
4 0.298886 0.236502 0.008502 0.018829
4 0.655966 0.341084 0.009088 0.018829
4 0.439314 0.347663 0.008502 0.018376
1 0.106274 0.349932 0.022574 0.046506
5 0.572706 0.588589 0.009088 0.015653
5 0.774406 0.475613 0.008502 0.015200
4 0.774700 0.377609 0.008502 0.018829
1 0.106567 0.599705 0.022574 0.046053
4 0.453093 0.527110 0.009088 0.019283
1 0.107153 0.478562 0.022574 0.045145
4 0.126502 0.204515 0.009088 0.018829
4 0.127382 0.338135 0.008502 0.018376
4 0.330255 0.369896 0.009675 0.019283
4 0.127968 0.466992 0.009088 0.018376
5 0.360451 0.668897 0.008502 0.015653
4 0.809000 0.888952 0.009088 0.019283
3 0.179273 0.609687 0.007329 0.018829
3 0.254031 0.466992 0.007916 0.019737
3 0.297567 0.870576 0.007622 0.019283
4 0.482703 0.861048 0.009088 0.015653
4 0.672090 0.819533 0.009088 0.018376
5 0.826590 0.536638 0.007916 0.016107
4 0.402082 0.536638 0.009088 0.019737
5 0.605834 0.481965 0.007916 0.015653
5 0.294782 0.619215 0.008502 0.015653
4 0.241425 0.866493 0.009675 0.021098
4 0.171944 0.818398 0.009088 0.017922
4 0.756816 0.798208 0.009675 0.019737
4 0.763412 0.595168 0.017004 0.026543
4 0.750660 0.283916 0.009088 0.018376
3 0.380094 0.433417 0.007916 0.019283
3 0.722809 0.488317 0.007329 0.019737
4 0.535620 0.864224 0.009968 0.016561
3 0.502639 0.536638 0.007329 0.019283
1 0.107446 0.735141 0.022574 0.045599
5 0.685136 0.588702 0.008209 0.015880
4 0.223248 0.351293 0.009088 0.018829
4 0.196423 0.870917 0.009381 0.018603
1 0.106860 0.539587 0.022574 0.045599
5 0.374524 0.610368 0.008502 0.015653
4 0.752565 0.866493 0.009968 0.019283
4 0.710056 0.869215 0.009381 0.018376
5 0.780563 0.549115 0.008502 0.016107
4 0.464966 0.688181 0.009381 0.019283
5 0.686456 0.620009 0.008502 0.015880
5 0.495309 0.597890 0.009675 0.015653
1 0.106274 0.799569 0.023160 0.045599
3 0.172237 0.665948 0.007329 0.019737
5 0.755057 0.558643 0.007916 0.016107
4 0.207124 0.609914 0.009088 0.018829
4 0.128262 0.787092 0.009675 0.018829
1 0.106714 0.865585 0.022281 0.046053
4 0.126796 0.277110 0.009088 0.018829
4 0.438141 0.819079 0.009088 0.018376
4 0.128262 0.854469 0.009675 0.018376
3 0.382732 0.678879 0.007329 0.020191
4 0.127968 0.723117 0.009675 0.018829
3 0.615655 0.589043 0.007036 0.020191
4 0.162709 0.138838 0.008209 0.017695
1 0.141601 0.149728 0.022281 0.044918
5 0.254471 0.526770 0.007622 0.015426
3 0.229258 0.527450 0.006450 0.019510
4 0.127529 0.526996 0.008209 0.018149
5 0.146291 0.514519 0.008209 0.014973
4 0.127529 0.656080 0.008795 0.017695
1 0.107593 0.666742 0.021695 0.045372
4 0.127529 0.399047 0.008209 0.018149
1 0.106714 0.409936 0.022281 0.045372
5 0.148930 0.597550 0.008209 0.014973
4 0.128262 0.588022 0.009088 0.017695
3 0.442832 0.681602 0.006743 0.019737
5 0.419672 0.678766 0.007329 0.014973
3 0.283934 0.678993 0.006743 0.019510
5 0.304896 0.668784 0.008209 0.015426