7 0.838795 0.864409 0.012288 0.016085
7 0.767700 0.863729 0.012873 0.015179
7 0.617320 0.863729 0.012873 0.015179
7 0.688414 0.865088 0.012288 0.018351
7 0.453774 0.863276 0.012288 0.014726
7 0.530866 0.864295 0.013166 0.020843
10 0.238444 0.792478 0.013458 0.005890
10 0.646870 0.792252 0.013458 0.006343
7 0.611176 0.794744 0.012288 0.015406
7 0.312463 0.794404 0.012873 0.015632
7 0.202750 0.794517 0.012288 0.016312
10 0.279403 0.790213 0.013458 0.006343
6 0.625219 0.792818 0.011118 0.022882
6 0.216501 0.793271 0.010532 0.023788
6 0.537303 0.793158 0.011410 0.023561
10 0.647747 0.707295 0.013458 0.005890
10 0.375658 0.707295 0.013458 0.005890
7 0.614980 0.709900 0.012288 0.015632
7 0.344353 0.709447 0.012873 0.015632
6 0.628730 0.708314 0.010532 0.023335
6 0.358104 0.708088 0.011118 0.023788
9 0.857665 0.626076 0.009070 0.036022
8 0.278818 0.554939 0.015799 0.033303
7 0.385898 0.557884 0.013458 0.015179
7 0.700995 0.557431 0.011703 0.015632
7 0.722352 0.401563 0.014043 0.022882
10 0.238151 0.324875 0.012873 0.005890
7 0.198947 0.326801 0.012873 0.016085
7 0.272674 0.326575 0.012873 0.016085
6 0.215623 0.325442 0.011118 0.023335
8 0.179637 0.118260 0.015214 0.033530
6 0.517262 0.105460 0.010532 0.023788
13 0.358982 0.876303 0.010532 0.007250
12 0.599620 0.872678 0.009655 0.006797
12 0.652575 0.872791 0.010240 0.007476
12 0.631510 0.872791 0.010240 0.007476
12 0.467671 0.872904 0.010240 0.007703
12 0.435635 0.872565 0.010532 0.007476
12 0.732738 0.869959 0.010240 0.007703
12 0.702458 0.869959 0.010532 0.007703
12 0.545494 0.869846 0.010240 0.007476
12 0.412522 0.869733 0.011118 0.007250
13 0.303248 0.869733 0.010240 0.007250
12 0.670421 0.869619 0.009655 0.007476
12 0.512727 0.869619 0.010240 0.007476
12 0.575922 0.869619 0.010240 0.007929
12 0.782475 0.866448 0.010240 0.005664
12 0.803248 0.866561 0.010825 0.006797
12 0.749707 0.866674 0.010240 0.007023
13 0.387215 0.866561 0.009655 0.006797
13 0.317730 0.866561 0.009947 0.007250
13 0.289497 0.866448 0.009655 0.007023
12 0.495173 0.866334 0.010240 0.007250
12 0.855910 0.864182 0.010825 0.007023
12 0.821094 0.863956 0.010240 0.007476
13 0.372879 0.863502 0.010240 0.007023
13 0.331334 0.863616 0.010240 0.007250
12 0.254974 0.863502 0.009655 0.007476
13 0.269602 0.860444 0.009655 0.006797
12 0.182124 0.860557 0.010240 0.007023
13 0.344792 0.860444 0.010240 0.007250
13 0.235079 0.860331 0.009655 0.007023
13 0.221036 0.853987 0.010240 0.007023
12 0.201872 0.853987 0.011118 0.007023
12 0.182270 0.823290 0.009947 0.007250
12 0.182270 0.800634 0.009947 0.007703
13 0.697923 0.810263 0.010240 0.007023
12 0.590696 0.810263 0.009947 0.007023
12 0.591135 0.788061 0.010240 0.007023
13 0.749707 0.807318 0.010825 0.007476
11 0.558953 0.807318 0.009655 0.007476
11 0.559245 0.785116 0.009655 0.007476
11 0.340843 0.804146 0.009947 0.007023
11 0.326946 0.807091 0.010240 0.007476
17 0.338356 0.788287 0.012580 0.009742
13 0.794909 0.801427 0.011118 0.007023
13 0.846255 0.801314 0.010825 0.007250
13 0.711527 0.800748 0.010532 0.007023
12 0.679930 0.800748 0.010532 0.007023
12 0.355178 0.800748 0.010532 0.007476
13 0.763166 0.797916 0.010240 0.007250
12 0.731568 0.797576 0.010240 0.007023
13 0.860884 0.795084 0.010240 0.007476
12 0.828116 0.795084 0.009655 0.007476
13 0.808514 0.794857 0.009655 0.007476
12 0.777209 0.794857 0.010240 0.007476
13 0.378145 0.785116 0.010240 0.007023
13 0.392920 0.781831 0.009947 0.006797
12 0.407402 0.778885 0.010240 0.006797
13 0.472937 0.763140 0.010240 0.007476
13 0.425541 0.762913 0.010240 0.007476
13 0.439877 0.759515 0.009655 0.007023
13 0.487858 0.759515 0.010825 0.007476
18 0.454213 0.756343 0.010240 0.007023
18 0.515067 0.756230 0.011410 0.007250
13 0.697338 0.737879 0.009070 0.007250
13 0.697045 0.721908 0.009655 0.007023
13 0.813487 0.737879 0.009655 0.007703
13 0.813780 0.715451 0.010240 0.007250
13 0.799444 0.737766 0.009655 0.007476
13 0.799444 0.722021 0.009655 0.006797
12 0.781012 0.737766 0.010240 0.007476
12 0.781012 0.715451 0.010240 0.007250
12 0.677443 0.737766 0.010240 0.007476
12 0.678028 0.715451 0.010240 0.006797
13 0.711381 0.737653 0.010240 0.007703
13 0.711088 0.715564 0.010825 0.007023
13 0.752633 0.735274 0.009655 0.007023
13 0.752779 0.725079 0.009947 0.007476
13 0.861761 0.735274 0.010240 0.007476
13 0.861176 0.718736 0.010240 0.007023
13 0.847133 0.735161 0.010240 0.007250
13 0.846840 0.725419 0.009655 0.007703
12 0.827970 0.735161 0.010532 0.007250
12 0.828116 0.718962 0.009655 0.007476
13 0.767115 0.734934 0.010532 0.007250
13 0.766969 0.718623 0.010240 0.007250
12 0.734201 0.734708 0.010240 0.007250
12 0.734201 0.718509 0.010240 0.007476
12 0.324898 0.731763 0.009655 0.007703
12 0.324898 0.715904 0.009655 0.007250
12 0.291545 0.728817 0.009655 0.007250
12 0.291545 0.712619 0.009655 0.007476
11 0.264482 0.725306 0.010532 0.007476
11 0.264628 0.709447 0.009655 0.007476
18 0.184757 0.722587 0.013751 0.007023
18 0.184757 0.706389 0.013751 0.006797
17 0.231861 0.722134 0.010825 0.007929
17 0.231861 0.706275 0.010825 0.007023
12 0.503365 0.716130 0.009655 0.006797
12 0.502633 0.693475 0.010532 0.006797
12 0.600790 0.716017 0.010240 0.007023
12 0.600205 0.693362 0.010240 0.007023
12 0.408572 0.715791 0.010825 0.007476
12 0.407987 0.693589 0.010825 0.006570
12 0.547250 0.712959 0.009655 0.007250
12 0.546957 0.696760 0.010240 0.007476
12 0.459479 0.712506 0.010825 0.007250
12 0.459479 0.696534 0.010825 0.007023
13 0.563926 0.703330 0.010240 0.007023
13 0.476448 0.703217 0.010825 0.007250
13 0.520626 0.700045 0.010240 0.007250
13 0.425541 0.699932 0.010825 0.007476
13 0.576799 0.696760 0.010240 0.007476
13 0.489029 0.696534 0.010240 0.007476
13 0.533207 0.693589 0.010825 0.007023
13 0.437683 0.693362 0.009947 0.007023
13 0.697484 0.636611 0.009947 0.006797
13 0.696606 0.613956 0.009947 0.006797
13 0.781305 0.633326 0.009655 0.007023
11 0.661937 0.633326 0.009655 0.007023
12 0.661059 0.610671 0.010240 0.007023
12 0.634728 0.633326 0.010240 0.007023
13 0.683441 0.633326 0.009362 0.007476
13 0.683002 0.611010 0.010825 0.007250
13 0.801492 0.629814 0.010240 0.007250
12 0.614541 0.630041 0.009655 0.007703
13 0.840696 0.629814 0.010240 0.007703
11 0.809977 0.626869 0.006144 0.004078
13 0.852984 0.626756 0.010240 0.007023
13 0.827823 0.626869 0.010240 0.007250
12 0.594207 0.626756 0.009362 0.007023
12 0.573581 0.626756 0.009655 0.007023
11 0.816852 0.623584 0.007022 0.004758
12 0.552662 0.623697 0.009947 0.007250
12 0.182709 0.620865 0.009655 0.007023
12 0.339233 0.620865 0.010240 0.007476
13 0.864980 0.620299 0.010825 0.007703
13 0.716062 0.620639 0.010240 0.008382
12 0.537741 0.620299 0.009947 0.007703
12 0.297689 0.617580 0.010240 0.006797
12 0.496050 0.617354 0.009070 0.006797
13 0.754974 0.617241 0.009655 0.007476
12 0.516969 0.617127 0.009947 0.007250
13 0.735518 0.617127 0.010532 0.007703
12 0.312902 0.614295 0.010240 0.007476
13 0.768724 0.613842 0.010240 0.007023
12 0.468549 0.613956 0.010240 0.007250
12 0.453335 0.610671 0.010240 0.007476
12 0.254974 0.608292 0.010240 0.007250
12 0.431539 0.607499 0.009947 0.007476
12 0.410328 0.607725 0.009655 0.007929
18 0.271358 0.605007 0.010240 0.007023
18 0.232738 0.604780 0.010240 0.007023
18 0.389263 0.604440 0.009655 0.007250
18 0.285108 0.601495 0.009655 0.007250
18 0.374049 0.601495 0.010825 0.007703
12 0.217232 0.601609 0.009655 0.007929
18 0.201726 0.598437 0.010240 0.007023
18 0.358543 0.598210 0.010240 0.007476
12 0.195875 0.555618 0.007314 0.004758
12 0.196752 0.541799 0.010240 0.007023
13 0.293885 0.541912 0.010240 0.006797
13 0.343476 0.541799 0.009947 0.007023
13 0.245319 0.541572 0.010240 0.006570
12 0.308953 0.541686 0.010532 0.007250
12 0.358250 0.541572 0.010240 0.007476
13 0.329286 0.541572 0.009655 0.007476
11 0.668812 0.534776 0.009947 0.007476
11 0.523259 0.531944 0.010240 0.007250
12 0.838063 0.531831 0.010240 0.007476
12 0.576360 0.531831 0.009947 0.007476
12 0.556612 0.531831 0.010240 0.007476
11 0.640287 0.531717 0.010240 0.007703
13 0.625219 0.531377 0.010532 0.007929
12 0.858689 0.528659 0.010532 0.007476
12 0.601083 0.525261 0.009655 0.007023
12 0.788034 0.522429 0.010240 0.007250
12 0.472206 0.522315 0.010532 0.007929
18 0.329432 0.519483 0.010532 0.006797
18 0.231568 0.519483 0.010240 0.006797
18 0.211088 0.519483 0.010240 0.006797
18 0.308806 0.519257 0.010240 0.006797
18 0.260532 0.519370 0.010825 0.007023
18 0.761703 0.519370 0.010240 0.007476
18 0.492101 0.519144 0.009947 0.007023
18 0.358104 0.519144 0.010532 0.007023
18 0.446021 0.518917 0.009655 0.007023
18 0.807490 0.519030 0.010532 0.007703
18 0.507168 0.516085 0.010240 0.007250
18 0.822996 0.515972 0.009947 0.007476
18 0.426126 0.515972 0.010825 0.007476
18 0.741808 0.515406 0.010240 0.007250
18 0.721913 0.513027 0.010240 0.007023
18 0.405939 0.512800 0.010240 0.007476
12 0.182270 0.494223 0.009947 0.007476
13 0.207870 0.487879 0.009655 0.007023
13 0.228057 0.484708 0.010240 0.007023
13 0.671738 0.484028 0.010532 0.007476
13 0.550029 0.481309 0.009362 0.007023
13 0.640287 0.481083 0.009655 0.007023
13 0.249122 0.481196 0.010240 0.007250
13 0.842744 0.478251 0.010825 0.007250
13 0.263751 0.478251 0.010240 0.007250
13 0.792276 0.478024 0.010532 0.007250
13 0.738882 0.477798 0.010240 0.007250
13 0.686220 0.477911 0.010240 0.007476
13 0.427004 0.477911 0.010240 0.007476
12 0.613956 0.477798 0.010825 0.007703
13 0.529257 0.477685 0.009947 0.007476
13 0.278379 0.475193 0.010240 0.006570
12 0.345231 0.475079 0.009362 0.006797
12 0.502341 0.474739 0.009947 0.007023
12 0.390140 0.474739 0.010240 0.007023
13 0.563926 0.474626 0.010240 0.007250
13 0.598742 0.474286 0.009655 0.007476
12 0.365126 0.471908 0.010532 0.006797
13 0.447191 0.471681 0.010240 0.006797
13 0.299005 0.472021 0.010532 0.007476
13 0.487858 0.471568 0.010240 0.007023
12 0.320655 0.468623 0.009947 0.007023
13 0.723669 0.468283 0.010825 0.007250
12 0.701287 0.468283 0.010532 0.007250
13 0.579432 0.464771 0.010240 0.007476
12 0.757899 0.462392 0.010240 0.006797
13 0.467379 0.462279 0.009655 0.007023
13 0.778379 0.462166 0.010240 0.007250
13 0.827531 0.456049 0.010240 0.007250
12 0.807636 0.455822 0.010240 0.007250
12 0.857665 0.446534 0.010825 0.007250
12 0.858689 0.430788 0.010532 0.007476
13 0.738882 0.429882 0.009655 0.007476
13 0.758484 0.427390 0.010240 0.007476
12 0.841135 0.424558 0.010532 0.007703
13 0.779111 0.424218 0.011118 0.007476
12 0.825483 0.421273 0.010825 0.007476
13 0.792422 0.421160 0.010240 0.007703
12 0.812171 0.417422 0.009947 0.007476
13 0.642627 0.408133 0.009655 0.007023
12 0.704798 0.408133 0.009947 0.007476
17 0.662815 0.405075 0.011410 0.007250
12 0.519163 0.392275 0.009655 0.007023
12 0.543739 0.389103 0.009655 0.007476
12 0.181831 0.386611 0.010240 0.007023
13 0.624634 0.386384 0.009947 0.007023
12 0.575629 0.385818 0.010240 0.007250
13 0.498683 0.382873 0.009655 0.007250
13 0.478496 0.379588 0.010240 0.007023
11 0.600497 0.379361 0.009655 0.007023
12 0.411791 0.379701 0.010240 0.007703
13 0.430222 0.376756 0.009655 0.007250
13 0.391018 0.376416 0.009655 0.007023
12 0.459626 0.376189 0.010532 0.007929
12 0.290960 0.373924 0.010825 0.007023
13 0.376243 0.373244 0.010532 0.007023
13 0.444558 0.373018 0.010240 0.007023
13 0.309684 0.370639 0.009655 0.007703
13 0.270772 0.370526 0.009070 0.007476
12 0.352545 0.370299 0.009947 0.007476
18 0.325190 0.367241 0.010240 0.007250
18 0.250878 0.367014 0.010240 0.007250
18 0.226156 0.364182 0.009947 0.007023
18 0.200556 0.364295 0.010240 0.007250
12 0.181539 0.326801 0.010240 0.007023
12 0.713136 0.316720 0.010825 0.006797
11 0.680369 0.316493 0.009655 0.006797
11 0.547835 0.313321 0.010240 0.007250
12 0.582066 0.313095 0.010825 0.007703
12 0.440462 0.310376 0.010240 0.006797
11 0.406817 0.310489 0.010240 0.007023
11 0.623318 0.310263 0.010240 0.007023
13 0.504242 0.310263 0.009655 0.007023
12 0.458309 0.310150 0.010240 0.007250
11 0.651404 0.310036 0.010240 0.007476
11 0.519163 0.310036 0.010240 0.007476
11 0.853716 0.306978 0.010532 0.007250
12 0.599620 0.306525 0.010240 0.007250
12 0.482592 0.304033 0.010240 0.007250
12 0.358543 0.300974 0.010240 0.007476
12 0.334845 0.298142 0.009655 0.007250
13 0.378145 0.297689 0.009655 0.007250
12 0.802662 0.297349 0.010240 0.007476
12 0.317291 0.294744 0.009655 0.007250
13 0.822996 0.294291 0.009947 0.007250
12 0.778672 0.293951 0.010240 0.007023
13 0.392920 0.293951 0.010532 0.007023
12 0.754974 0.291346 0.009655 0.007250
12 0.293885 0.291346 0.009655 0.007703
13 0.838063 0.290666 0.010825 0.007250
18 0.730690 0.287494 0.010240 0.007250
12 0.707285 0.262460 0.010240 0.007023
13 0.317876 0.260082 0.009655 0.007703
11 0.672469 0.259402 0.010825 0.006797
12 0.648917 0.259402 0.010532 0.007703
13 0.339526 0.256797 0.009655 0.007023
12 0.412668 0.256570 0.009655 0.007023
11 0.552516 0.256343 0.010825 0.007476
12 0.625805 0.256117 0.009947 0.007476
12 0.366442 0.253625 0.010825 0.007023
12 0.238590 0.253851 0.010240 0.007476
12 0.388239 0.253285 0.011118 0.007250
12 0.602106 0.252945 0.010532 0.007023
12 0.578408 0.253058 0.010532 0.007250
12 0.514336 0.252945 0.010532 0.007476
12 0.199824 0.251019 0.010532 0.007250
13 0.297396 0.250680 0.010240 0.007023
12 0.495026 0.250000 0.009947 0.007023
12 0.471036 0.250000 0.009947 0.007023
13 0.283060 0.247508 0.009655 0.007023
11 0.258192 0.247508 0.010240 0.007023
12 0.181100 0.247621 0.010532 0.007250
13 0.822264 0.246942 0.010240 0.007250
12 0.450995 0.246602 0.010825 0.007929
13 0.861469 0.243543 0.010240 0.007250
12 0.431978 0.243430 0.010240 0.007023
12 0.219719 0.241164 0.010532 0.007476
12 0.837478 0.240372 0.010240 0.007250
13 0.808806 0.240258 0.010240 0.007476
12 0.789058 0.233915 0.010532 0.007476
12 0.770480 0.230970 0.010825 0.007023
12 0.751755 0.227685 0.010825 0.006797
12 0.732738 0.224173 0.010240 0.007476
11 0.199532 0.197553 0.011118 0.007250
12 0.199239 0.175351 0.009947 0.007250
11 0.199239 0.159266 0.009947 0.007703
11 0.498683 0.196534 0.009655 0.007023
11 0.498391 0.173879 0.010240 0.007023
12 0.587917 0.196194 0.010240 0.006797
12 0.587332 0.173765 0.010240 0.007250
11 0.559391 0.196307 0.010532 0.007023
11 0.559245 0.173992 0.010240 0.006797
12 0.752048 0.196081 0.010825 0.007023
12 0.752341 0.173765 0.010240 0.006797
12 0.670421 0.196081 0.010240 0.007023
12 0.670129 0.173425 0.009655 0.007023
12 0.538327 0.196081 0.010532 0.007023
12 0.538180 0.173992 0.010240 0.006797
17 0.691486 0.195967 0.010240 0.007250
11 0.691486 0.173652 0.010240 0.007023
17 0.609567 0.195854 0.010240 0.007023
11 0.609567 0.173765 0.010240 0.006797
11 0.382095 0.187358 0.010532 0.006797
12 0.381949 0.171160 0.010240 0.007023
11 0.432563 0.187132 0.010825 0.006797
12 0.432709 0.171047 0.009947 0.007250
12 0.478496 0.187019 0.010240 0.007023
12 0.478496 0.173992 0.010240 0.007250
12 0.322264 0.181015 0.010240 0.007250
12 0.322118 0.165270 0.009947 0.007476
12 0.222791 0.178410 0.010240 0.007023
12 0.858250 0.176824 0.010240 0.007023
11 0.828994 0.173652 0.010240 0.007023
13 0.413253 0.171500 0.009655 0.007250
12 0.811439 0.170594 0.010240 0.006797
13 0.464307 0.170707 0.009947 0.007476
13 0.294617 0.168668 0.009947 0.007023
12 0.294324 0.184640 0.010532 0.007250
12 0.346840 0.168101 0.010240 0.007250
12 0.346840 0.184300 0.010240 0.007023
12 0.793739 0.167422 0.010532 0.007703
12 0.269017 0.165723 0.010240 0.007476
12 0.269310 0.181468 0.010825 0.007250
12 0.180076 0.165609 0.010240 0.007250
13 0.399795 0.165043 0.010825 0.007023
13 0.450702 0.164590 0.010825 0.007023
12 0.776916 0.164363 0.010240 0.007023
13 0.308514 0.161985 0.010825 0.007250
12 0.247806 0.161985 0.009947 0.007703
12 0.248245 0.178410 0.009655 0.007023
13 0.427297 0.119959 0.010240 0.007476
13 0.544032 0.116787 0.009655 0.007476
13 0.749854 0.116334 0.010532 0.007023
12 0.730983 0.116221 0.010240 0.007250
12 0.712259 0.116221 0.010240 0.007250
13 0.406524 0.116448 0.009655 0.007703
13 0.353569 0.114069 0.010240 0.007023
13 0.691779 0.113389 0.010240 0.007023
13 0.764482 0.113276 0.010532 0.007250
13 0.193827 0.112143 0.010240 0.006797
13 0.338941 0.110784 0.010240 0.006797
13 0.557782 0.110557 0.010240 0.006797
12 0.467232 0.110331 0.010532 0.006797
13 0.386337 0.110444 0.010240 0.007023
13 0.777501 0.109991 0.009655 0.007023
12 0.669982 0.109991 0.009947 0.007023
13 0.632826 0.110104 0.010532 0.007250
13 0.372294 0.107499 0.010240 0.007476
13 0.441340 0.107272 0.010240 0.007476
13 0.791837 0.106706 0.010240 0.007703
13 0.646723 0.106593 0.010240 0.007476
13 0.311732 0.104894 0.009655 0.007250
13 0.807636 0.103534 0.010240 0.006797
13 0.326068 0.101155 0.010240 0.007023
13 0.821094 0.100702 0.010240 0.007476
13 0.619222 0.100702 0.010240 0.007476
13 0.291106 0.098777 0.010532 0.006797
13 0.841281 0.097531 0.009655 0.007023
13 0.270187 0.095492 0.009655 0.007476
13 0.861469 0.094019 0.010240 0.007250
13 0.605471 0.094132 0.010825 0.007476
13 0.249707 0.092207 0.009655 0.006797
13 0.228496 0.092433 0.009947 0.007250
13 0.584991 0.091300 0.009655 0.007250
13 0.207285 0.089261 0.010240 0.007250
13 0.571387 0.087789 0.010532 0.007476
1 0.121855 0.326575 0.021943 0.045537
3 0.641018 0.309810 0.007022 0.019710
5 0.588648 0.471568 0.008192 0.014726
1 0.447630 0.702424 0.011703 0.030585
3 0.659304 0.481989 0.011410 0.024241
4 0.400965 0.380041 0.008484 0.018351
5 0.361761 0.104327 0.009070 0.015632
3 0.669544 0.316606 0.006729 0.019710
5 0.591281 0.250680 0.008777 0.013367
3 0.171884 0.620865 0.006729 0.019710
3 0.629754 0.480856 0.007314 0.020163
1 0.121709 0.247508 0.022235 0.045990
5 0.421445 0.165496 0.010825 0.020616
1 0.121270 0.181128 0.022528 0.045537
1 0.120977 0.108405 0.022528 0.045990
3 0.709918 0.513933 0.007314 0.017898
4 0.613224 0.310489 0.008777 0.018351
4 0.564219 0.385931 0.009655 0.018351
5 0.721475 0.794404 0.008192 0.015179
4 0.460796 0.522089 0.009362 0.018804
3 0.402282 0.255890 0.007607 0.018351
4 0.791252 0.629701 0.008484 0.018804
3 0.348596 0.598437 0.007899 0.019710
3 0.379754 0.474513 0.007022 0.019257
3 0.802370 0.417422 0.007314 0.020163
4 0.244441 0.607725 0.009070 0.019257
4 0.532621 0.117241 0.009070 0.018804
4 0.283353 0.168441 0.008484 0.018351
4 0.536864 0.313548 0.009362 0.018124
4 0.347425 0.300748 0.009070 0.018804
4 0.424956 0.872791 0.009070 0.018804
4 0.694705 0.407454 0.009655 0.021522
4 0.702311 0.117014 0.009070 0.018804
3 0.657548 0.535002 0.007314 0.019710
3 0.171299 0.493996 0.006729 0.019710
5 0.244734 0.860104 0.007899 0.014726
4 0.588795 0.873018 0.009070 0.018351
3 0.747367 0.461713 0.007899 0.019483
3 0.470743 0.303919 0.007022 0.019710
3 0.394822 0.513140 0.006729 0.019483
4 0.595085 0.094132 0.008777 0.018351
4 0.540960 0.256117 0.009947 0.018804
4 0.776624 0.522089 0.008484 0.018351
3 0.254096 0.709334 0.007314 0.020390
3 0.370538 0.170707 0.007314 0.018804
4 0.743856 0.290779 0.008484 0.018351
5 0.662229 0.256117 0.009070 0.015632
4 0.334699 0.474966 0.009362 0.020163
4 0.532329 0.389329 0.009070 0.019257
4 0.238882 0.481309 0.009655 0.019257
4 0.301200 0.105233 0.008484 0.018804
4 0.484933 0.617467 0.009070 0.018804
3 0.441925 0.611124 0.007314 0.019257
4 0.728057 0.429882 0.009070 0.018351
3 0.327823 0.620639 0.007314 0.019710
5 0.279549 0.863956 0.007314 0.015632
3 0.817876 0.794744 0.007314 0.019937
5 0.314073 0.728931 0.007899 0.014726
3 0.485518 0.865768 0.007314 0.018804
4 0.745026 0.617354 0.009655 0.019030
3 0.650527 0.610671 0.007899 0.019710
1 0.123464 0.794404 0.022235 0.045084
1 0.123318 0.863502 0.022528 0.045537
1 0.123318 0.471794 0.021943 0.045990
1 0.123318 0.405415 0.021943 0.045537
5 0.484201 0.247281 0.008777 0.015179
4 0.588795 0.379361 0.008484 0.018804
1 0.123903 0.709221 0.021943 0.045990
1 0.124195 0.643068 0.021943 0.045990
1 0.123903 0.556751 0.022528 0.045537
3 0.650380 0.632873 0.007022 0.018804
3 0.190316 0.598663 0.007314 0.020163
3 0.589819 0.525714 0.007607 0.019710
3 0.306319 0.294744 0.005851 0.018577
4 0.282329 0.291346 0.008192 0.018124
3 0.364833 0.373584 0.005851 0.019030
4 0.340843 0.370639 0.008192 0.017671
4 0.790813 0.297010 0.008192 0.018124
3 0.767115 0.294517 0.006437 0.019483
4 0.508192 0.392388 0.008192 0.017671
3 0.488005 0.383099 0.006437 0.019030
3 0.236981 0.178070 0.006437 0.018577
4 0.212697 0.178296 0.008192 0.019030
4 0.562610 0.627096 0.008192 0.018124
3 0.583967 0.626643 0.006437 0.019030
3 0.638385 0.258949 0.006437 0.018124
3 0.615126 0.256230 0.006729 0.019030
4 0.539497 0.481423 0.007607 0.018577
3 0.518724 0.476665 0.006437 0.016765
5 0.477033 0.468509 0.007899 0.014952
3 0.456700 0.461939 0.006437 0.018577
3 0.830603 0.097191 0.006437 0.018577
4 0.851229 0.093339 0.007899 0.018124
3 0.526916 0.620299 0.005851 0.018577
3 0.506437 0.617127 0.005851 0.019483
3 0.705968 0.620299 0.005851 0.019030
3 0.724985 0.617354 0.006437 0.019483
4 0.196899 0.487313 0.008192 0.018124
3 0.215623 0.483688 0.010532 0.020843
3 0.289058 0.469869 0.007022 0.019030
3 0.310854 0.468509 0.006729 0.019030
3 0.307197 0.259175 0.006437 0.018124
4 0.329286 0.256683 0.008484 0.018124
5 0.144822 0.706615 0.008192 0.014952
5 0.152136 0.696647 0.007607 0.014952
3 0.280573 0.098324 0.006437 0.019030
4 0.259655 0.095152 0.007899 0.018124
4 0.415886 0.477798 0.008484 0.017671
3 0.436220 0.471454 0.006437 0.019483
3 0.416325 0.119846 0.006437 0.019483
4 0.396138 0.117354 0.008192 0.018124
3 0.169397 0.722021 0.007022 0.019483
4 0.172323 0.705936 0.008192 0.019030
4 0.631949 0.408020 0.008777 0.018124
3 0.651551 0.404622 0.005851 0.019483
5 0.333528 0.180562 0.007607 0.014499
3 0.335869 0.168101 0.006437 0.018577
3 0.218549 0.722021 0.007022 0.019030
3 0.221767 0.705936 0.006437 0.018577
5 0.143651 0.323743 0.007607 0.014952
5 0.151258 0.314001 0.007607 0.014499
5 0.142774 0.178749 0.007607 0.014952
5 0.149795 0.168781 0.007607 0.014952
5 0.144822 0.554372 0.007607 0.014952
5 0.151843 0.544631 0.007607 0.014499
4 0.399649 0.607612 0.007607 0.017218
3 0.420714 0.607386 0.006437 0.019483
4 0.218549 0.093113 0.009947 0.018124
3 0.238590 0.092207 0.006729 0.019030
5 0.141896 0.106026 0.007607 0.014499
5 0.149795 0.096058 0.008192 0.014499
5 0.143359 0.244676 0.008192 0.015406
5 0.150965 0.234934 0.007022 0.014952
5 0.144822 0.860444 0.007607 0.014499
5 0.152136 0.851155 0.007607 0.014952
3 0.624195 0.633439 0.006729 0.018577
4 0.604447 0.629588 0.007607 0.017671
3 0.280281 0.373811 0.006437 0.019030
4 0.260094 0.370639 0.008192 0.018124
5 0.144822 0.791346 0.007607 0.014952
5 0.152428 0.781831 0.007607 0.014952
5 0.144529 0.402583 0.007607 0.014952
5 0.151843 0.392841 0.008192 0.014499
5 0.144383 0.468962 0.007314 0.014499
5 0.152136 0.458994 0.008192 0.015406
5 0.144383 0.640009 0.007314 0.014952
5 0.152428 0.630267 0.008192 0.015406
3 0.748683 0.425804 0.006437 0.016991
4 0.767993 0.424105 0.011118 0.017671
5 0.722060 0.731309 0.007607 0.015406
4 0.723815 0.718169 0.007607 0.018124