7 0.709340 0.859675 0.012220 0.015579
7 0.286005 0.859449 0.012802 0.015579
7 0.200466 0.859901 0.012802 0.015579
7 0.372418 0.859449 0.012220 0.016031
7 0.555717 0.859449 0.012220 0.015579
7 0.461449 0.859449 0.013384 0.016031
10 0.786733 0.854595 0.013384 0.005419
10 0.635729 0.854708 0.012802 0.006096
6 0.730870 0.859223 0.009892 0.022804
6 0.393075 0.859223 0.010474 0.023707
6 0.483852 0.859675 0.010474 0.024159
6 0.220832 0.859223 0.010474 0.023256
6 0.578120 0.858546 0.010474 0.023256
6 0.307536 0.858320 0.010474 0.022804
7 0.435554 0.773425 0.012220 0.015579
7 0.618854 0.773425 0.012220 0.015128
7 0.797207 0.772748 0.012802 0.016934
7 0.491708 0.772974 0.012802 0.016031
7 0.734943 0.772974 0.012802 0.015579
7 0.686063 0.772974 0.012802 0.016031
7 0.560372 0.772748 0.012802 0.015579
7 0.743090 0.483856 0.012220 0.015353
10 0.844923 0.479228 0.013384 0.005645
6 0.766366 0.483292 0.009892 0.022804
10 0.418388 0.426507 0.008729 0.004967
10 0.238871 0.413412 0.009892 0.002709
9 0.558336 0.329307 0.005237 0.034545
6 0.396858 0.116392 0.005237 0.027320
17 0.836631 0.887898 0.011347 0.007451
12 0.527058 0.887672 0.010183 0.007451
12 0.526768 0.875028 0.009601 0.007451
12 0.527349 0.859223 0.010183 0.007451
17 0.681554 0.887446 0.009601 0.007451
17 0.680972 0.875254 0.009601 0.007451
11 0.681263 0.859223 0.009601 0.006999
12 0.681408 0.837774 0.011056 0.008354
11 0.262729 0.875254 0.010474 0.007451
12 0.262875 0.853579 0.009601 0.007451
12 0.262438 0.831903 0.010474 0.007451
12 0.433809 0.875028 0.010474 0.007451
12 0.433663 0.853353 0.010183 0.007451
11 0.348705 0.875028 0.009601 0.007902
12 0.349287 0.853353 0.010183 0.007902
12 0.348996 0.837548 0.010183 0.007902
12 0.177480 0.844096 0.009892 0.007902
18 0.176898 0.822195 0.009892 0.007451
12 0.404568 0.801648 0.010183 0.007451
12 0.291097 0.801874 0.010183 0.007902
12 0.177917 0.801648 0.009601 0.007902
12 0.364999 0.798487 0.010183 0.006999
12 0.253419 0.798261 0.009892 0.007451
12 0.339977 0.795552 0.010183 0.007902
12 0.228251 0.795326 0.010183 0.007902
12 0.204539 0.789230 0.010474 0.006999
12 0.316410 0.789004 0.010183 0.006999
12 0.586994 0.788779 0.010183 0.007451
12 0.586704 0.767103 0.009601 0.007451
12 0.461449 0.788779 0.010474 0.007451
12 0.461013 0.776135 0.009601 0.006548
12 0.528950 0.788553 0.009892 0.007902
12 0.528659 0.772974 0.009892 0.007451
12 0.660169 0.772974 0.009892 0.006548
12 0.660023 0.757394 0.010183 0.007902
12 0.773349 0.766877 0.010474 0.006999
12 0.773203 0.751298 0.010765 0.007451
12 0.710358 0.767103 0.010765 0.007451
12 0.710358 0.754008 0.010765 0.007451
12 0.823683 0.766877 0.011056 0.007451
12 0.823538 0.745202 0.010183 0.008354
12 0.847105 0.723301 0.010183 0.007451
12 0.796479 0.719688 0.010183 0.007451
12 0.821938 0.716527 0.009892 0.006999
12 0.765784 0.716527 0.009892 0.006999
12 0.729706 0.713366 0.010474 0.007451
12 0.680826 0.710205 0.010474 0.006999
12 0.656386 0.707496 0.010474 0.007451
12 0.704539 0.707157 0.010765 0.007225
12 0.177771 0.701851 0.010474 0.007902
12 0.616962 0.701400 0.010183 0.007451
12 0.566337 0.698465 0.010183 0.006999
12 0.204684 0.695981 0.010765 0.007451
12 0.533896 0.695529 0.009892 0.007451
12 0.590922 0.695078 0.009892 0.007902
12 0.494908 0.692368 0.009892 0.006548
12 0.442974 0.689659 0.010183 0.007902
12 0.229852 0.686498 0.010474 0.006999
12 0.418097 0.686272 0.010474 0.006999
12 0.469596 0.686272 0.011056 0.007902
12 0.378528 0.680402 0.010474 0.007451
12 0.256328 0.680176 0.010474 0.007902
12 0.328630 0.676789 0.010183 0.007902
12 0.296043 0.674306 0.010183 0.006999
12 0.352488 0.673628 0.010183 0.007902
12 0.177626 0.629826 0.010765 0.007451
12 0.401658 0.629600 0.010765 0.007451
12 0.639075 0.629149 0.010765 0.007902
12 0.363544 0.626891 0.010183 0.006999
12 0.570701 0.626439 0.010183 0.006999
12 0.600524 0.625988 0.010474 0.006999
12 0.813209 0.625762 0.009892 0.006999
12 0.846378 0.625762 0.009892 0.007451
12 0.338813 0.623730 0.010765 0.007451
12 0.202211 0.623504 0.010474 0.006999
12 0.539569 0.623278 0.010765 0.007451
12 0.426244 0.623278 0.010474 0.007451
12 0.779895 0.622827 0.010765 0.006999
12 0.664678 0.622827 0.010765 0.006999
12 0.314373 0.617182 0.010765 0.007451
12 0.451993 0.614021 0.010183 0.007451
12 0.226797 0.614134 0.010183 0.007677
12 0.688537 0.613344 0.010765 0.007451
12 0.290806 0.611086 0.010183 0.007451
12 0.250655 0.607473 0.010183 0.007902
12 0.475560 0.607248 0.010765 0.007902
12 0.712395 0.606570 0.010183 0.007902
12 0.516584 0.601152 0.010765 0.007902
12 0.754292 0.600700 0.010183 0.007451
12 0.580303 0.559607 0.010765 0.006999
12 0.177189 0.557124 0.010474 0.007451
12 0.647221 0.556672 0.010183 0.007451
12 0.845650 0.553511 0.010183 0.006548
12 0.605615 0.553737 0.010183 0.007451
12 0.528804 0.550576 0.010765 0.006999
12 0.203811 0.550802 0.010183 0.007902
12 0.817137 0.550124 0.010183 0.007451
12 0.673843 0.550350 0.010474 0.007902
12 0.488653 0.547641 0.010765 0.006999
12 0.554699 0.547415 0.010183 0.007451
12 0.371981 0.544931 0.010183 0.006548
12 0.792115 0.544028 0.010183 0.007451
12 0.412424 0.541770 0.009601 0.006999
12 0.227960 0.541657 0.009601 0.007225
12 0.463049 0.541093 0.009601 0.006999
12 0.699011 0.540641 0.010183 0.007451
12 0.438318 0.538609 0.010183 0.007451
12 0.254437 0.538383 0.010183 0.006999
12 0.763893 0.537480 0.010765 0.007451
12 0.346669 0.535674 0.009601 0.007451
12 0.295461 0.535222 0.009601 0.006999
12 0.724614 0.534997 0.010183 0.007451
12 0.321356 0.531158 0.010183 0.006999
12 0.715886 0.490065 0.010183 0.006999
12 0.681699 0.486679 0.009892 0.006999
12 0.656532 0.480808 0.010183 0.006548
12 0.631801 0.477873 0.010765 0.007451
12 0.608816 0.474938 0.010765 0.006999
12 0.574484 0.471777 0.010765 0.007451
12 0.526186 0.471777 0.010765 0.007451
12 0.502764 0.468616 0.010474 0.007451
12 0.468868 0.465681 0.010183 0.007451
12 0.419843 0.465229 0.010474 0.007451
12 0.550335 0.465003 0.010183 0.007902
12 0.396130 0.462746 0.010183 0.007451
12 0.253273 0.462294 0.010765 0.008354
12 0.313500 0.459585 0.010183 0.007451
12 0.444428 0.459133 0.010183 0.007451
12 0.207012 0.458907 0.010183 0.007451
12 0.362089 0.458794 0.010765 0.007677
12 0.289060 0.456198 0.010183 0.007451
12 0.229706 0.455972 0.010183 0.007451
12 0.177189 0.455746 0.009892 0.007902
12 0.338376 0.453263 0.010474 0.006999
12 0.559645 0.412396 0.010183 0.007451
12 0.438318 0.409686 0.010765 0.006999
12 0.584085 0.409235 0.010183 0.006999
12 0.609980 0.406299 0.010765 0.006999
12 0.320483 0.403364 0.010183 0.006999
12 0.469450 0.403364 0.010183 0.007451
12 0.648094 0.403138 0.010183 0.007451
12 0.673698 0.399977 0.010183 0.007902
12 0.344923 0.397042 0.010183 0.007451
12 0.533168 0.396591 0.010765 0.006999
12 0.698720 0.396365 0.010183 0.006999
12 0.494035 0.393881 0.010474 0.007451
12 0.724324 0.393204 0.010765 0.007451
12 0.203230 0.390720 0.010183 0.007451
12 0.253855 0.390494 0.010183 0.007451
12 0.761856 0.390494 0.010183 0.007902
12 0.411551 0.390494 0.010183 0.007902
12 0.371399 0.387108 0.010183 0.006999
12 0.844777 0.387108 0.010765 0.007902
12 0.787751 0.387108 0.010765 0.007902
12 0.295316 0.384398 0.010474 0.007451
12 0.812482 0.384172 0.010183 0.007902
12 0.228833 0.384172 0.010183 0.008354
12 0.176753 0.380560 0.009601 0.007451
12 0.612162 0.330436 0.010474 0.006999
12 0.376346 0.327726 0.010765 0.007451
12 0.772912 0.326710 0.010183 0.007225
12 0.535060 0.324001 0.009892 0.007225
12 0.734507 0.323436 0.010183 0.006999
12 0.491999 0.321630 0.010474 0.007451
12 0.294006 0.321179 0.010183 0.007451
12 0.848414 0.320501 0.009892 0.007451
12 0.796189 0.320050 0.010183 0.007451
12 0.702648 0.320050 0.010474 0.007902
12 0.466686 0.318018 0.010474 0.007902
12 0.252109 0.318243 0.010183 0.008354
12 0.562264 0.317566 0.010183 0.007451
12 0.324265 0.314857 0.010183 0.006999
12 0.226942 0.314857 0.010474 0.007451
12 0.677917 0.314405 0.009892 0.007451
12 0.442683 0.312373 0.010183 0.007451
12 0.822665 0.310905 0.010183 0.007677
12 0.202648 0.308986 0.010765 0.007451
12 0.587867 0.308309 0.010765 0.007451
12 0.649258 0.307632 0.010183 0.006999
12 0.411842 0.305599 0.010183 0.007902
12 0.349869 0.305599 0.010765 0.007902
18 0.176171 0.302438 0.010183 0.007451
12 0.523567 0.260668 0.010183 0.007902
12 0.176462 0.257959 0.010765 0.006999
12 0.548880 0.257507 0.010765 0.007451
12 0.482834 0.254798 0.010183 0.007451
12 0.572301 0.254346 0.010474 0.006999
12 0.201193 0.254572 0.010183 0.007902
12 0.598051 0.251411 0.010183 0.006548
12 0.226797 0.251524 0.010183 0.007225
12 0.252400 0.248476 0.010183 0.006999
12 0.642712 0.248250 0.010474 0.007451
12 0.457230 0.245315 0.010183 0.006999
12 0.289933 0.245315 0.010765 0.007451
12 0.667879 0.245089 0.010183 0.007451
12 0.316410 0.242380 0.010183 0.007451
12 0.694646 0.241251 0.010183 0.007451
12 0.432208 0.239445 0.010183 0.007451
12 0.341722 0.238993 0.010765 0.007451
12 0.720105 0.238654 0.010474 0.007225
12 0.367763 0.236284 0.009892 0.006999
12 0.760838 0.235380 0.011056 0.007451
12 0.407477 0.233348 0.010183 0.007902
12 0.788624 0.232219 0.010183 0.007902
12 0.813209 0.229736 0.011056 0.006999
12 0.846232 0.227252 0.010183 0.007902
12 0.770294 0.197223 0.010183 0.006999
12 0.795607 0.194288 0.010765 0.006999
12 0.822229 0.191352 0.009892 0.006999
12 0.846232 0.188417 0.009601 0.007902
12 0.729561 0.188191 0.010183 0.007451
12 0.377946 0.186159 0.010474 0.006999
12 0.613035 0.182547 0.011056 0.007451
12 0.703230 0.181869 0.011056 0.007902
12 0.418534 0.179837 0.010183 0.007451
12 0.352779 0.179612 0.010183 0.006999
12 0.586122 0.176225 0.010183 0.006999
12 0.443846 0.173290 0.010183 0.007451
12 0.328193 0.173064 0.009892 0.006999
12 0.256183 0.173064 0.010183 0.006999
12 0.495199 0.173064 0.010474 0.007451
12 0.678062 0.172838 0.010183 0.007902
12 0.561973 0.169903 0.010765 0.007451
12 0.536369 0.166968 0.010765 0.007451
12 0.231743 0.166968 0.010183 0.007451
12 0.653040 0.166290 0.010183 0.007902
12 0.179372 0.163581 0.010183 0.006999
12 0.469450 0.163581 0.010765 0.007451
12 0.301571 0.162904 0.010183 0.007451
12 0.205848 0.159968 0.010765 0.008354
12 0.531568 0.125198 0.010474 0.006999
12 0.556008 0.122488 0.011056 0.007451
12 0.489962 0.119327 0.010474 0.007451
12 0.583358 0.119101 0.010474 0.007451
12 0.608525 0.116166 0.010765 0.007451
12 0.648094 0.113005 0.010765 0.006999
12 0.674571 0.110070 0.010183 0.006999
12 0.465086 0.110296 0.010183 0.007902
12 0.300407 0.107135 0.010183 0.006999
12 0.203230 0.106909 0.010183 0.006999
12 0.699884 0.106683 0.010765 0.007451
12 0.440064 0.104425 0.010183 0.006999
12 0.375473 0.104200 0.010183 0.007451
12 0.324265 0.103748 0.010183 0.007451
12 0.726797 0.103522 0.010474 0.007902
12 0.350451 0.101039 0.010765 0.007902
12 0.254001 0.100587 0.010474 0.007451
12 0.768112 0.100135 0.010474 0.006999
12 0.414460 0.097652 0.009601 0.007451
12 0.227669 0.097200 0.010765 0.007451
12 0.792988 0.096749 0.010183 0.006999
12 0.818301 0.094039 0.010765 0.007451
12 0.176462 0.094265 0.010765 0.008354
12 0.843905 0.090878 0.010765 0.007451
1 0.124673 0.114586 0.022403 0.045834
4 0.147512 0.103748 0.009892 0.018289
3 0.289060 0.162452 0.007856 0.015579
4 0.147949 0.248476 0.009019 0.018740
4 0.287605 0.107586 0.008438 0.018740
1 0.124091 0.259652 0.022403 0.045608
1 0.124673 0.187514 0.022985 0.045834
4 0.312482 0.315534 0.009310 0.018740
4 0.148240 0.327726 0.009019 0.018289
4 0.166861 0.163581 0.009019 0.018289
4 0.147367 0.175999 0.009601 0.018289
4 0.665988 0.314857 0.008729 0.018289
4 0.522694 0.324791 0.008438 0.018289
3 0.722869 0.323662 0.007274 0.019643
3 0.834303 0.226801 0.007856 0.019643
4 0.281786 0.321856 0.008438 0.018289
3 0.302444 0.459585 0.007274 0.019643
4 0.148385 0.471325 0.009310 0.018289
1 0.125691 0.411267 0.022112 0.045383
4 0.148531 0.399977 0.009019 0.018289
1 0.125255 0.701400 0.022403 0.045834
3 0.631219 0.248250 0.007274 0.019192
1 0.125255 0.339016 0.021821 0.045383
5 0.458103 0.400203 0.007856 0.015579
4 0.554990 0.698465 0.009019 0.019192
1 0.125546 0.628923 0.022985 0.045383
4 0.194792 0.459585 0.008438 0.018289
4 0.316119 0.677467 0.009019 0.018289
3 0.835758 0.625988 0.007856 0.019643
1 0.125546 0.483292 0.021821 0.045834
4 0.801426 0.625988 0.009019 0.018289
4 0.831976 0.387559 0.009019 0.018740
4 0.558481 0.626214 0.008438 0.019192
4 0.149113 0.617182 0.009019 0.018289
1 0.125836 0.772296 0.021821 0.044931
4 0.784841 0.720366 0.009601 0.018289
4 0.148385 0.689433 0.009310 0.018289
3 0.589322 0.625988 0.007274 0.019192
4 0.148240 0.544480 0.009019 0.018289
1 0.125546 0.555995 0.022403 0.045834
4 0.148676 0.761233 0.009310 0.018289
1 0.126418 0.858546 0.022403 0.045834
4 0.148967 0.847934 0.009310 0.018289
4 0.429444 0.312825 0.009310 0.018289