7 0.706107 0.871396 0.012918 0.015664
7 0.682032 0.871169 0.012918 0.016118
10 0.844392 0.867196 0.013506 0.005902
6 0.809160 0.867991 0.007634 0.010216
7 0.763652 0.871169 0.012918 0.016572
6 0.730476 0.871169 0.011157 0.023837
7 0.232237 0.809421 0.011744 0.015210
6 0.268056 0.808967 0.010570 0.023383
6 0.498238 0.808854 0.009395 0.024064
7 0.535819 0.738593 0.012331 0.016118
6 0.573693 0.738593 0.010570 0.023383
7 0.485320 0.532463 0.012918 0.015664
7 0.403699 0.532690 0.012918 0.015210
7 0.334703 0.532463 0.012331 0.015664
7 0.553435 0.532236 0.012918 0.015664
7 0.259248 0.532463 0.012918 0.015210
7 0.191427 0.532009 0.012331 0.016118
7 0.727246 0.531555 0.012918 0.015664
7 0.253376 0.454824 0.012918 0.015210
7 0.485614 0.454824 0.012331 0.015664
7 0.692014 0.454597 0.012918 0.015664
7 0.623605 0.454370 0.012331 0.016118
7 0.547270 0.454597 0.012331 0.015664
7 0.191427 0.454370 0.012331 0.015210
7 0.833823 0.453916 0.012331 0.016572
7 0.766588 0.454370 0.012918 0.015664
7 0.384615 0.388990 0.012918 0.015664
7 0.680564 0.388763 0.012918 0.016572
7 0.250440 0.388990 0.012331 0.015210
7 0.828244 0.388763 0.012331 0.017026
7 0.758074 0.388990 0.012918 0.015664
7 0.460070 0.388990 0.012331 0.015664
7 0.606577 0.388763 0.012918 0.015664
7 0.525837 0.388763 0.012331 0.015664
7 0.189078 0.388536 0.012918 0.015210
7 0.324134 0.388536 0.011744 0.015664
7 0.825015 0.317253 0.011744 0.017480
7 0.405755 0.317934 0.011744 0.016118
7 0.687317 0.317480 0.012331 0.016572
7 0.627422 0.317707 0.012331 0.016118
7 0.270992 0.317707 0.012331 0.016118
7 0.764827 0.317253 0.012331 0.016572
7 0.485907 0.317707 0.012331 0.016572
7 0.344686 0.317480 0.012918 0.016118
7 0.553729 0.317253 0.012918 0.017026
7 0.195537 0.317253 0.012918 0.016118
7 0.659425 0.245289 0.012331 0.015664
7 0.584263 0.245743 0.012331 0.015664
7 0.216383 0.245289 0.012918 0.015664
7 0.195537 0.245516 0.012331 0.015210
7 0.824134 0.245289 0.012918 0.016118
7 0.492073 0.245743 0.012331 0.016118
7 0.432766 0.245970 0.012331 0.016572
7 0.749266 0.245062 0.012331 0.015664
7 0.261304 0.181952 0.012331 0.015210
7 0.341163 0.181271 0.012331 0.015210
7 0.192308 0.181271 0.012918 0.015664
7 0.491779 0.181271 0.012918 0.016118
7 0.410159 0.181271 0.012918 0.016118
7 0.688491 0.181044 0.012918 0.016118
7 0.629184 0.181271 0.012918 0.016572
7 0.560188 0.181044 0.013506 0.016118
7 0.830299 0.181044 0.012331 0.016572
7 0.762772 0.180817 0.013506 0.016118
6 0.304756 0.181271 0.005285 0.028831
7 0.530828 0.117480 0.012331 0.016118
7 0.508808 0.117821 0.012918 0.016799
7 0.816794 0.117480 0.013506 0.016572
7 0.750147 0.117253 0.012918 0.016118
12 0.616706 0.883655 0.010276 0.007491
12 0.314298 0.880250 0.010276 0.007491
12 0.271433 0.877526 0.010276 0.007037
12 0.593805 0.877299 0.010276 0.007491
12 0.568555 0.873893 0.010276 0.007037
12 0.203611 0.873893 0.009689 0.007037
12 0.339841 0.873893 0.010863 0.007491
12 0.657369 0.871169 0.010570 0.007037
11 0.171609 0.870942 0.010276 0.007491
12 0.365238 0.867991 0.009982 0.006583
12 0.538168 0.867764 0.009982 0.007491
12 0.394891 0.861862 0.009982 0.007037
12 0.508074 0.861862 0.010276 0.007491
11 0.239430 0.861635 0.009689 0.007037
12 0.418233 0.858683 0.010276 0.007037
12 0.484586 0.855505 0.010276 0.007946
12 0.442895 0.852554 0.010276 0.007491
12 0.529213 0.812372 0.010276 0.006583
12 0.850264 0.809875 0.010570 0.007491
12 0.795802 0.806697 0.010276 0.006583
11 0.764680 0.803292 0.011450 0.007037
12 0.665737 0.803292 0.010863 0.007491
11 0.632267 0.800568 0.010863 0.007491
11 0.818409 0.800114 0.010863 0.007037
12 0.717704 0.800114 0.010276 0.007037
12 0.415297 0.799886 0.010276 0.007491
12 0.298150 0.799659 0.009689 0.007037
12 0.465208 0.796935 0.011450 0.007037
11 0.689518 0.796935 0.010276 0.007491
12 0.592924 0.796935 0.009689 0.007491
11 0.388285 0.796708 0.010276 0.007491
11 0.436289 0.793757 0.009982 0.007037
11 0.559748 0.793757 0.010276 0.007491
12 0.346007 0.793530 0.010276 0.007491
11 0.320170 0.789671 0.010276 0.007037
11 0.208015 0.778320 0.010276 0.007491
11 0.170875 0.778320 0.010570 0.007491
12 0.735026 0.732690 0.010863 0.006583
12 0.607311 0.732690 0.010863 0.007037
12 0.205666 0.732690 0.010863 0.007037
12 0.322519 0.732690 0.010863 0.007491
12 0.370669 0.730193 0.009689 0.007037
12 0.657223 0.729966 0.010863 0.007037
12 0.252936 0.729966 0.010276 0.007037
11 0.171022 0.729966 0.010863 0.007037
12 0.787581 0.729739 0.010863 0.007037
11 0.757634 0.726788 0.010863 0.007491
11 0.344099 0.726788 0.010570 0.007491
11 0.629331 0.726561 0.010276 0.007491
11 0.225338 0.726561 0.010276 0.007491
11 0.698326 0.723610 0.010863 0.007037
11 0.289783 0.723383 0.009982 0.007037
11 0.470200 0.717026 0.010276 0.007946
17 0.417058 0.717026 0.012038 0.007946
11 0.506312 0.716572 0.010863 0.008400
17 0.833235 0.707264 0.011744 0.007491
12 0.527745 0.674120 0.010276 0.007037
11 0.209924 0.670942 0.009982 0.007037
11 0.171462 0.670942 0.009982 0.007037
11 0.495009 0.671169 0.010570 0.007946
12 0.459336 0.667991 0.010863 0.007037
11 0.557986 0.667764 0.010863 0.007037
11 0.261010 0.667991 0.010570 0.007491
12 0.584410 0.661862 0.010863 0.007946
11 0.839401 0.658683 0.010570 0.006583
12 0.414416 0.658910 0.010276 0.007037
11 0.434087 0.655732 0.010863 0.007037
11 0.624046 0.655505 0.010276 0.007037
12 0.655167 0.652100 0.010276 0.007491
12 0.344392 0.649376 0.011157 0.007037
11 0.381679 0.646652 0.010570 0.007946
11 0.675426 0.646198 0.010863 0.007491
12 0.290957 0.642565 0.010570 0.007037
11 0.312390 0.639387 0.009982 0.007946
11 0.804610 0.636209 0.009689 0.007037
17 0.751762 0.636436 0.011450 0.007491
12 0.707428 0.633485 0.010276 0.008400
12 0.626101 0.606697 0.010863 0.007491
11 0.650470 0.603292 0.010276 0.007037
12 0.681591 0.600568 0.010276 0.007037
11 0.600558 0.600341 0.010276 0.006583
12 0.563564 0.600795 0.010276 0.007491
11 0.843365 0.600341 0.010863 0.007037
11 0.717851 0.596935 0.009982 0.007491
12 0.513946 0.591260 0.010863 0.007491
11 0.176307 0.591260 0.010863 0.007491
11 0.486054 0.588309 0.010276 0.007491
12 0.743247 0.587855 0.010276 0.007491
12 0.454052 0.584904 0.009689 0.007037
11 0.541544 0.584677 0.010863 0.007037
12 0.200822 0.584904 0.010570 0.007491
11 0.807546 0.581725 0.010276 0.007037
11 0.762331 0.581271 0.010276 0.007037
11 0.219025 0.578547 0.010570 0.007491
12 0.402965 0.578547 0.010276 0.007946
11 0.378303 0.575369 0.010276 0.007946
17 0.336025 0.575255 0.011450 0.007719
17 0.283764 0.575142 0.011450 0.007946
12 0.245302 0.572872 0.009689 0.007037
11 0.423517 0.572191 0.010276 0.007037
11 0.767029 0.547673 0.010276 0.007037
12 0.792278 0.541317 0.010276 0.007037
11 0.818996 0.534960 0.010863 0.007037
12 0.852026 0.528604 0.010570 0.007037
12 0.575602 0.522928 0.010276 0.007037
12 0.508074 0.519523 0.010276 0.007491
12 0.533617 0.516345 0.009689 0.007491
11 0.666618 0.513167 0.010276 0.007491
17 0.619348 0.513167 0.010863 0.007491
12 0.431738 0.512713 0.010276 0.007037
11 0.698620 0.512486 0.010863 0.007037
12 0.464768 0.509989 0.010570 0.007946
12 0.361274 0.507264 0.010276 0.007037
12 0.216823 0.506810 0.010276 0.006583
12 0.237522 0.503859 0.009982 0.007037
12 0.383735 0.503859 0.009982 0.007491
12 0.170141 0.503178 0.010863 0.008400
12 0.281562 0.500454 0.009982 0.007491
12 0.314592 0.497503 0.010863 0.007491
12 0.342777 0.482293 0.009689 0.007946
12 0.362449 0.475936 0.010276 0.007946
12 0.383881 0.470034 0.009689 0.007037
12 0.402965 0.463678 0.010276 0.007037
12 0.423811 0.460499 0.009689 0.007037
12 0.317234 0.460045 0.010276 0.007037
12 0.457722 0.457548 0.010570 0.006583
12 0.274956 0.457548 0.010276 0.007037
12 0.508074 0.448014 0.010276 0.007037
12 0.211979 0.448014 0.010570 0.007037
12 0.529507 0.441657 0.010863 0.007037
12 0.232678 0.441430 0.010276 0.007491
12 0.169701 0.441430 0.010570 0.007491
12 0.569730 0.435301 0.010276 0.007946
12 0.854228 0.429171 0.010863 0.007037
12 0.790517 0.429171 0.010276 0.007037
12 0.650470 0.428944 0.010863 0.007037
12 0.712860 0.428831 0.009982 0.007264
12 0.602466 0.426220 0.010570 0.007946
12 0.812096 0.425993 0.011157 0.007946
12 0.744715 0.425993 0.010276 0.007946
12 0.671315 0.425539 0.010276 0.008400
12 0.578831 0.404767 0.010276 0.007719
12 0.578244 0.392168 0.010276 0.007037
12 0.627716 0.398297 0.009982 0.007491
12 0.652819 0.392168 0.010276 0.007037
12 0.543893 0.388536 0.010863 0.007946
12 0.849237 0.382633 0.010863 0.006583
12 0.703024 0.382633 0.010863 0.007037
12 0.503670 0.382179 0.010276 0.007037
12 0.439078 0.379909 0.010276 0.007491
12 0.785526 0.379455 0.010276 0.007491
12 0.481797 0.376277 0.010570 0.007491
12 0.405021 0.376277 0.010276 0.007491
12 0.365385 0.369921 0.009689 0.007491
12 0.304756 0.369467 0.009982 0.007491
12 0.270552 0.366742 0.010276 0.007946
12 0.805197 0.366288 0.010863 0.007491
12 0.343952 0.366515 0.010276 0.007946
12 0.737522 0.366061 0.010570 0.007946
12 0.169260 0.360613 0.010863 0.007491
12 0.230769 0.360386 0.010570 0.007946
12 0.210511 0.356527 0.009982 0.007491
12 0.168967 0.339047 0.011450 0.007946
12 0.217264 0.333371 0.010570 0.007491
12 0.243834 0.323837 0.010863 0.007491
12 0.459630 0.321112 0.010276 0.007037
12 0.427921 0.318161 0.010863 0.007491
12 0.291838 0.317480 0.009982 0.007037
12 0.713300 0.314415 0.010276 0.007264
12 0.513946 0.314302 0.009689 0.007491
12 0.387111 0.311805 0.010863 0.007491
12 0.325308 0.311351 0.010570 0.007491
12 0.533764 0.311351 0.010570 0.007946
12 0.744275 0.311124 0.010570 0.007946
12 0.365972 0.308627 0.009689 0.006583
12 0.574134 0.308400 0.010276 0.006583
12 0.668379 0.305221 0.010863 0.007491
12 0.608191 0.305221 0.010863 0.007491
12 0.785526 0.304994 0.010276 0.007491
12 0.648121 0.302043 0.010276 0.007491
12 0.804316 0.296368 0.010276 0.007491
12 0.851879 0.292281 0.010276 0.007491
12 0.797857 0.270261 0.010276 0.007037
12 0.846007 0.264359 0.010276 0.007037
11 0.287287 0.261748 0.009689 0.007264
11 0.236935 0.261407 0.009982 0.007037
12 0.723870 0.261407 0.010276 0.007491
12 0.679830 0.258456 0.010276 0.007491
12 0.769671 0.258002 0.010276 0.007037
12 0.515414 0.255278 0.010276 0.007491
12 0.314005 0.255051 0.010276 0.007491
11 0.341456 0.252100 0.009982 0.007037
12 0.632560 0.251873 0.010276 0.007037
12 0.558426 0.251873 0.010570 0.007037
12 0.368908 0.249149 0.010276 0.006583
12 0.605549 0.248695 0.010276 0.007037
12 0.168086 0.248468 0.010276 0.006583
12 0.472989 0.245743 0.010570 0.007946
12 0.412948 0.245516 0.010276 0.007491
12 0.452877 0.242792 0.010276 0.006583
12 0.385056 0.207151 0.010863 0.007037
12 0.467998 0.203519 0.010570 0.007946
12 0.429389 0.200341 0.010276 0.007037
12 0.317821 0.197389 0.010276 0.007491
12 0.512772 0.197162 0.010276 0.007491
12 0.281268 0.194211 0.010570 0.007037
12 0.360393 0.194211 0.010863 0.007491
12 0.847769 0.193530 0.010863 0.007037
12 0.782149 0.190352 0.010570 0.007037
12 0.235907 0.187855 0.010863 0.007037
12 0.167939 0.187855 0.010570 0.007037
12 0.535379 0.187628 0.010863 0.007491
12 0.805490 0.187174 0.010863 0.007037
12 0.212126 0.184449 0.010276 0.007491
12 0.736494 0.183995 0.010276 0.007037
12 0.706547 0.181498 0.010276 0.007946
12 0.580887 0.181498 0.010276 0.007946
12 0.668086 0.175142 0.010863 0.007037
12 0.609072 0.175369 0.010276 0.007491
12 0.649295 0.171964 0.010863 0.007037
12 0.265854 0.139274 0.010863 0.007946
17 0.432766 0.136776 0.011744 0.007037
17 0.432619 0.127242 0.010863 0.007037
12 0.482824 0.136322 0.010276 0.007037
12 0.482237 0.126788 0.010276 0.007037
11 0.371257 0.135868 0.010863 0.007037
17 0.314592 0.136095 0.010863 0.007491
11 0.602319 0.133371 0.010863 0.007037
11 0.553582 0.133371 0.010863 0.007037
11 0.233852 0.133144 0.010276 0.006583
12 0.200969 0.132917 0.010276 0.007037
11 0.173958 0.129739 0.010276 0.007037
12 0.630358 0.127015 0.010570 0.007037
12 0.839841 0.126788 0.010276 0.007037
11 0.657223 0.124064 0.010276 0.007491
12 0.685115 0.120658 0.010863 0.007037
12 0.796389 0.117253 0.010276 0.007037
12 0.726659 0.117253 0.010570 0.007037
12 0.771726 0.114302 0.010276 0.006583
1 0.116999 0.116345 0.022607 0.046084
4 0.419113 0.126788 0.009102 0.019296
4 0.139900 0.104767 0.009689 0.018388
1 0.116412 0.180136 0.022607 0.045630
5 0.162801 0.126788 0.008514 0.016118
5 0.254991 0.136776 0.008514 0.015210
4 0.139313 0.168785 0.009689 0.018388
4 0.140194 0.441657 0.009102 0.018388
4 0.839841 0.292963 0.009102 0.018388
5 0.222989 0.129739 0.007927 0.015664
4 0.778479 0.429171 0.009102 0.018388
4 0.774075 0.379909 0.009102 0.018842
4 0.139900 0.233031 0.009689 0.018842
1 0.116265 0.244381 0.023488 0.046084
4 0.139900 0.304994 0.009102 0.018388
4 0.521873 0.516799 0.009102 0.018842
4 0.277892 0.643246 0.009102 0.018388
4 0.832795 0.600795 0.009102 0.018388
4 0.205079 0.507264 0.008514 0.018842
1 0.117293 0.316118 0.022607 0.046084
4 0.306371 0.460045 0.009102 0.018388
4 0.638139 0.429625 0.009102 0.018842
4 0.529360 0.584904 0.009982 0.017934
3 0.841309 0.528604 0.007927 0.019296
4 0.349824 0.507719 0.009102 0.018388
3 0.612302 0.655959 0.007340 0.020204
4 0.701556 0.314983 0.008514 0.019296
1 0.116999 0.386493 0.023194 0.046084
4 0.331621 0.482066 0.009102 0.018842
4 0.501615 0.314869 0.009102 0.019069
1 0.118467 0.452781 0.022020 0.046084
4 0.140194 0.519523 0.009102 0.018842
4 0.165150 0.591260 0.009102 0.018842
1 0.118614 0.737684 0.022901 0.045630
4 0.525984 0.868218 0.009102 0.018842
1 0.118761 0.869580 0.022607 0.046084
3 0.752349 0.803519 0.007340 0.019750
1 0.118174 0.808059 0.022607 0.045630
4 0.755578 0.547446 0.007927 0.018842
3 0.443629 0.585131 0.007634 0.019750
4 0.653699 0.803292 0.008514 0.018842
4 0.581180 0.796935 0.009102 0.018842
4 0.193042 0.732690 0.009689 0.018388
4 0.140928 0.584449 0.009395 0.018842
4 0.331914 0.649149 0.009102 0.018842
3 0.695097 0.633712 0.007340 0.019296
4 0.669847 0.599659 0.008514 0.021112
1 0.118174 0.595800 0.022020 0.046084
4 0.161039 0.671169 0.009102 0.018842
4 0.419407 0.513621 0.008514 0.018388
1 0.117880 0.530420 0.022020 0.046084
4 0.310188 0.732690 0.009102 0.018842
4 0.556518 0.874120 0.009102 0.019750
4 0.142249 0.796935 0.009689 0.018842
4 0.516588 0.674120 0.008514 0.018388
4 0.502936 0.591373 0.008808 0.019069
4 0.140781 0.375596 0.009689 0.018842
4 0.142249 0.858456 0.009689 0.018388
1 0.118761 0.666402 0.022020 0.045630
4 0.402085 0.659364 0.008514 0.018388
4 0.141955 0.655278 0.009689 0.018842
4 0.141662 0.726561 0.009102 0.018842
4 0.643423 0.652100 0.009689 0.018842
3 0.377129 0.796708 0.007340 0.019750
4 0.722402 0.732804 0.009102 0.019069
4 0.595567 0.732690 0.009102 0.018388